0.0 0.5232100152526438 1.6094379124341005 
0.0 1.2115206605322084 1.6094379124341005 
0.0 1.4108545789957643 1.6094379124341005 
0.0 1.490579420365887 1.6094379124341005 
0.0 1.5271713657633155 1.6094379124341005 
0.6870920273799715 1.5454529048438772 1.6094379124341005 
0.9160681370152876 1.5546603498778615 1.6094379124341005 
0.9745701894462542 1.5608876941522112 1.6094379124341005 
0.9666748303197921 1.5637156690113598 1.6094379124341005 
1.07047454517315 1.565804945339149 1.6092803485456117 
1.1246702892376168 1.5669171513395985 1.6094379124341005 
1.1239722184846073 1.5676459692798863 1.6094379124341005 
1.23842035721397 1.567877633746698 1.6092035920525098 
1.2827524180247727 1.5681588658711914 1.6092369469257046 
1.2729267194498166 1.5684157715366498 1.6093469836297638 
1.282523643431489 1.5678088896614475 1.6094050384237106 
1.3292220059732442 1.5676515047925943 1.6093632312126642 
1.3385794324684648 1.5676939830029233 1.609352580546786 
1.3453566697944794 1.5677091390600852 1.609360912003581 
1.3351760230552165 1.5674488820192298 1.609326622643025 
1.344321409402403 1.5674414654569075 1.6092145547062946 
1.3453647024738005 1.5674087971877515 1.6092725980608742 
1.3661026360348942 1.5670808153780749 1.6092875664695594 
1.374314470404568 1.566977025468729 1.609139346510426 
1.3813562280178913 1.5666492196221193 1.6089735218128018 
1.3813341014897058 1.56654757514008 1.608948679446217 
1.384373016396653 1.5665303719897525 1.6089774559277192 
1.3933301577584036 1.5665857941216377 1.6089584519770812 
1.3896349875586662 1.566671803297942 1.608957768471957 
1.389965433068093 1.5665035546816473 1.6089228574759302 
1.3825198239692447 1.566578119326899 1.6088459900171432 
1.3730686614667242 1.5665000172617314 1.6088544158449019 
1.3817981023088084 1.566316694907001 1.6087796023307286 
1.3754060422897454 1.5662371682109946 1.6087500579580292 
1.3727466150680283 1.5661601681503352 1.608731800893524 
1.3796260613457196 1.5662361368175544 1.60874945768945 
1.3765812819729015 1.566120371844819 1.6087793712720369 
1.3733905002273068 1.5660877199345749 1.6087314395307464 
1.3652453611285646 1.5659116787007354 1.608739755200675 
1.3686603326555016 1.5659002673416909 1.6087915940483475 
1.3725497949973917 1.5658733407039345 1.6088019613134765 
1.3763518067852862 1.5658279149193657 1.6088555919079564 
1.3770667579261764 1.565718351913639 1.6088857525651648 
1.3752710654140323 1.565682725178351 1.6088579432375092 
1.3661457362849196 1.5656200756741032 1.6088578388369772 
1.3593533771171602 1.5656179150961045 1.6088895102784941 
1.3642337722904183 1.5654955392083545 1.608896018686404 
1.3682330159402785 1.5654013026522 1.6088834294094074 
1.3698486936598253 1.565316210822737 1.608886457841695 
1.3758121962766325 1.5652928596540094 1.6088961282918983 
1.3833585669296493 1.565234087457784 1.6089473187716445 
1.379099353502297 1.5651668086686878 1.60894447735634 
1.382232414075876 1.5652077367588646 1.6089552911889267 
1.3784821044569235 1.5650968786157458 1.6089315154244619 
1.380041013589266 1.564983852512749 1.6089501652585125 
1.386642876845048 1.56502419986599 1.6089658452765814 
1.3825198754762862 1.5651008278523002 1.6089877957646312 
1.3789615139953184 1.5651275261600437 1.6089827658341842 
1.3739813622845936 1.5651405382087997 1.6089746500285664 
1.3785119962894334 1.565163963766582 1.608983474356581 
1.3764087088859691 1.5651773648854688 1.6089449604361423 
1.387166698899912 1.5651606050411293 1.608954238125165 
1.387028798157488 1.5651413412750481 1.6089354111801972 
1.3909598543831512 1.565117846013842 1.608935951319293 
1.3927289721457696 1.5650911176909708 1.6089308042122081 
1.3990911586147239 1.5650150438993637 1.608919513121384 
1.4024708540998059 1.5648764422320844 1.6089200726410116 
1.403577514633694 1.5648647211312765 1.6088895293391785 
1.4056531704291777 1.564833654852198 1.6088886398654931 
1.4049494406045673 1.5648455907999723 1.6088878225295664 
1.4067582819585407 1.56482962805268 1.6088738155485633 
1.4144299192744039 1.5647729394494583 1.6088826783181864 
1.4146094586273552 1.564803970949483 1.6088718240239241 
1.4168315915829648 1.5647343049446614 1.6088922574494777 
1.4145543149219795 1.5647346043443715 1.6089134579804676 
1.4132952976170436 1.5647295575205795 1.6088926841996412 
1.4148216430258986 1.5646825683083854 1.6088857051141077 
1.4193185374929602 1.5646850894543929 1.6088951673251728 
1.4197694497704285 1.5647591871123652 1.6089107826885973 
1.4211987268265454 1.564786235629595 1.6088992081884228 
1.416466334899264 1.5647087460195097 1.6088722925616228 
1.4131545256271958 1.5646192053401897 1.6088780013815975 
1.4155491602447094 1.5646080387373735 1.608875456660789 
1.4146018289920457 1.5646254924123661 1.6088792461216512 
1.4185083072846576 1.5645408058249066 1.6088620615666407 
1.4231455429819346 1.5645465371391425 1.608852977062992 
1.426546495445107 1.5645332321356553 1.6088250829375685 
1.4245109365531712 1.5645452759683036 1.6088282529979594 
1.4256928916841412 1.564557979087113 1.6088507995951176 
1.4248002162025142 1.5645459077372819 1.6088230121657214 
1.4226974686916674 1.564484739998497 1.6088176558281662 
1.4228468741089566 1.5644539069726926 1.6088311487974476 
1.420757471794208 1.564291848678483 1.6088211537713941 
1.4219673932586103 1.5642510112050756 1.6088409802215553 
1.4251061003092176 1.564275812610219 1.6088149705485377 
1.4232718982547972 1.5642317037138487 1.6087989718914695 
1.4255201071476076 1.5641861473608438 1.608795895502072 
1.4265759618195502 1.5641952440205258 1.6087836032256035 
1.4284695103778327 1.564221951236188 1.6087860616485963 
1.4333055506644206 1.5641455593568678 1.608791164600971 
1.4348970353347497 1.5641520413375833 1.6087663130233996 
1.4363935415101843 1.5641384493317634 1.6087693817099669 
1.4357860734964307 1.5641335641312912 1.6087660082117516 
1.4354244639483322 1.5640847080299023 1.6087888638368075 
1.4351935633450028 1.5640819882267065 1.6087956100978225 
1.4377940082231226 1.5640828071815587 1.6087696291058415 
1.4402320198750698 1.56407451950676 1.608787111333159 
1.4420461382000556 1.5640524547303694 1.6087874452605795 
1.4386222402053166 1.5640460642858336 1.6087915825024743 
1.4378804353250367 1.5640472280293187 1.6087920137357021 
1.4373712152217353 1.5640315251644012 1.6087834923147688 
1.4356937665319873 1.564039378756712 1.6087937190651505 
1.4363752131041 1.564065924350496 1.6087854561101727 
1.437259377975622 1.5640712917123378 1.6087822650463002 
1.438378592321234 1.5640512048720858 1.6087921614643736 
1.4381762802549276 1.564047401344623 1.6087917087463421 
1.43867896168355 1.564008575918974 1.608796033088486 
1.4380033017967202 1.564029111367242 1.6087888044575023 
1.4373012361728084 1.5640259704907324 1.6087881016863108 
1.4360122168364424 1.5640133245583954 1.6087858907432333 
1.4355038024153641 1.5640384171852995 1.6087825006094971 
1.433814798289934 1.564072856103003 1.6087833007206194 
1.4340765702884115 1.5640521871619133 1.6087780751415648 
1.433713324800483 1.5640691208996689 1.6087680172222694 
1.435074765570127 1.5641132417500847 1.6087551966315803 
1.434807213048494 1.5640639384875672 1.6087418210882463 
1.435434364735404 1.5640504614139592 1.6087617187848426 
1.436702191516023 1.564002731969626 1.6087612645123932 
1.4362869194631147 1.5640080153051856 1.6087685096423687 
1.437477680401511 1.563969907662136 1.6087591893120021 
1.4377603368602534 1.5639864513323056 1.608737573937766 
1.4374211284115292 1.5639534899710796 1.6087360282058374 
1.4374807176802558 1.5639335664053453 1.6087416321104642 
1.4373582774582512 1.5639344898784122 1.6087450047530731 
1.4367841584457 1.5639501047825983 1.6087204556855002 
1.4353635981736257 1.5639218541106987 1.6086974757667722 
1.4362332107340616 1.5639049398712765 1.6086888310773613 
1.4384125937703673 1.5639267594501471 1.6086898927940874 
1.439145623290429 1.5639305242334063 1.6086837578390207 
1.4412917243171584 1.563902036060095 1.6086990511470187 
1.4409025943300278 1.5639071030501686 1.6087049967206308 
1.4403888838712473 1.5639162060352223 1.6086842941004806 
1.4420876077018678 1.5638655623270057 1.6086842911975456 
1.4424452833493806 1.5638431495432552 1.6086919169635367 
1.4426104083267188 1.563850152024823 1.6086876710254807 
1.44222241739952 1.5638554952795893 1.608693670270307 
1.4432400352315033 1.563869221541888 1.6086782777833473 
1.4448477461923062 1.563878724194299 1.6086512832244155 
1.4453026959080568 1.5638593715452012 1.6086264968463544 
1.4459655253931016 1.5638708159466677 1.6086149311677438 
1.4464623241682961 1.5638818618448285 1.6086226963411914 
1.4462005909457052 1.5638462175159664 1.6086087766652883 
1.4456679648016801 1.5638284939550235 1.608590802181972 
1.445441523526986 1.5638346570150894 1.608580860803421 
1.4438661127704093 1.56380956101339 1.608592555191429 
1.444701050348031 1.5638171898213593 1.6085928242581033 
1.4466682700469613 1.5638343468529476 1.6086105403763873 
1.4482332084213705 1.563820678613733 1.6086123415624098 
1.4501432773119123 1.5638148146827473 1.6086081828133811 
1.4494008219908012 1.5638336810714357 1.6086210627671638 
1.45124335668052 1.5638495419992509 1.6086276144493137 
1.4501263205480628 1.5638215347137383 1.6086266542979994 
1.4487639359157984 1.563839050070476 1.6086310821219572 
1.4480438254180452 1.5638101553065658 1.6086417323484614 
1.4484532609190406 1.5637853037568343 1.6086652521676617 
1.4478036936043606 1.5637820262382414 1.6086826963473455 
1.4480973424163928 1.563779908447064 1.608688431712966 
1.4474239763057735 1.5638004518725919 1.6086865462488062 
1.4464766371007165 1.563796467132846 1.6086696938912737 
1.44580016389154 1.5638056381479237 1.6086780638787543 
1.4451605204472915 1.563824039658376 1.6086620332586299 
1.44531531426623 1.5638406313452426 1.60866207032556 
1.4443839287509581 1.5638261436753376 1.6086641453885346 
1.444793368037196 1.5638217821616878 1.608672120862201 
1.4462433721041488 1.563831724743317 1.608677423355345 
1.4453264364732235 1.5638166606940576 1.6086798697019673 
1.445713513094876 1.5638221620040282 1.6086926867127693 
1.4449474127347255 1.5638062114236637 1.6086911968680273 
1.445334636963162 1.5637838960580734 1.6087076631819603 
1.443578617026196 1.5637974543763293 1.6087057435953238 
1.443862227658243 1.5638310355977358 1.6087113567600904 
1.4462584079264804 1.5638589544617154 1.608706212963766 
1.4477294881849643 1.5638705493009766 1.608706918499912 
1.4468568229644065 1.5638885928958048 1.6087039836977484 
1.4480817732890978 1.563899438303003 1.6087016469976727 
1.4481897115591733 1.5639062420075862 1.60870379562775 
1.4484459349301653 1.563908304237084 1.6086989937337703 
1.4478530095764417 1.563894739547042 1.6086775255940273 
1.4472528942488752 1.5638899023545456 1.6086782676207498 
1.4475833604479098 1.5638791978879476 1.6086595787336153 
1.4469735365544198 1.5638701582135952 1.6086550389461447 
1.4472170327411573 1.5638907369551727 1.6086586879949472 
1.446506900441253 1.5638958766351494 1.608660139177983 
1.4478922757246855 1.563890212255291 1.608659806986122 
1.4471807757959034 1.5638731655846227 1.608669319924789 
1.4474854181314716 1.5638968924529422 1.608658189753141 
1.4469476271823472 1.563905773733428 1.6086783745761795 
1.446243552813272 1.5639180423148091 1.6086826795717224 
1.4475892668713692 1.5639198783729182 1.6086756399044173 
1.4478497640444936 1.5639367375308606 1.6086835396897017 
1.4481639721774355 1.5639483111736046 1.6086820888020825 
1.4476159596520428 1.563949829514341 1.6086817310246861 
1.4460766220236647 1.5639468146378936 1.6086813261402564 
1.4453227256809709 1.563939906025754 1.6086589588644036 
1.4455571918229515 1.5639348051077009 1.6086492595762336 
1.4448038149872358 1.5639399306871646 1.608653719101417 
1.4441383207706877 1.5639535524497339 1.6086567037002237 
1.4444495735036968 1.5639728808489513 1.6086605364784772 
1.4447471475864064 1.5639626216595404 1.6086477628897908 
1.4452165193427087 1.5639761693357177 1.6086552784615615 
1.4437287848305527 1.5639903081596045 1.6086386949255898 
1.443079211605729 1.5640082831494229 1.6086320598473705 
1.4432963602523796 1.564022162052251 1.6086313120618239 
1.4428299694503806 1.564024904868766 1.6086238136807345 
1.4430977725959055 1.5640246119369852 1.6086225947485469 
1.4441803184722364 1.5640131370538841 1.608628700222295 
1.4427273215546372 1.5640069196494728 1.608628537934906 
1.4420990496310788 1.564009018675233 1.6086347518199189 
1.4415982302678887 1.5640172471498575 1.6086208190832423 
1.4408873115553442 1.5640153106802988 1.6086329025301371 
1.4421711137523143 1.5640259501184068 1.6086410476193618 
1.4432274557614937 1.564033522067071 1.6086540868056047 
1.4436765075788605 1.5640205301419317 1.6086461486907584 
1.4432039518140103 1.5640203300993467 1.608647587405892 
1.4435108474898428 1.5640367345288655 1.6086336694094876 
1.4428075867413723 1.5640379093724375 1.608628241279831 
1.4422086613648752 1.564038154936441 1.6086271571150954 
1.4416072164849072 1.5640235098556734 1.608637010913499 
1.4420610458841456 1.563998687639134 1.6086197951847347 
1.4422997747916615 1.5639910988334447 1.6086121987999387 
1.4417111049745208 1.564000430398949 1.6086121681796455 
1.4420256129459879 1.5639921475073175 1.608608027268155 
1.443900216043814 1.5639898848682108 1.608620188842505 
1.4450699860294196 1.5639934449010013 1.6086343340491338 
1.4444786504684397 1.5639945085537317 1.608640601687045 
1.4445524227233397 1.5639919579830575 1.6086390041238274 
1.4438987577463656 1.5639424843673126 1.6086423937172896 
1.4450514190380372 1.563936952548273 1.6086423339770426 
1.4453211106724935 1.5639298961774837 1.608630852377789 
1.4470959440915427 1.5639337696946873 1.6086342232597453 
1.4458053216616147 1.563940639738698 1.6086282375762597 
1.446020229072211 1.5639498845686133 1.6086225268621395 
1.4460809770040268 1.5639593280111648 1.6086216208313409 
1.4464906012428016 1.5639644658364604 1.6086290018368696 
1.4467458235872963 1.5639685743634284 1.6086220387854617 
1.4478266631042132 1.5639659034238567 1.608621709761334 
1.447396871197588 1.5639806721721037 1.608622106790842 
1.4476425977823126 1.5639855894356893 1.6086052129583661 
1.4463987911922827 1.5639829657402413 1.6086041993857023 
1.4459675446931095 1.5639840568148853 1.6086046828137754 
1.4469741065853523 1.5639977419580788 1.6086054649562163 
1.4478490842439355 1.564004956441794 1.6086127207302985 
1.4474250839865528 1.563993237476736 1.6086146507130854 
1.4468759887237048 1.564001230697342 1.6086166981754857 
1.4477284410323985 1.5640007293375602 1.6086089936578425 
1.447959786937515 1.5639928467024036 1.6086039026479093 
1.4483277228347908 1.5639979971985722 1.6086113305513123 
1.4485688882671117 1.5639979738086578 1.6086225018828242 
1.4493885261357193 1.564004115140429 1.6086287687707015 
1.4496190615728561 1.5640016426610848 1.6086283007289037 
1.449071710131136 1.5639910652177884 1.6086354424690215 
1.4492848258521027 1.5639879755526738 1.6086323655720987 
1.4502286045365143 1.563979896398721 1.6086318905407602 
1.4511925727941426 1.5639797313808246 1.6086241719610477 
1.4527188288284811 1.5639857385184328 1.6086267215155836 
1.4528560049825585 1.563979901769974 1.608631765877183 
1.4526774470082466 1.5639770997193911 1.6086339608724096 
1.4536693979403454 1.5639652768630983 1.6086343708322601 
1.4540180080964134 1.5639520022552555 1.6086277571249183 
1.453196551490249 1.563955771615277 1.6086164338971898 
1.454163725330434 1.5639707261026117 1.6086231279875707 
1.4549542066549097 1.5639738107260348 1.6086271135747463 
1.4544145963080561 1.5639760564946064 1.608632945353407 
1.4540866610082035 1.563970793469686 1.6086219722483361 
1.454442150172163 1.5639737853075726 1.608627494298061 
1.4558906338430622 1.5639839525115622 1.608638601815289 
1.455704203605162 1.5639722804630827 1.6086481875713083 
1.4561890587051598 1.5639646626149422 1.6086571183043794 
1.4559006361591706 1.5639599555196728 1.608654967035894 
1.4556074963444525 1.5639641889356377 1.6086537126227274 
1.4557829999701817 1.5639396016362948 1.60865898986486 
1.4550075789957195 1.5639305090861815 1.6086545087360666 
1.4552934430860516 1.5638917876689553 1.608656247265478 
1.4557534050381746 1.5638989624636215 1.6086556118768058 
1.457142590870939 1.5638984389146635 1.6086513885942693 
1.4579515048064247 1.563868569731426 1.608647835314713 
1.4578277033161078 1.5638639357536201 1.6086344125007739 
1.4576186421235569 1.5638526081849942 1.6086402013837584 
1.4572197641518079 1.563865243020129 1.608651208968257 
1.4569570690001263 1.5638734913263246 1.6086498752995053 
1.4572808446252077 1.5638446215478876 1.6086590138559742 
1.4571654239978549 1.5638437279783788 1.608649524977443 
1.457358639373524 1.5638431796376961 1.6086479438846353 
1.458056503300656 1.5638482614201195 1.608641320271924 
1.457933195078646 1.563866179159205 1.6086488911305088 
1.4582951217084006 1.563885987654412 1.608635366746565 
1.4579989548845624 1.5638927207944817 1.60864006169504 
1.4583530088404828 1.5639008904904683 1.6086358794483346 
1.4572121357293817 1.5638810109181165 1.6086268963733565 
1.4564776220638485 1.5638791573352535 1.6086288729516645 
1.4567473274633957 1.5638831836938945 1.6086323004113947 
1.4560922873246251 1.5638741598598418 1.6086325475137901 
1.456388842605008 1.563877315072154 1.6086337529065124 
1.4561633918636014 1.5638586048404586 1.6086314961093495 
1.456000251740402 1.5638643689872311 1.6086310692147865 
1.4561801621612478 1.5638756616620448 1.6086260495443911 
1.4559315409201243 1.5638762853485184 1.6086252922630597 
1.4562751553789977 1.5638738000189674 1.6086248751331862 
1.4566104921336076 1.5638672932004998 1.6086315481030495 
1.4558890980957573 1.5638704935117649 1.6086379437565586 
1.4557176845380475 1.5638762929345158 1.6086497863024538 
1.4564369649094782 1.5638744166077996 1.6086549779260493 
1.4558089827493375 1.5638727020261878 1.608652051448966 
1.4559787260405048 1.563870358063194 1.608645046166783 
1.4553947008468173 1.5638644347509334 1.6086449062872936 
1.4551130246593584 1.5638657504787685 1.6086522860010781 
1.4548557821193873 1.563861428256796 1.608655789650974 
1.4552687052016244 1.5638559104139125 1.6086643281046353 
1.4563425006642492 1.563863118295537 1.6086636771548113 
1.4562080159139132 1.5638755972080836 1.6086645254429488 
1.4561006805566183 1.563887868910424 1.6086733928734336 
1.455360585363218 1.5638895104838313 1.608684886543472 
1.4556910709387014 1.563892425027528 1.6086828556185753 
1.4549981003599854 1.5638933953283423 1.6086781874069032 
1.4552017189061432 1.5638861112501137 1.608679605493951 
1.4549632541674384 1.5638529471682838 1.6086806191034793 
1.4552662767593196 1.5638596318847533 1.6086750204671578 
1.455567406175096 1.5638639572255366 1.6086739872915468 
1.4556902258970363 1.5638670700923578 1.6086829740351272 
1.455576785483937 1.5638609792941192 1.6086912303408105 
1.4552891889451807 1.563832628825482 1.608686022514057 
1.455660053638325 1.5638315653261499 1.6086784360496973 
1.4549537127990968 1.563845133317589 1.6086746445137385 
1.454839842141924 1.5638551713541717 1.6086734553599102 
1.4545514294233037 1.563851871561429 1.608672270933305 
1.4553280066018273 1.5638482133186526 1.6086705868922473 
1.455622309885706 1.563837604906608 1.6086747940283854 
1.455385855940096 1.5638398026501394 1.6086774337254708 
1.4552199680368632 1.5638464340376794 1.608669939811322 
1.4546956736027337 1.5638533032195188 1.6086723820673705 
1.4549379380222993 1.5638504653174137 1.6086701135857067 
1.4549376165543246 1.5638533852252903 1.6086788894486654 
1.455171994683081 1.5638457239025396 1.6086831859938895 
1.4558148105194504 1.5638568666637827 1.6086765484386398 
1.4552979958712586 1.5638540937218377 1.6086776276884127 
1.4551305042764895 1.5638458161534154 1.6086761825617453 
1.4550212543515382 1.5638386279353298 1.608669655887379 
1.4551454343715122 1.5638438279533664 1.6086744460893174 
1.455379848896972 1.5638410145786268 1.6086770975018072 
1.4560080011758358 1.5638572898485859 1.6086860135699745 
1.4564014908504297 1.5638510429483026 1.6086878964843332 
1.457074482398252 1.5638502068508966 1.608690145372153 
1.456840510725216 1.563852437718513 1.6086898078228102 
1.4562247036001936 1.5638547603682844 1.6086952088665063 
1.4566771246093537 1.5638627909964842 1.608695401286655 
1.4565621031606624 1.5638540755258552 1.6086947082382552 
1.4568990965041646 1.563862346301944 1.6086860180093814 
1.4566238058116892 1.5638503140651612 1.6086872676044546 
1.455965197908532 1.5638513309775308 1.6086865595046143 
1.4568989815690325 1.5638486901142368 1.608693152930382 
1.4566586734155549 1.5638476619082913 1.6086904230126204 
1.4564275978159436 1.5638381312327816 1.608697326928281 
1.4559005630667303 1.5638447082615337 1.60870294887857 
1.4562128507084375 1.5638491873787532 1.6086947712894217 
1.456189606662636 1.5638525386789404 1.6086905836460228 
1.4563008764289458 1.5638608281104782 1.6086987811125826 
1.456565635118956 1.5638570902350832 1.6086992749340656 
1.4570668099113213 1.5638603734653882 1.608697612616211 
1.456999276831012 1.5638652627954923 1.6086935670505507 
1.456895866569732 1.5638568816342042 1.6086977038154935 
1.4563094429293737 1.563840721161938 1.6086957526696943 
1.4568922211094915 1.563833568002073 1.608691230785149 
1.4571042665224496 1.5638332598705906 1.6086818040083393 
1.456836731977237 1.563833860271569 1.608678391903787 
1.4562049207798142 1.5638408465068168 1.608675421232707 
1.4559358445255675 1.5638288214508715 1.6086686763092741 
1.4553511923063625 1.5638238599058885 1.608667165373226 
1.4564044303926056 1.563821680899217 1.6086694913335386 
1.4561324823086883 1.5638329439112761 1.6086708308267297 
1.4567076767001161 1.5638312175508526 1.6086748315519674 
1.4561408060322454 1.5638196640010105 1.6086737438079708 
1.4563461982606585 1.5638020195769553 1.608665556770922 
1.4557245172043578 1.563795404363277 1.608666407610285 
1.4555119813483421 1.5637947607913993 1.6086689235558727 
1.4565435567168072 1.5638002431392841 1.6086696123869786 
1.4563271662581747 1.5638088618067958 1.6086668828639388 
1.456994511708479 1.563801125696629 1.6086682103451486 
1.4571811619612867 1.5638056750839548 1.608666544176166 
1.4573636234853837 1.5637745011397215 1.6086713974449194 
1.457106040734217 1.563769068073541 1.608673029554217 
1.4568900372422808 1.5637648265013695 1.6086694072717986 
1.457147381017644 1.5637677093084148 1.6086733889747467 
1.4573997643056182 1.5637506502068768 1.6086688685546704 
1.4580481749387115 1.563749660598535 1.6086717112447544 
1.457828123690924 1.5637539983086521 1.6086690550705796 
1.4572792489356965 1.5637548013517901 1.6086681953547912 
1.4576402324362336 1.5637622784442615 1.6086735489345458 
1.4570894210915373 1.56376338429509 1.6086758961824914 
1.4568669963129421 1.5637651040290579 1.608677954756536 
1.4567728768770511 1.5637641252406824 1.608679990497705 
1.456685144379985 1.5637676145475488 1.6086742238774012 
1.457004932193816 1.563777803533756 1.608676267980516 
1.4575405939941586 1.563780832769132 1.608681187865714 
1.4574334078985576 1.5637790312327169 1.6086762015201066 
1.457338699082998 1.563784226551728 1.6086770625867084 
1.4576757483219394 1.5637801282392336 1.6086762414224733 
1.457864671442669 1.5637908527511286 1.60866911692485 
1.4576168164785432 1.563792268789643 1.6086678378200454 
1.4575154695782142 1.5637946767154502 1.608665588400091 
1.4574234613742072 1.5637945652602843 1.608663093249067 
1.4565617008733698 1.5637908746565323 1.6086732459496562 
1.456647526973592 1.5637904383887868 1.6086706791450205 
1.45686016942996 1.5637943015323172 1.6086689078490155 
1.4564319544870545 1.5637960942173552 1.6086692215871912 
1.4560037533211485 1.5637762470405783 1.6086695137754616 
1.45695597888175 1.563777875321979 1.6086688886411524 
1.4574749909605853 1.5637825445724378 1.6086631328425403 
1.4570507942683744 1.5637853210767232 1.6086635116128527 
1.4572701901295848 1.5637837972733668 1.6086686161965504 
1.4574737405564075 1.563793606625784 1.6086650442652726 
1.4576577443476468 1.563793214091984 1.6086653701736027 
1.4574188686486604 1.563791744897557 1.6086666212114147 
1.4573176700603852 1.563792869403867 1.6086594741315774 
1.4578251147799988 1.563791556522497 1.608654898648512 
1.458010964282812 1.5637911360812167 1.6086522807570436 
1.4578960406882921 1.5637984137354735 1.6086552378522878 
1.4579734886649596 1.5637985003442543 1.608644945104356 
1.4585869415051396 1.5638045692798273 1.6086459233194248 
1.4584978957977903 1.5638072573780497 1.6086516017314514 
1.4585732000816383 1.563816807620514 1.6086489852133166 
1.4577547848883845 1.5638066069800032 1.6086535555098833 
1.4578306246691781 1.5638070726860216 1.6086577706260032 
1.4587294070355497 1.5638041559423412 1.6086565658752705 
1.4590210867364757 1.5638026639597078 1.608662772014231 
1.4591977088875534 1.5638030749699081 1.6086626392426544 
1.4600809962706676 1.5638050993628323 1.6086681406757797 
1.460556242028267 1.563800413004507 1.6086677041335222 
1.4605856098683665 1.5638059587601525 1.6086712914722638 
1.4604747887111524 1.5638091780820063 1.6086670248567416 
1.4599631416583696 1.563803431013631 1.6086708019373432 
1.459800632738549 1.5638056350278717 1.6086717074016719 
1.4592882633900528 1.5638030696951737 1.608672752910366 
1.4598656278347744 1.5638085347194108 1.6086746527640114 
1.4607300070909472 1.5638089773045445 1.6086734106288696 
1.460958658891017 1.563811059176073 1.6086743681737965 
1.461762714389387 1.5638132493092864 1.6086696835539538 
1.4616481844308438 1.5638171288482476 1.6086721652584441 
1.4615340948843392 1.563826120573615 1.6086719871842219 
1.4613649590595286 1.5638258509165526 1.6086706286989494 
1.4614699957265738 1.5638105197138912 1.608664282171804 
1.4613757875575728 1.5638174478002698 1.608661867935476 
1.4606009552799728 1.5638233042102099 1.608662535083325 
1.46009383462022 1.5638182103892992 1.6086641575018858 
1.4603716925157781 1.5638206557947065 1.6086623420172133 
1.4605639492331273 1.563822486125187 1.6086557848862393 
1.4607428690854212 1.5638250184721958 1.6086551480663434 
1.4610227847499626 1.5638129098089861 1.6086549775061527 
1.4612043501653809 1.5638010690202546 1.608659309118727 
1.4608222224275824 1.5638012121964497 1.6086561505850212 
1.4607094043112157 1.5638033267846174 1.6086545906662206 
1.460603603563691 1.5638134868631155 1.6086501260914814 
1.4604954361762916 1.56381696465579 1.6086540266945912 
1.459735148025953 1.5638211500006625 1.6086493859180853 
1.4595349777665412 1.5638260795611705 1.6086485302929536 
1.4591627859130214 1.5638260149483247 1.6086488414308584 
1.459074712954187 1.5638274136369104 1.6086531997621458 
1.4592522738012352 1.5638271145570866 1.6086512218483113 
1.4594267669762495 1.5638237423479955 1.6086524239783921 
1.4594907698658335 1.563821912109486 1.6086496601961926 
1.4596604940528486 1.56381148274039 1.608651046758255 
1.4598341734898974 1.5638101977844152 1.6086524599927576 
1.4590860507896926 1.5638159275002461 1.608648521242356 
1.4585998928460104 1.5638157324431168 1.6086483565353529 
1.4587677302213775 1.5638194667474767 1.6086497804663762 
1.4593201930378714 1.563825941119702 1.6086476838663568 
1.4592169234866579 1.563824702912184 1.608651052330201 
1.4597618384250106 1.5638273731471488 1.6086530822408909 
1.4599465812378987 1.5638297936971122 1.608650021600449 
1.4595848831081517 1.5638305046873104 1.608648145876673 
1.4592216864822083 1.5638388214890417 1.608650042529481 
1.4584862419314304 1.5638309230120753 1.6086514921248132 
1.459014167291682 1.5638252218087878 1.608652744504294 
1.4585473568130756 1.563837004526005 1.608652009546653 
1.4587055046777855 1.5638426190126071 1.6086543179852015 
1.4586240355529396 1.5638436702284726 1.6086587230501335 
1.4582604366756522 1.5638499917086872 1.6086553618612158 
1.458053561338449 1.5638539923424482 1.6086550213290678 
1.4576902711064643 1.5638491937868078 1.6086506188129597 
1.4574829803959992 1.563848839774646 1.6086465800908285 
1.457376471993061 1.5638558745392057 1.6086467573172412 
1.4575312218066445 1.5638522640056094 1.6086486370333264 
1.4577155045656083 1.5638428758732656 1.6086470490425846 
1.458257139261283 1.5638447707622731 1.6086465591016041 
1.458407873384897 1.5638338379373629 1.6086430789430677 
1.4584806547291491 1.5638295401453313 1.608643959877266 
1.4577671203759133 1.5638263718212433 1.6086479455074736 
1.457590022918396 1.5638244924762195 1.6086471465989134 
1.4578462019469933 1.563824688614247 1.608645728550811 
1.4580210484752971 1.5638196591604385 1.6086491470053368 
1.4576658706239392 1.5638131424832475 1.6086508658986831 
1.4573093885213595 1.5638118999711788 1.6086539766240626 
1.4569516218872582 1.5638030245998185 1.6086479886658416 
1.4565010535831555 1.5637991083133067 1.6086505859831188 
1.4557951030159642 1.5637955810685746 1.6086506074932325 
1.4565791568200588 1.563789068108819 1.6086470346977082 
1.4570109700790568 1.5637861061699787 1.6086460857405602 
1.457256679933877 1.5637871989720322 1.608643864806729 
1.4570867472701283 1.5637867342133158 1.608647864912618 
1.4569884756421612 1.5637934731562497 1.6086474097387773 
1.4567901124282912 1.563787296600656 1.6086436428279514 
1.4572146558698769 1.5637904764075685 1.6086503034164255 
1.4576353399907467 1.5637935608830185 1.6086540734393364 
1.4581249877870697 1.5637798896214021 1.6086583787259525 
1.458022472882039 1.5637769390816627 1.608660046502193 
1.4581943365737566 1.5637812078931403 1.608660750338146 
1.4583635395378833 1.5637844277354793 1.608662068906027 
1.4588440251249528 1.5637787525734597 1.6086637955223562 
1.458403146825861 1.5637792961684316 1.6086638873732557 
1.458639067879271 1.5637778093847017 1.6086626498363392 
1.4593852905726301 1.5637758799306822 1.608666685260459 
1.4592174445285369 1.563772182827547 1.6086660139086173 
1.4597190467778343 1.5637695085652443 1.6086599585865957 
1.4593745620736203 1.5637695551934294 1.6086573086429514 
1.4596034289171222 1.5637756557114466 1.6086615037477787 
1.4592666176056506 1.5637749883893548 1.6086634188460485 
1.458920467989541 1.563771321702785 1.6086630610147035 
1.4590799202584437 1.563780412581357 1.6086622853973906 
1.4589185149858601 1.5637788331022533 1.6086638760334422 
1.458573112579589 1.5637816080443434 1.6086639332920987 
1.4581712786565135 1.563773890685281 1.608657392103793 
1.4580920346778 1.5637774036764758 1.608653931542996 
1.4583178331637932 1.5637799497357867 1.6086512892042402 
1.4587283931892878 1.5637859013155158 1.608653925020068 
1.458882848988152 1.5637853675296534 1.6086509176610493 
1.4590421604750954 1.563793202574408 1.6086510645914238 
1.4587117580142626 1.5637969444271824 1.6086504346513057 
1.458843858486579 1.5637984628195067 1.6086522934704792 
1.4584999791719322 1.563796267306454 1.6086522546849815 
1.4585788622142342 1.5637774169621481 1.6086491566943133 
1.4587308968420833 1.5637785815768335 1.6086492770304088 
1.458715547053524 1.5637776837665993 1.6086488117271431 
1.4588715853485215 1.5637813664549876 1.6086516960347992 
1.4590870977452064 1.5637872233355812 1.6086553629671423 
1.4584357506488246 1.5637943056694308 1.6086510453855372 
1.4586497180549125 1.5638007966726615 1.6086455747720567 
1.4584992397939034 1.5638029406953406 1.6086424085970263 
1.4586467631771858 1.5638143688324868 1.6086476948885498 
1.4587920540738377 1.5638194353782977 1.608643590751333 
1.4589192125151005 1.5638152761360224 1.608639757145785 
1.4585039657120211 1.563806483114037 1.6086414925669117 
1.4580882605303331 1.5638028573961902 1.6086445786543753 
1.4582328442473809 1.5638015504556184 1.6086479760797188 
1.45805517423821 1.5637952591334803 1.608646593570915 
1.4582305038549555 1.5637860436096929 1.6086416189255774 
1.4580519388566726 1.5637838285133663 1.6086395595708893 
1.4582938821704665 1.5637876041681151 1.6086351691231007 
1.4581945049204434 1.5637788690541976 1.608636721356668 
1.4577929969448857 1.5637698471415196 1.6086360627689147 
1.45769208533154 1.56376341292338 1.6086396032660808 
1.4572900747768016 1.563764189477556 1.6086407907978835 
1.4568875850200282 1.5637597034813329 1.6086374535389307 
1.4570437971134822 1.5637608357602388 1.6086340055590023 
1.4572121537853497 1.563759659878799 1.6086368347424875 
1.4579059726610306 1.5637604964435972 1.6086350434999004 
1.4577602282396476 1.5637497937362599 1.6086358477367815 
1.458223833195138 1.5637521112360657 1.6086376894988623 
1.458136281043328 1.5637539038157051 1.608640202218086 
1.4582133390105532 1.563752350790896 1.6086423726212016 
1.4583767811540314 1.5637513917476666 1.6086426262799596 
1.4584509851529286 1.5637421396200946 1.608645719357786 
1.45882109047893 1.5637409999245886 1.6086452651005023 
1.4589799247378816 1.5637436363076123 1.6086472849794688 
1.4593463711489902 1.5637465456805981 1.6086476823704763 
1.4592832428533176 1.5637428315174127 1.6086509844040302 
1.4593522532194687 1.563741399737817 1.6086519227821132 
1.4592768681746098 1.5637385661202614 1.608654163906586 
1.459430278516218 1.5637288130408673 1.608653926769902 
1.4593312438830548 1.5637234363053556 1.6086496106794206 
1.459535147596576 1.563724646957938 1.6086448070651358 
1.4599072199796812 1.5637201404827386 1.6086471874727808 
1.4597345583939672 1.5637206446195642 1.6086455547960616 
1.4595610601078044 1.5637184202821042 1.6086521794798094 
1.4594706094789054 1.5637248420323218 1.6086543830639104 
1.4591684125017854 1.5637058963087545 1.6086479762937937 
1.459828363100103 1.5637045812491999 1.6086486307483858 
1.4599660826919898 1.5637105689462802 1.6086528251045986 
1.459821422887288 1.5637097605555281 1.608657695009924 
1.45952148935651 1.5637110168846338 1.6086592561426607 
1.4594387333928425 1.5637140872798851 1.6086549866776116 
1.4600923021300032 1.5636919894513932 1.60865340493149 
1.4601553019211369 1.5636888527359103 1.6086507577246245 
1.460002867840373 1.563680795405875 1.6086534657604503 
1.4598567889608012 1.563682460672046 1.608652653450637 
1.4599176430117051 1.563682320849691 1.6086527374513002 
1.4605624418888161 1.5636823182086463 1.6086586042230226 
1.4606203371751363 1.5636688923394686 1.608654617946622 
1.460676966791291 1.563665693812063 1.608655387023623 
1.4606118220829294 1.5636672585846465 1.6086573224965737 
1.4607554969672685 1.563672950979124 1.6086510423664286 
1.4609779537677738 1.5636707769657288 1.6086545840092725 
1.461611612652669 1.563665162831375 1.6086555276490606 
1.4620175692727346 1.5636678345155341 1.6086592635675137 
1.4616427258836349 1.5636680661105586 1.6086599644945574 
1.4615527472382606 1.563663248439465 1.6086573823261727 
1.4614674149346962 1.563660427990238 1.6086534844190683 
1.4611128385364687 1.5636555040377444 1.6086555499810102 
1.4610471912035623 1.563656605739568 1.6086548615281615 
1.460753051217646 1.5636566282979454 1.6086563883989213 
1.4606687406186272 1.563654593597672 1.608652708601778 
1.4608084470665321 1.5636504890941176 1.6086526012318303 
1.4607195200821357 1.5636551515089265 1.6086508975462486 
1.4606293069344751 1.5636583929062142 1.60864851255864 
1.4607699455198144 1.5636499411831342 1.608648596891209 
1.460602657461988 1.5636490636348752 1.6086532700204481 
1.460454047213187 1.5636505030396965 1.6086573365837293 
1.460568695835294 1.5636528233012084 1.6086559812395507 
1.4609665333893724 1.5636490911716894 1.6086544855249851 
1.4607979378067757 1.5636470098008244 1.6086566815012735 
1.4605089078611342 1.563649987431799 1.608656663066844 
1.4599405905741392 1.5636438915417097 1.6086581880321686 
1.4598748953545726 1.563637960914128 1.6086587022677294 
1.460068060789459 1.5636358640943 1.6086560138750876 
1.4597847667106947 1.5636305106651096 1.608652529061031 
1.4597776237735485 1.5636287546486716 1.6086528127802742 
1.4596136609238233 1.5636279667131863 1.6086528977200742 
1.4599548290792446 1.5636223537404812 1.6086519143638238 
1.46007092227209 1.5636186377365744 1.608649512295507 
1.4595079687837105 1.5636197760785508 1.6086480982958022 
1.4592264964124486 1.5636245609673007 1.608646274260353 
1.4592849813875963 1.5636321508302111 1.608646294284007 
1.4593960703801439 1.5636331608729188 1.6086474419195143 
1.4595055937230268 1.5636341944065861 1.608646735462781 
1.4594242624979432 1.5636386990678424 1.608647248217859 
1.459337287676325 1.5636427112374693 1.6086466316085906 
1.4595262637223931 1.563637725157603 1.6086452895861143 
1.4593879826764282 1.5636356289332514 1.6086436947970884 
1.459520781273432 1.5636369906620151 1.6086454464237867 
1.4596332786484691 1.5636366597555382 1.608641914372636 
1.4597442238938385 1.5636366632660914 1.6086414134409037 
1.459604880070446 1.5636384909593892 1.6086382104819519 
1.459248969631133 1.5636428073485036 1.6086397254653342 
1.459381854060588 1.56363234898319 1.6086411919503338 
1.4593022220195795 1.5636269412312425 1.6086393869840618 
1.459438325545672 1.5636310143012038 1.6086396229230846 
1.4593489596146607 1.56363519343007 1.608640381970198 
1.4590217105675618 1.5636409271584266 1.6086430391296078 
1.458939787138624 1.563641100230169 1.608642009888633 
1.4586663041592618 1.5636379664847144 1.6086417815495468 
1.4589972400569542 1.563642610784062 1.6086374255204792 
1.4588653744137168 1.563631908243382 1.6086356284544636 
1.4590506724838392 1.5636375995833132 1.6086329848669991 
1.4589935781162264 1.5636421100749267 1.6086323797038955 
1.4588623594863224 1.5636367402636397 1.6086321739789233 
1.4587794759022374 1.5636330082965526 1.6086346904225968 
1.4585049637971417 1.563630562990597 1.6086263055302352 
1.4584236672667927 1.5636308301132495 1.6086212477916786 
1.4580712717643871 1.5636349787907833 1.6086216894611625 
1.4580148008543714 1.563641074490786 1.6086222683203406 
1.4586081569220144 1.5636415611144863 1.6086179723684744 
1.4580701577370467 1.5636337009500578 1.6086171832399336 
1.4582576547389992 1.5636342871792155 1.6086130726777852 
1.4581007089012237 1.5636309843817051 1.6086113087561125 
1.4579431421774556 1.5636313547840484 1.6086118095361104 
1.4582654277835922 1.563623421958181 1.6086141979314008 
1.4579217449594957 1.5636200745964872 1.608612146660754 
1.458508908121069 1.563609090648394 1.6086132656428302 
1.4584226900037287 1.563609334529747 1.608610542907361 
1.4582970071361572 1.563614776070805 1.6086102316929904 
1.458430355233377 1.5636204960283104 1.6086102848484936 
1.4583473563392202 1.5636211379860574 1.6086099576479613 
1.4580831192313959 1.5636218905983548 1.6086063933777204 
1.4582136090926017 1.5636253270900213 1.60860328858199 
1.458529901594642 1.5636232450004182 1.6086005856655126 
1.458217697693769 1.563620524614551 1.608596454195269 
1.4583976173116235 1.5636267511341402 1.6085988104253643 
1.4585059824781461 1.5636273305795714 1.6085929730075255 
1.4590805492245926 1.5636308317185603 1.6085967736402071 
1.4594399149481547 1.563633176842595 1.608598971175716 
1.4595667046946723 1.5636324067893024 1.6086023624071988 
1.4593066450528491 1.5636315650495298 1.6086024054876733 
1.4592292749996478 1.5636346724397987 1.608604266223622 
1.4589694167597875 1.5636341271008822 1.6086060306127616 
1.4587095617511607 1.5636341681261057 1.6086087846888024 
1.4585843636551525 1.5636416847365757 1.6086093690718894 
1.4585290139556522 1.5636416051032012 1.6086116146477565 
1.4586283824264323 1.5636458072168962 1.6086120713412506 
1.4582926566562702 1.5636476335358236 1.6086137990700031 
1.4584290577257737 1.5636470654056756 1.608614152147046 
1.4583539653177935 1.5636505923738202 1.6086134432051846 
1.4585288376027807 1.5636527922497017 1.6086151517995715 
1.4585871194909685 1.5636525475486631 1.6086177015025194 
1.4587895287359294 1.56365424818974 1.6086148033861178 
1.458922155173288 1.563658544854099 1.6086166867842178 
1.4588664438526409 1.5636518656807374 1.6086179471052988 
1.458354863223529 1.5636556465418032 1.6086170792654495 
1.458461170292526 1.563662033590368 1.608617534967014 
1.4584539255272895 1.5636700837708362 1.6086203292363486 
1.4581906263663191 1.5636746240121955 1.6086222846591267 
1.4583245482077423 1.563684451760071 1.6086216190578542 
1.4587031393552847 1.5636854490225205 1.6086206606291156 
1.459079240092981 1.5636861983686794 1.6086172232333624 
1.4591850320510131 1.5636862810802525 1.608616088104796 
1.4588836347724963 1.5636895800376247 1.608615367515134 
1.4585818196318945 1.5636809358914403 1.608612261216952 
1.4585323341599081 1.563681695899418 1.608611642468847 
1.4586392191486612 1.5636849155744121 1.6086078631828404 
1.4587695371717442 1.5636853899480685 1.6086042195544563 
1.4588984324754455 1.5636882673570673 1.6086059190505853 
1.4587521567107444 1.5636938075273508 1.6086051355002648 
1.459302739807966 1.5636952253092886 1.6086002909308945 
1.4594965616120472 1.5636963368486252 1.6086018481821531 
1.4593726953491335 1.563701106189026 1.6085986525727285 
1.4597420576136033 1.5637027838577968 1.6085979501828664 
1.4598601375386384 1.5637048588155111 1.608599243963126 
1.4595394682980563 1.563706373103105 1.6085990992199615 
1.4593949801356105 1.5637037862436574 1.6086003556602109 
1.4588982982307466 1.5637062187926662 1.6085982713695404 
1.4589520469108053 1.5637047874162604 1.6085998319121335 
1.4592521587373422 1.5637049603587978 1.6086013755876047 
1.4593035509563659 1.5637020618067816 1.6085994520024165 
1.4596002791767466 1.5637072444191198 1.6085953904347088 
1.4595456311619661 1.563705774832355 1.608599674849654 
1.459421589330632 1.5637078036199386 1.6085976113005476 
1.4595198688621456 1.5637121316619598 1.6085980791408658 
1.4598827821475662 1.5637129837186419 1.6085979408330542 
1.45983085437685 1.563717586453909 1.60859424896961 
1.4598795908148605 1.5637124657076886 1.6085943139010555 
1.4599958493064518 1.5637090741683233 1.6085980883381834 
1.4601117695309 1.56371168618871 1.6085961768476662 
1.4606405851698183 1.5637144396258509 1.6085936748874339 
1.4605871184230916 1.5637152776400793 1.60858949757724 
1.4608752786827444 1.5637161612905275 1.6085940124247968 
1.4608172132680948 1.5637131280833645 1.608591976919763 
1.4605759093451107 1.5637146441669334 1.6085928955428461 
1.4602643558683686 1.5637186185682688 1.6085927809751017 
1.4602101544764765 1.5637249840702803 1.6085933860348491 
1.4598988352941025 1.5637218778801307 1.608592853378749 
1.4597757553204571 1.5637237149671694 1.6085921242667833 
1.4596511152341245 1.5637172598372708 1.608591275407958 
1.459697563716353 1.5637101946470853 1.6085895610835106 
1.459812467393065 1.563707692270517 1.608590961463197 
1.4599273792059675 1.563712818482663 1.608593491174752 
1.4596328247280514 1.563713558495691 1.6085948067107023 
1.459325510185587 1.5637167402169112 1.6085960099238572 
1.4596779119594976 1.5637183948060598 1.60860001157834 
1.4597781858994763 1.563719193743921 1.6085936278496464 
1.4600595765455795 1.5637131031415588 1.6085920675623169 
1.4602392834387716 1.5637119891534395 1.6085899142847668 
1.4599345455602195 1.563711138785524 1.6085936167174064 
1.4596295474801484 1.5637042527351017 1.608592642311271 
1.459809199673032 1.5637007783156764 1.6085891982049014 
1.4599078823261453 1.563702675292241 1.6085942898336354 
1.4602405381356252 1.5637056788153127 1.6085914078362769 
1.4599383624274678 1.5637074214915976 1.6085898587008334 
1.4598024997247427 1.5637083814653436 1.6085887585385996 
1.4599152946757592 1.5637080108541268 1.6085844459460692 
1.4602453727650442 1.563705435365766 1.60858506996613 
1.4603586471813887 1.5637090297701046 1.6085831047659953 
1.4605367208293911 1.5637107285945828 1.60858533475555 
1.4606314227811599 1.563707410508835 1.6085854056781068 
1.4607932456758914 1.5637052719527857 1.6085844445425463 
1.4612977538178287 1.5637065355257311 1.6085888074438095 
1.4614724708383355 1.5637079451259595 1.6085920126714228 
1.4612408267342234 1.5636973523275446 1.6085948502063339 
1.4615782374739719 1.5636961259159252 1.6085957241801458 
1.461510205697958 1.5636959892359967 1.6085963207999268 
1.461601153253444 1.5637003971743917 1.6085977137714367 
1.4614819808751793 1.5636964023710407 1.6085943740878221 
1.461198980498312 1.5636997613081445 1.6085946735980885 
1.46129064804413 1.563696823196379 1.6085939669607647 
1.4616247864559853 1.5636967053773747 1.6085964710629548 
1.4613427384107882 1.5636985343183143 1.6085929680021536 
1.4614527108315643 1.5637019618655295 1.6085957906160362 
1.4617191625702857 1.5637023433109405 1.6085984077492101 
1.461984247519032 1.5637070831960995 1.6085996905753512 
1.462086265395786 1.563708623148967 1.6085986313265361 
1.462032228831523 1.563709282349735 1.6086003098997363 
1.461977600661912 1.5637069903970056 1.608600330057019 
1.462304695319567 1.5637121306675088 1.608599721690771 
1.4622379247441184 1.5637134893396019 1.6086005602785647 
1.4623368390817197 1.563715569241741 1.6085992921816126 
1.4621108708665669 1.5637117652649628 1.6085962747458704 
1.462213359229034 1.5637175584262037 1.608600179341353 
1.4623036175026358 1.56372069078992 1.6086014660105465 
1.4622342268360353 1.5637182991161276 1.6086046586448242 
1.462334885063572 1.5637183546515694 1.6086057586393463 
1.4622625214022238 1.5637250547530925 1.6086068514560468 
1.461814179958796 1.5637230808447662 1.608607583729406 
1.4617534465294098 1.56372115724671 1.6086076243184717 
1.462012902372888 1.5637171878972431 1.6086097702362152 
1.461950635346747 1.5637149201043201 1.6086087402620528 
1.4617274320885119 1.5637167687125704 1.6086116363389387 
1.4616631142299756 1.5637077833039643 1.6086098346373021 
1.4614400560044885 1.5637081122388785 1.6086124204734131 
1.4613706309297543 1.563708234352997 1.6086134833753936 
1.4614709415437301 1.5637129904209914 1.608610136734329 
1.4619511097594378 1.5637099649355861 1.6086115797585345 
1.462100710947162 1.563716684622047 1.6086105593630526 
1.462577501624831 1.5637151735655923 1.608608709984772 
1.4626627964279326 1.5637145392723668 1.6086073338348439 
1.4631361338666655 1.5637118807618084 1.6086081092834164 
1.4632415722400014 1.563710835952661 1.6086086702510967 
1.4631785273888205 1.563706242989764 1.6086045113273546 
1.4629588639237354 1.5636968406147274 1.6086041792160417 
1.4627297821949286 1.5636930443522665 1.6086048956043126 
1.4624473506883011 1.563687141050515 1.6086064051008915 
1.4627090083078875 1.5636853327453737 1.608608805815092 
1.4630234577892132 1.5636836831411924 1.6086081962652252 
1.4627532600838422 1.5636881932605553 1.6086088858243515 
1.4626387282843702 1.5636911998270493 1.608608350620477 
1.4624117896350974 1.5636915870656614 1.6086055694470245 
1.4623492884610727 1.5636890224507578 1.6086047697931407 
1.4620797248056512 1.5636837294182666 1.6086029726769286 
1.462331212767367 1.5636820302285883 1.6086017551195515 
1.4626331396293542 1.563683607154623 1.6086005850571632 
1.4626236228847804 1.5636838180386359 1.6086002379382718 
1.4626134030419586 1.563685355010939 1.6086017451209476 
1.4623967582152755 1.5636839985135556 1.6086029429144393 
1.4622838045879931 1.563681052431106 1.6086010216485482 
1.4623268328429146 1.5636812759060188 1.608604295570583 
1.4623691695526733 1.5636814749107342 1.6086045286912043 
1.462410820477398 1.5636749524971405 1.6086054707562212 
1.462565808999034 1.563668976278354 1.608605442801911 
1.4624517244103794 1.5636703805162664 1.6086062357051885 
1.462228584318252 1.563665384642807 1.6086018327966736 
1.4621676551115224 1.5636615584735778 1.6086046550305746 
1.462054058418187 1.5636640564282045 1.608603111642822 
1.4623624713859633 1.5636608119503619 1.608603273848168 
1.462251696279265 1.56366234424114 1.6086034970486747 
1.4622425783045832 1.563663550865719 1.608600534675039 
1.462284723734356 1.5636667644938012 1.6085990306402929 
1.4625299782339551 1.5636599202712433 1.6086000284437687 
1.4624190041050775 1.5636592885253813 1.6085996480834215 
1.4623060542241362 1.5636556277277476 1.6085965462606255 
1.4624042693488715 1.563650342351737 1.608595567858756 
1.4625471752633052 1.5636394895198462 1.6085954881651678 
1.4627983556126607 1.5636393782187157 1.6085957663026107 
1.4625300537093913 1.5636379698290535 1.6085939422236133 
1.4624646302459319 1.5636358560654235 1.6085926282871263 
1.4625564798918462 1.563637448403235 1.6085952053797787 
1.4625964227971489 1.5636361261594847 1.6085947465941874 
1.4628376432250092 1.5636371771635902 1.6085950260574269 
1.4631354572213322 1.5636381490412965 1.6085942963339535 
1.463077729609123 1.5636418299431667 1.6085952673238628 
1.4630180661042298 1.5636427214955488 1.6085968170498788 
1.4629499459672866 1.5636444270459489 1.6085968219702487 
1.4631969531423237 1.5636477529825337 1.6085956129034436 
1.4631737867688512 1.5636535795220639 1.6085961498469235 
1.4630712538554158 1.5636540521147841 1.6085968871004934 
1.4627008860793214 1.5636578631353555 1.6085979465109006 
1.4627727817226837 1.5636476079678516 1.6086005686866098 
1.4623541265090405 1.563648624427812 1.6085989939109435 
1.4622806648372717 1.563651638088974 1.608599164492461 
1.4620715771589499 1.5636344870286334 1.6085964225854084 
1.4619763315985344 1.5636294926374916 1.608595281356733 
1.4622683396995422 1.5636275876372965 1.6085933391436056 
1.4623293528401178 1.5636288345898237 1.6085951578374686 
1.4626186209637997 1.5636287758941367 1.6085938852965744 
1.462690743519803 1.563624915496912 1.6085937568452437 
1.4624316832150286 1.5636260611527908 1.6085934881572461 
1.4626986923602885 1.5636209661849259 1.6085971282691798 
1.4628104297070288 1.5636234619009965 1.608594083638688 
1.4627672439741883 1.563625716392156 1.6085959300627417 
1.4627147461581096 1.5636244530745578 1.6086011702636287 
1.4624554612348653 1.5636266432521122 1.608601049036705 
1.462042840426617 1.5636183896680933 1.6086028193160282 
1.4617850111752353 1.563618411324613 1.6086023197427726 
1.461886491732527 1.5636194399477774 1.608603668068712 
1.4618058506028362 1.5636229373698896 1.60859939452447 
1.4620832472284384 1.5636298267691817 1.608601713108859 
1.4622182102584431 1.5636311176980315 1.6086037414645287 
1.4618079494861456 1.5636267240886592 1.608602520943634 
1.461890406066228 1.5636274365753702 1.608602937367062 
1.4620240307162558 1.5636294516818503 1.6085984272676164 
1.4619209543080838 1.5636316751566033 1.6085964968261612 
1.461850114713374 1.5636367548641115 1.6085921003721384 
1.4616162324317317 1.563631579767668 1.6085930438059548 
1.461514316637221 1.5636340999497411 1.6085912423170092 
1.4614119513326485 1.5636381353460334 1.6085914618408927 
1.461523088563862 1.5636359863972198 1.6085938670832274 
1.4616233209983225 1.5636328267990196 1.6085942984886206 
1.4615198424037574 1.5636322687710351 1.6085983412958655 
1.4616184941269497 1.563633335301825 1.6086013865100093 
1.4617162457062847 1.5636325790847938 1.6086011031747918 
1.4614606001865145 1.5636345649571544 1.6086018756274765 
1.4615186867652348 1.5636389803144959 1.6085956244627517 
1.461639933830395 1.56364048720381 1.6085933598220077 
1.4615345190596964 1.5636382606511716 1.6085952429211732 
1.4612815519659619 1.5636416598165725 1.6085937108628539 
1.4610263298574575 1.5636389403083635 1.6085953845128467 
1.4612965704426086 1.5636437638345873 1.608591626488407 
1.4612701653883458 1.5636431851985 1.608592239979668 
1.4611816721492084 1.5636460696525774 1.6085917517313415 
1.4614135006205915 1.5636475148089608 1.6085892621310554 
1.4611616818975244 1.5636517727785095 1.6085879186758165 
1.461245062969943 1.5636483790000106 1.608587075077645 
1.4611651337620202 1.5636494649921753 1.608586542352305 
1.4611017382965874 1.563648747921038 1.608588553196307 
1.4613588486763358 1.5636529462763995 1.6085888399098258 
1.4612787372161677 1.5636544195929325 1.6085893341099595 
1.4613730042850852 1.5636547725770902 1.6085890585270677 
1.4616556918275134 1.5636548190100734 1.6085865945234679 
1.461604619007617 1.5636440957374318 1.6085868568992014 
1.4614998629430218 1.5636422255705742 1.6085899888176782 
1.4615661934194157 1.563645640826004 1.6085877270732298 
1.461647937960132 1.5636484902519123 1.6085905280596826 
1.4614508458423554 1.563644967573377 1.608593151076449 
1.461373255206764 1.5636475142921844 1.6085906173353384 
1.4617969332717229 1.563650835588617 1.6085920679254984 
1.4617435174196927 1.56364971349177 1.6085932766064905 
1.4618241381026436 1.5636492894568992 1.6085953429692252 
1.4619071958559493 1.5636516127502451 1.608593647880555 
1.4619986927705824 1.5636518823863115 1.60859080817797 
1.462105218209796 1.5636548010219504 1.608589064554262 
1.4622197759331095 1.5636543124268536 1.6085897386538601 
1.4620247170084826 1.5636516564281473 1.6085900196947471 
1.4619203737716049 1.5636498288322618 1.608585619961339 
1.4619839942700814 1.563650689835403 1.6085825397940927 
1.4622575079111857 1.5636497348979808 1.6085826352992574 
1.4621960842184998 1.5636502391991811 1.608583140013356 
1.4621072253215568 1.5636445526648979 1.608582629770678 
1.462052784677646 1.5636464175620584 1.6085803166642412 
1.4619489870446667 1.5636452421662457 1.6085835239076876 
1.4620269403900266 1.5636440647650367 1.6085854213223403 
1.4619436879716952 1.5636449060494713 1.6085893449213005 
1.4623577873916256 1.5636445240394001 1.6085923118377559 
1.4624400945014764 1.5636452667346872 1.6085926371222596 
1.462247858213033 1.56364231403852 1.6085922987225039 
1.4625166688230171 1.5636438215385418 1.6085935144903645 
1.4624272055626872 1.5636405690852189 1.6085932576838482 
1.4621872491260817 1.563638896057134 1.6085927253926458 
1.4619604474447043 1.5636396069324394 1.6085940946328043 
1.462037000548691 1.5636402643954626 1.608595563577634 
1.4621664813134525 1.563634477343516 1.6085951037605701 
1.462420999910734 1.5636388807013704 1.608597712143065 
1.4621765432068656 1.5636380956169535 1.6085956568172879 
1.4617953320082324 1.5636306787199084 1.6085981234230053 
1.4620492991782763 1.5636286275563764 1.6086026195403598 
1.4618589981858188 1.5636243582172589 1.6086020843137627 
1.461934550282384 1.563619999432615 1.6086029083066282 
1.4619974854358337 1.5636206669692385 1.6086001750342496 
1.4622491591986915 1.5636228672914343 1.608602377472066 
1.4623235636048515 1.563625742184834 1.6085995041998826 
1.4622227352091013 1.563627094601124 1.6086016782310995 
1.462142352881791 1.563628401021725 1.6086010984253143 
1.4620953431719408 1.5636258619987287 1.6086027840066517 
1.4618807032584036 1.5636219425157405 1.608604964292475 
1.4619955727931184 1.563625481925107 1.6086045475624966 
1.4617741074951995 1.563625329117175 1.6086032219831385 
1.461855266598285 1.5636252638404875 1.608604732852546 
1.4619621887151495 1.563626651436425 1.6086096180010045 
1.4618836119692387 1.563628898824245 1.6086065671919485 
1.461945074474714 1.5636297538484156 1.6086067052816 
1.4617054181004172 1.5636284529317845 1.6086071737246124 
1.4619672655442022 1.5636313274664264 1.6086034650758054 
1.4617536005098282 1.5636272562589097 1.608602541959518 
1.4616802582917874 1.5636262077281198 1.6086061924859534 
1.461620348990008 1.5636270857403696 1.6086080041202597 
1.4615416729915869 1.5636267990168404 1.6086087449507975 
1.4615973191934846 1.5636259595811839 1.6086077059770032 
1.4617098505011221 1.5636255139012634 1.6086097788735803 
1.4621087150345646 1.5636299008188592 1.6086076914232983 
1.462182366816358 1.5636329947651448 1.6086069926805773 
1.4621216749475179 1.5636367576175785 1.608604387313843 
1.461891033389914 1.5636396181069094 1.6086053138687038 
1.461521558776029 1.5636351197946208 1.608607511971487 
1.461461285737548 1.5636353873265625 1.6086065828230753 
1.461428064695822 1.5636356313948907 1.6086046695243452 
1.4613445960983524 1.5636404657713945 1.6086031497474902 
1.4615571894774957 1.5636421238637732 1.6086033242025621 
1.4613461205278329 1.5636426529829563 1.6086037658422232 
1.4611125224006134 1.5636473942951754 1.608602096854767 
1.4610519916076798 1.5636496104488349 1.6086014601801624 
1.461124783400768 1.5636517872634812 1.6086020851029053 
1.4610413473769621 1.563654904043429 1.6086027699667516 
1.4609912989109364 1.5636596843629056 1.6086008649424435 
1.4609304738802096 1.5636627579911782 1.6085972417201102 
1.4610019849698028 1.56366492836922 1.6085989965983496 
1.4609403690344136 1.5636655523142682 1.6085994837055742 
1.4608642739694215 1.563670946287255 1.6085971973845647 
1.4606821488149593 1.5636751160358022 1.608596614422713 
1.4608935235492395 1.5636790002384116 1.6085931977394656 
1.4607117667725533 1.5636818087758322 1.6085960300836726 
1.460956767873253 1.5636814649244024 1.6085950050531421 
1.4610684649476133 1.5636803943126014 1.6085965987367734 
1.460977183410312 1.5636818839926292 1.6085993172748765 
1.4609004902696299 1.5636829312833196 1.6085980406350417 
1.4609621811676743 1.563685889545954 1.6085954417967014 
1.461213287687534 1.5636746142718472 1.608594758873599 
1.4609910273942535 1.5636735529544827 1.6085952230058242 
1.4612487005556798 1.563672205991162 1.6085960668504091 
1.4613188461611066 1.5636707086049744 1.6085960580511802 
1.4615749347077687 1.5636729494041897 1.608594363573242 
1.4615132149553658 1.5636732495551793 1.6085914096998495 
1.4615691194089466 1.563673821339063 1.6085892606426806 
1.4619538170240345 1.5636728933099575 1.6085860437326907 
1.4617466056122232 1.563668333524253 1.6085850714983754 
1.46183517075145 1.5636713719249073 1.6085830327294457 
1.4617646280897199 1.563672798835773 1.6085840424841162 
1.461861867948706 1.5636688085735262 1.6085837916907244 
