0.8246763267620248 0.0 
1.4359189274797741 0.934826677453938 
1.5062691554151924 0.868736711827611 
1.5301549381953334 0.8745670534970424 
1.5373027990211068 0.8821720800831465 
1.5415133984525164 0.8871364882878091 
1.5419299875257626 0.8902581281481351 
1.5431881088897206 0.8965068188750418 
1.5443960865295452 0.8996661541190171 
1.545725876172856 0.9058162866035598 
1.5465333773252838 0.9104896359386996 
1.5473128991092 0.9144556332803546 
1.5479936974857351 0.9186190601765086 
1.548605600388491 0.9217342388311561 
1.549323155345421 0.9250887639562263 
1.5493838646010853 0.9276016005424794 
1.5497766033076803 0.9296010732202226 
1.5501926992805506 0.9320797055750771 
1.5504299037572045 0.9340817165811203 
1.5507320700645117 0.9349006890744805 
1.5509980571937236 0.9367016828978618 
1.5512522103078819 0.9389047312494623 
1.551359605882892 0.9400913411835317 
1.5514805507925054 0.9407972017553907 
1.551701461245748 0.9419868487718402 
1.5518983920663254 0.942934124222154 
1.5520240945037485 0.9437079468502988 
1.5521178783167138 0.94446874364242 
1.552187040349552 0.9452587167884515 
1.5522475531546587 0.9457083453793796 
1.5523594891477113 0.9463022318311436 
1.5524518310318653 0.9468501962216356 
1.552457736834483 0.9472745313988866 
1.5525615586346506 0.9476685981773894 
1.5526505498652114 0.9480572736968429 
1.5526627060527187 0.9485484245663343 
1.5527092248016463 0.9490686630697914 
1.5527876692012923 0.9495548713646215 
1.5528457297516636 0.9500467078827313 
1.5528492363268875 0.9503821148449382 
1.552878968408613 0.9507142360491333 
1.5529223665946423 0.951117029900063 
1.552986836105947 0.9513515759690637 
1.5530355792790569 0.9517625448802095 
1.5530857155488549 0.951969947919392 
1.553153147939387 0.952379337043203 
1.5532067488627384 0.952726462272417 
1.553232339230737 0.9529273095229497 
1.5532580414919852 0.9531398673754762 
1.5532927365679208 0.953383383975728 
1.553339658351585 0.9536559267015089 
1.553393076403363 0.9538600901533258 
1.5534290859880373 0.9540830904101384 
1.5534459051462386 0.9542034051154423 
1.5534482475631608 0.9544286876595836 
1.5534642109521097 0.9544919073014898 
1.5534965870840831 0.9546770818836647 
1.5535312450145098 0.9549012904901175 
1.5535486357054076 0.9551770936364439 
1.5535555364205906 0.9552555235130552 
1.5535675801469147 0.9553289364157153 
1.5535396508573536 0.9553646415820324 
1.5535569580619542 0.9554426461853585 
1.553542952007855 0.9554351009670177 
1.5535786745035443 0.9555951619061192 
1.5536267123802974 0.9558161707240874 
1.553632871766688 0.95590987028336 
1.553651492253014 0.9560492827028856 
1.5536653639762643 0.9561828432266785 
1.5536906201055836 0.9563209602891158 
1.5537033107205065 0.956401066830532 
1.5537348027759175 0.9565464168786713 
1.5537289467218671 0.9566312495575318 
1.5537433540707295 0.9567128798675145 
1.553732244905011 0.9567982723434514 
1.5537319988766791 0.9568656646780672 
1.5537355306896918 0.9569018500591686 
1.5537578049519332 0.9569750689043087 
1.5537901504736338 0.9571118303604308 
1.5538087789946717 0.9572435788052347 
1.5538167149546618 0.9573262429298923 
1.5538197484669687 0.957475020787095 
1.553826538037053 0.957537782941439 
1.5538458734267733 0.9575713927457967 
1.5538656660867787 0.957664352092492 
1.5538855228605006 0.9578012812833668 
1.553903833003054 0.9578777064597948 
1.5539094011231025 0.9579283122559359 
1.5539027869892825 0.957969963339452 
1.553912352854226 0.9580250523040482 
1.5539180886542172 0.9581243143187722 
1.55392624124623 0.9582086381922 
1.553938797723811 0.958309926049475 
1.5539491981826399 0.9583905005906372 
1.553949099363586 0.9584609926773305 
1.553956558398099 0.9585060666452709 
1.5539735385803621 0.9585911807888935 
1.5539703045667699 0.9586200144761511 
1.5539785263646997 0.9586587350113808 
1.5539913222113615 0.958704635522737 
1.5539850704541314 0.9587509710405184 
1.5539855507175662 0.9588453000467373 
1.5539837880248741 0.9588768563349854 
1.5539804578391527 0.9589254783253011 
1.553993663284768 0.9590020456944359 
1.5539972619203215 0.9590816248911139 
1.5540092225348723 0.9591980370452272 
1.5540282570880894 0.9592571322340157 
1.554030359013807 0.9592668576606678 
1.5540419720265144 0.9593758387179372 
1.5540465303709712 0.9594403414448445 
1.5540562734011465 0.9594435772725055 
1.5540460587900828 0.959465459325583 
1.554052966861658 0.9595306276818605 
1.554065575435464 0.9596011598728926 
1.5540671536985384 0.9596770491822235 
1.5540734087586288 0.9597342376998517 
1.5540848720216123 0.9597718134342996 
1.5540925782787465 0.9598143806659893 
1.5540931418331938 0.9598555043855647 
1.5541028460025403 0.9599057006278614 
1.554105410630447 0.9599799446363366 
1.5541086728783844 0.9600241589919138 
1.5541221801834435 0.9600830085300236 
1.5541230523754002 0.960130268297105 
1.5541386265376946 0.9602020053560432 
1.5541412317143957 0.9602465925275859 
1.5541501462535658 0.9602898409275965 
1.554153033276121 0.9603164107280602 
1.5541594075116085 0.9603522323355654 
1.5541736588202208 0.9604115239938994 
1.5541831833243764 0.9604733575873272 
1.5541927116230339 0.9605106686277912 
1.5542023891794285 0.9605985449976449 
1.5542088191697379 0.9606707460852405 
1.5542210153409168 0.9607333619334911 
1.5542167632122774 0.9607717339381613 
1.5542198187259417 0.9607843489216075 
1.5542325624654207 0.9608277512681737 
1.5542313860100414 0.9608619420401079 
1.5542316520364945 0.9608960737793373 
1.5542335725571443 0.9609422047204365 
1.554242784811877 0.9610114567540268 
1.5542496793195757 0.9610819766072918 
1.5542541064590771 0.9611103117668206 
1.5542576934051464 0.9611349224187845 
1.554255301643632 0.9611285191356393 
1.5542567404296381 0.9611575738691673 
1.5542651500319118 0.9611854396485605 
1.554272576401552 0.9612273639670844 
1.5542832127216628 0.9612648781130444 
1.5542938505298753 0.9613179725030631 
1.554293306374472 0.9613321278351754 
1.5542969801437188 0.9613519367080354 
1.5542940792238094 0.9613502469521827 
1.554300503039109 0.9613665771734701 
1.5542999006259997 0.9613660708876264 
1.5543080444832496 0.9613661736996212 
1.554307285210769 0.9613986813727778 
1.554308234004863 0.9614174034214615 
1.5543230298268438 0.9614560217076704 
1.5543280928298733 0.9614921077643226 
1.5543372089886465 0.9615320541062264 
1.5543411564033043 0.9615561792232796 
1.5543445774319085 0.9615635103774728 
1.554345136814151 0.9615582681508921 
1.5543506319375602 0.9615689020978482 
1.554353341001293 0.9615977677573881 
1.554356890024048 0.9616314082518864 
1.5543540616561153 0.9616208348794169 
1.5543519225867806 0.9616266977972961 
1.5543482847960222 0.9616187202894094 
1.5543608669664029 0.9616488365276671 
1.5543683654789942 0.9616856531526993 
1.55437229137119 0.9617239431459456 
1.5543724696685934 0.9617530816769881 
1.5543749203561203 0.9617743260995709 
1.554380784648348 0.9617876781847396 
1.5543807344270535 0.9617983209793035 
1.5543885128348787 0.9618065858381798 
1.5543950651995895 0.9618375009525654 
1.5544007775293434 0.9618814111118577 
1.5544047169400959 0.9619104460773451 
1.5544100619818795 0.9619376509566683 
1.554417857349154 0.9619660197321283 
1.554421453267898 0.961977538736431 
1.5544278591269922 0.9620304451475642 
1.5544312203980488 0.962057525425981 
1.5544324180303013 0.9620745166173545 
1.5544354986318811 0.9620782435843446 
1.5544369194952428 0.9620864423169682 
1.5544376099880688 0.9620887323670432 
1.5544374998420583 0.9621078278093367 
1.5544406234204735 0.9621379168803502 
1.5544452027789 0.9621642015229991 
1.554449858764652 0.9621989900857733 
1.554452242449728 0.9622195143204694 
1.5544581108134183 0.9622232462869862 
1.5544613881894096 0.9622477999067476 
1.554460458525024 0.9622475815070686 
1.5544636763873974 0.9622634035025274 
1.5544652187152541 0.9622793543739693 
1.5544713398172663 0.9623071552856364 
1.5544751158700156 0.962317923465308 
1.554477880637391 0.9623356480467382 
1.5544762951363589 0.9623342386921762 
1.554477204257405 0.9623437657377582 
1.5544800394635057 0.9623702107974788 
1.5544844623468095 0.9624091432723586 
1.554489700070015 0.9624345152621572 
1.5544932196703254 0.9624744728208882 
1.5544935825448238 0.9625115523505849 
1.5544961881235553 0.9625283182163176 
1.5544953928796799 0.962532844961669 
1.5544967613763456 0.9625444158970704 
1.5545011200451084 0.962564934352469 
1.5545019071634054 0.9625835128034657 
1.55450325209234 0.9625982530321008 
1.55450487869343 0.962610119572643 
1.5545071478532042 0.9626294914799638 
1.5545067288687884 0.962625641389066 
1.5545114567057985 0.9626263834322208 
1.5545103683794566 0.9626437998311658 
1.554511720575813 0.9626791576076041 
1.5545132254736655 0.9627061342160975 
1.554515771441948 0.9627240730477372 
1.5545138537236787 0.9627324307566826 
1.5545176673067924 0.9627472921908671 
1.554521902952538 0.9627713927111455 
1.5545226056294708 0.9628033740792548 
1.5545266884152364 0.9628276867547999 
1.5545294738677373 0.962860448413649 
1.5545340412556514 0.962885700673672 
1.5545318042112735 0.9628968947075012 
1.554534218126357 0.96291560171413 
1.5545324933151337 0.9629192752107998 
1.554533181591503 0.9629407795638385 
1.554536835557715 0.9629589896118564 
1.5545390001958619 0.9629741917741232 
1.5545397338136724 0.9629861755517479 
1.5545415678141628 0.9630009704998012 
1.5545415127472444 0.9630069479965191 
1.5545397951080815 0.9630125253062252 
1.5545398013097411 0.963018443020238 
1.5545410092556742 0.9630263893497676 
1.5545451355949844 0.963036650434503 
1.554545308288399 0.963041171946364 
1.554545367016952 0.9630392912035729 
1.5545448775223227 0.9630421507911747 
1.5545479560355122 0.963063423501811 
1.5545502273999687 0.9630675334122515 
1.5545497381007585 0.9630671119731402 
1.5545496516585524 0.963076758225019 
1.554547018130169 0.963077842691952 
1.5545501109613686 0.9630851674789098 
1.554551750372331 0.9631005416393008 
1.5545505590712767 0.9631090676902643 
1.5545496917898867 0.9631246957967348 
1.5545508641446761 0.9631369011031381 
1.5545527058875974 0.9631472470679397 
1.5545524479978579 0.9631603597114435 
1.5545519470408231 0.9631701618820546 
1.5545575759780101 0.963191314033962 
1.554560545494254 0.9632152131016551 
1.5545594996599021 0.9632264833906911 
1.5545583381306098 0.9632406817209724 
1.5545593419963328 0.9632509130597798 
1.5545588237852885 0.9632569400277948 
1.5545596060063855 0.9632619214457497 
1.5545610610554255 0.9632777842516974 
1.5545621036602038 0.9633004919857131 
1.5545624211037403 0.9633056892196964 
1.5545613543395431 0.9633068469895103 
1.5545598055391812 0.9633083938349828 
1.554558303263631 0.9633186921991048 
1.554558727227219 0.9633301314710365 
1.5545586360014498 0.9633393313804015 
1.5545578509733982 0.9633418442709424 
1.5545572205548839 0.9633352380632848 
1.5545581307556542 0.9633426304883694 
1.55455955760896 0.9633529577945742 
1.554558851608753 0.9633659485009937 
1.5545622099539576 0.9633806469068679 
1.5545622716288807 0.9633974951187926 
1.5545658928926371 0.9634086796738364 
1.5545657005578883 0.9634238760669742 
1.554567331535739 0.9634337719558677 
1.5545705614951606 0.9634533554158883 
1.554571847215143 0.9634679983412563 
1.5545728810090524 0.963479236815681 
1.5545727363302322 0.9634812172023328 
1.5545738853833482 0.9634879168194976 
1.554574718109292 0.9634983284615303 
1.5545771829172947 0.9635044041731037 
1.5545804578547797 0.9635141159936459 
1.5545812339346008 0.9635196559740923 
1.5545797898000822 0.9635193931218152 
1.5545818809728897 0.9635268653069515 
1.5545827944446247 0.9635333640961334 
1.5545833755520635 0.9635434368986298 
1.5545862846555196 0.9635539708198834 
1.5545882624954879 0.9635686312873237 
1.5545880045071838 0.9635804435532209 
1.5545890066173467 0.9635649757785669 
1.5545911589072687 0.9635591691077899 
1.5545931526504757 0.963573079577688 
1.5545928251766405 0.9635841560628953 
1.5545928007533814 0.9635918611575984 
1.5545933235512868 0.9636008012810792 
1.554594993314901 0.9636118394682823 
1.5545967860482637 0.9636263067530959 
1.5545997909479639 0.963642475796741 
1.554600770478961 0.9636523274440164 
1.5546025869106574 0.9636620775443595 
1.554603457078086 0.9636811814683204 
1.5546038619404672 0.9636902059242398 
1.5546056445709562 0.9636973921650841 
1.5546074555603182 0.9637019602579904 
1.554608435512111 0.9637044248234095 
1.554607557405766 0.9637092959041044 
1.5546086542971493 0.9637247045007412 
1.5546088066232662 0.9637292187153131 
1.5546086229390972 0.9637340218722433 
1.5546099755411062 0.9637386048542328 
1.5546108749956071 0.9637486172575598 
1.554612620518706 0.963759629118848 
1.5546121403426065 0.9637672736889346 
1.554612620097376 0.9637678517767042 
1.5546137073871753 0.963782724006526 
1.5546153724071872 0.9637912483748711 
1.5546179610360713 0.9638056471489859 
1.5546184066346058 0.963820669069872 
1.5546169772144294 0.9638212605147417 
1.5546166535280248 0.963825606963604 
1.5546163693067843 0.9638366342871616 
1.5546161496363167 0.9638433441577315 
1.5546184103154193 0.9638520100222071 
1.554619159357747 0.9638523479013348 
1.554620232609962 0.9638627083730863 
1.5546216587806505 0.9638763418846034 
1.5546216978321044 0.9638869735266444 
1.5546227531653727 0.9638877939288116 
1.5546232129241824 0.9638939515971358 
1.554624414310513 0.9639057463656971 
1.5546245040132096 0.963915454808954 
1.5546240634080764 0.9639133490527038 
1.5546242551715943 0.9639045925789024 
1.554624919944674 0.9639114232363358 
1.5546248837190904 0.9639197862247213 
1.554626910598636 0.9639283367993381 
1.554628595897092 0.963931906972077 
1.5546306402354966 0.9639383734336392 
1.5546298905082465 0.9639435170975793 
1.5546292227353542 0.9639446601599302 
1.554628682654745 0.9639514614901477 
1.5546275495274104 0.9639562856722309 
1.5546263264027036 0.9639612671218668 
1.5546263166798973 0.9639616325162996 
1.5546275307888218 0.9639681769737743 
1.554628749115155 0.9639748088296434 
1.554629012359329 0.9639852207986296 
1.5546314933686525 0.9639986531254735 
1.5546310273394448 0.9639993584391358 
1.5546310296644008 0.9640010345643085 
1.5546320993227678 0.964008499042956 
1.5546317571090291 0.964015403712755 
1.5546334171461915 0.9640237350608808 
1.5546344416054556 0.9640339534831347 
1.554633251200848 0.9640410196463416 
1.55463553569703 0.9640545244773417 
1.554636667424763 0.9640679526955741 
1.5546393267376515 0.9640670287939382 
1.5546400680652965 0.964072895792991 
1.5546421571305757 0.9640851687814884 
1.5546419700529532 0.9640913025025155 
1.5546433528700583 0.9640963845785739 
1.5546440841563833 0.9641058620934904 
1.5546452813987228 0.964105395124338 
1.5546476541224308 0.9641102802153368 
1.5546457035956427 0.9641118573892389 
1.5546476970297338 0.9641187067365928 
1.5546503742891657 0.9641293723362588 
1.554652436746814 0.9641361774713787 
1.5546563323558633 0.9641448259030043 
1.5546568562203864 0.9641501904830238 
1.5546574096520085 0.9641574386156664 
1.55465774907855 0.9641651877120319 
1.55465921269111 0.9641719975820123 
1.5546608681899967 0.9641788202921904 
1.5546605344599298 0.9641864884938333 
1.5546620694990019 0.9641937515774551 
1.5546617447161033 0.9641957640293145 
1.5546622902194374 0.9642005874991909 
1.55466334903077 0.9642061079379739 
1.5546657595165292 0.9642165863955333 
1.5546659692026796 0.9642215326226206 
1.5546672945454558 0.9642249600277902 
1.55466853602772 0.964230843706069 
1.5546681216084153 0.9642372876733375 
1.554667993224626 0.96423659515286 
1.5546683453340502 0.9642406263722004 
1.5546686559462632 0.9642455851677925 
1.554669669642523 0.9642486768536761 
1.5546700230816373 0.964250054284663 
1.5546719299903395 0.9642577610372388 
1.5546727441042523 0.9642653771619711 
1.5546743028710381 0.9642746663131011 
1.5546748363242646 0.964276923090053 
1.5546753111655596 0.9642789708892707 
1.5546746958834754 0.9642814374392659 
1.5546741723539537 0.964281335457053 
1.5546739094787796 0.9642864833944013 
1.5546733807902582 0.964279641539764 
1.5546747529852343 0.9642831180218544 
1.5546744894494733 0.9642931616579279 
1.5546763855519763 0.9642993542417654 
1.554675744966683 0.9643019953951435 
1.5546764427224635 0.9643062135795097 
1.5546771086371045 0.9643073975991475 
1.5546769523253778 0.9643086083863891 
1.5546759998668307 0.9643069230658102 
1.5546752748749952 0.964298972711355 
1.5546762565703207 0.9643038163777359 
1.554676967115513 0.9643040398215676 
1.554677905277279 0.964305413635698 
1.5546784761740249 0.9643090393881715 
1.5546793148300273 0.9643079144259414 
1.5546808788052011 0.9643125442717064 
1.5546817443094492 0.9643188556323931 
1.5546826406437002 0.9643248587137426 
1.5546824709633067 0.9643235808775146 
1.5546818727224445 0.9643232461388231 
1.5546822045645443 0.9643308126378822 
1.5546832916492581 0.9643406529609276 
1.554683096121146 0.9643404086216564 
1.5546830274390777 0.9643417102637591 
1.5546840433688371 0.9643475179491612 
1.554684615905507 0.9643477736971547 
1.5546847205374126 0.9643499197079455 
1.5546846721609453 0.9643498599173924 
1.5546847177598073 0.9643485160550161 
1.5546855812505471 0.9643505786118016 
1.5546864712227508 0.9643562270335727 
1.55468811583792 0.9643658907734042 
1.5546887746648417 0.9643725485088376 
1.554688915277656 0.9643783841691276 
1.554688555409977 0.9643822354283923 
1.5546880050165364 0.9643895955736264 
1.554689231484585 0.9643974661703868 
1.5546905651965177 0.964401177507211 
1.5546912929036105 0.9644051262436607 
1.5546905745670396 0.9644076466873867 
1.5546916714720302 0.964412216733613 
1.5546928021912316 0.964418022523937 
1.5546925066991273 0.9644237789122321 
1.5546933226921238 0.9644294262805583 
1.554693614713287 0.9644356694765133 
1.5546934356374573 0.9644362357166719 
1.5546940522345236 0.9644391617091541 
1.5546942589177033 0.9644428580232755 
1.5546941245584034 0.9644430037388214 
1.5546940601273955 0.9644447615797032 
1.554694054705967 0.9644504748057575 
1.5546948289653857 0.9644515929630474 
1.5546954279382537 0.9644581983541596 
1.554695551074943 0.9644582423685933 
1.5546958424243178 0.9644644887076634 
1.554696345048374 0.964469953962465 
1.5546966644614342 0.9644732073088808 
1.5546975035283215 0.9644784847813884 
1.5546980339874243 0.9644830394415349 
1.5546983211649263 0.9644875745505394 
1.5546987201292322 0.9644962016354491 
1.5546996166870555 0.9645019773675072 
1.5547002618580206 0.9645053660278078 
1.5547012596774161 0.9645112085406414 
1.5547015605645622 0.9645094808753891 
1.5547013034407429 0.9645149977110947 
1.5547023039789623 0.9645174594464704 
1.554703072510823 0.9645233750366375 
1.5547033917816937 0.9645289136715123 
1.5547037686047263 0.9645292670976122 
1.5547052374543655 0.9645381273176054 
1.5547050418758517 0.9645425376383306 
1.554705765970013 0.9645422198033763 
1.554706675408125 0.9645513624773563 
1.554707520715869 0.9645561316541987 
1.5547076470466925 0.9645576195914631 
1.554706488398617 0.9645537528480803 
1.554706223207294 0.9645499897717905 
1.5547064944943205 0.964551048470086 
1.5547064923948122 0.9645544993751838 
1.554706194356147 0.9645537301782175 
1.5547064009506708 0.9645585226461594 
1.5547068454434498 0.9645633045035892 
1.554707993053587 0.9645668398681041 
1.5547077382586938 0.9645702054067347 
1.5547074229908222 0.9645689854097524 
1.5547074715127964 0.9645690172269893 
1.5547074161970755 0.9645689268568663 
1.5547086574168283 0.9645743700840271 
1.5547086785495454 0.9645734227978472 
1.5547095762060739 0.9645728927129898 
1.5547097295214596 0.964577998126029 
1.554709936052594 0.9645798510749454 
1.554711139748264 0.9645885314362931 
1.5547120249189257 0.9645955346590834 
1.5547121259246466 0.9646038720425321 
1.5547123063183308 0.9646073230343252 
1.5547116331268758 0.964608993004053 
1.5547114792026748 0.9646072299781967 
1.5547119606698736 0.964613026895086 
1.554711290224023 0.9646121693315929 
1.5547116506773273 0.9646128184773642 
1.5547128984668457 0.9646179042584456 
1.5547137307390477 0.9646217144640004 
1.5547138284187667 0.9646229427610903 
1.5547140605416494 0.9646212233775019 
1.5547132696729413 0.9646191886033609 
1.5547129371579949 0.9646212619666888 
1.554712675890976 0.9646234718602031 
1.5547128206334577 0.9646274866206428 
1.5547119905428388 0.9646291546988637 
1.5547126379688567 0.9646315205210158 
1.554713571175389 0.9646322391749401 
1.5547127566466254 0.9646295394535238 
1.554713848747395 0.9646343575113918 
1.5547142788225614 0.9646417431946378 
1.554714485392313 0.9646439929556354 
1.554714779588075 0.9646482848313267 
1.5547160240680626 0.9646497809314833 
1.554716935070824 0.9646549852638177 
1.5547168635488366 0.9646550216919525 
1.5547169718666145 0.9646585005407208 
1.5547162359383004 0.9646574271670891 
1.5547168565339455 0.9646614462503519 
1.554717146120742 0.9646657429661207 
1.5547172515621097 0.9646637220622275 
1.5547172734003916 0.9646673798252183 
1.5547176356080432 0.9646704093696477 
1.5547180023387068 0.9646750083189117 
1.5547181187989858 0.9646799166579169 
1.554718072215862 0.9646789638556422 
1.554719107742644 0.9646833018288669 
1.5547186858530506 0.9646841203695398 
1.5547197236547967 0.9646872961278236 
1.5547198790909076 0.9646932998214789 
1.554720813428551 0.9646957922914178 
1.5547207407752601 0.964695468883917 
1.5547206572986185 0.9646978782169047 
1.5547209183978936 0.9646973909808864 
1.5547206862452003 0.9646943298280211 
1.5547203135373604 0.9646929676065171 
1.5547198981224772 0.9646944318403567 
1.5547199658042434 0.9646963177379325 
1.5547204228330396 0.9646994510597052 
1.5547211009105075 0.964702003502426 
1.5547212321908548 0.9647079983198824 
1.5547212827026866 0.9647104665378203 
1.5547210812282362 0.9647113827124013 
1.5547221355876502 0.9647120257978475 
1.5547216192692541 0.9647155819368347 
1.5547213341611834 0.9647192057820491 
1.5547221284183161 0.9647245096759983 
1.5547217472714265 0.9647264514914943 
1.5547228243320315 0.964729956518486 
1.5547217927333286 0.9647276985725975 
1.5547223280915992 0.9647282623988643 
1.5547222445448479 0.9647321247822779 
1.554722744715002 0.9647360193163423 
1.5547227555626186 0.9647378865801085 
1.5547231924575569 0.9647377723636238 
1.5547236174025592 0.9647415171372077 
1.5547247609044863 0.9647436227924278 
1.5547250758574693 0.9647432992154945 
1.5547254432011266 0.9647458435649534 
1.5547259815390377 0.964750161522826 
1.554726620562625 0.9647552224840533 
1.5547274022111761 0.9647595956289382 
1.5547277341430303 0.9647629972352959 
1.554727537641532 0.9647637824357805 
1.5547281991119744 0.9647670925310168 
1.554728288744513 0.9647695218155922 
1.5547279814144916 0.9647677103632225 
1.5547282947722716 0.9647710832694143 
1.5547285835228 0.9647725468377089 
1.5547282755619443 0.9647725630793088 
1.5547280537720929 0.9647733970656089 
1.5547281097056744 0.9647754019743834 
1.554728202787422 0.9647744279080707 
1.5547285255263052 0.9647749373078676 
1.5547281732926932 0.9647775327494216 
1.5547286256450707 0.9647799683874766 
1.5547280122159832 0.9647759172426406 
1.5547269627266795 0.9647731638419895 
1.5547280686124858 0.9647743961915092 
1.5547289176230474 0.9647789541429307 
1.5547286144244774 0.9647815660104792 
1.554729820300407 0.9647837881388144 
1.5547299810405917 0.9647850741690328 
1.5547300268819197 0.9647848602740409 
1.5547311566321245 0.9647894805678425 
1.554730910441492 0.9647928815870009 
1.5547303932216145 0.9647935949553402 
1.5547308590247182 0.9647958541291314 
1.554730765956627 0.9647980176221863 
1.5547314222524817 0.9648029702069041 
1.5547312548224965 0.9648070660669921 
1.5547307430178627 0.9648065405839626 
1.5547307869341849 0.9648066825937601 
1.5547309504410374 0.9648042100626502 
1.5547315725369948 0.9648062909116154 
1.5547318934891683 0.9648092975044569 
1.5547320716562434 0.9648102950793583 
1.5547318178248741 0.9648104413898666 
1.554731717602738 0.9648122519117789 
1.554732243516306 0.9648150426278046 
1.554732348963054 0.9648175429889609 
1.5547326393235603 0.9648211132541088 
1.5547324177967847 0.96482198731477 
1.5547326928639187 0.9648249402462014 
1.5547332872040525 0.9648283003901225 
1.5547339801088187 0.9648322003647027 
1.5547348492918764 0.9648372622927485 
1.5547355911887148 0.9648393680028169 
1.5547365765979997 0.9648438403595615 
1.5547366851675408 0.9648499418527254 
1.5547372390584542 0.9648520379461105 
1.554737455208802 0.9648535991602049 
1.5547366899129564 0.9648566999646744 
1.5547353142665956 0.9648542928936876 
1.5547351607334616 0.9648569858079388 
1.5547357126933015 0.9648595300795656 
1.5547352045497147 0.96485905106793 
1.5547351584294502 0.9648599749273296 
1.5547347892453454 0.9648619992653327 
1.554735331472388 0.9648630466699766 
1.5547358573637329 0.9648640589376527 
1.5547368977266276 0.9648690777884246 
1.5547374003376935 0.9648716706525848 
1.5547372987310548 0.964872963287717 
1.5547373706196776 0.96487409167307 
1.5547372041462815 0.9648767060002177 
1.5547375434609718 0.9648807523406413 
1.5547378784727135 0.9648817071977549 
1.5547388229956682 0.9648845295287718 
1.5547389119698631 0.9648853579756229 
1.5547396893073657 0.9648858987884344 
1.5547392652089373 0.9648863080737281 
1.5547386315695615 0.9648845092136804 
1.5547387568104956 0.9648862448511136 
1.5547387845606655 0.9648891719241054 
1.5547395420428307 0.9648916819173595 
1.554740303830016 0.9648909932684337 
1.554740438741982 0.9648925305345681 
1.554740921776148 0.964894964852794 
1.5547413543894117 0.964897366208009 
1.554742153650002 0.964901756983542 
1.5547422542338059 0.9649042061073202 
1.5547420523868616 0.964903850606319 
1.5547419206656892 0.9649065182689984 
1.554741920074664 0.9649067561038825 
1.5547417596388715 0.9649074639175923 
1.5547421468755178 0.9649104496978382 
1.5547420066680737 0.9649129714727359 
1.5547419331783854 0.9649149228021432 
1.554741636377796 0.9649182996476363 
1.5547411953970092 0.9649184857516497 
1.5547405762276323 0.9649175645768755 
1.5547401974839927 0.9649181201685533 
1.554740533416014 0.9649224529272624 
1.554740242265432 0.9649219132792767 
1.5547405875032647 0.9649232515027818 
1.5547403205026702 0.9649259169308605 
1.5547411146250716 0.9649282876588159 
1.5547415720807456 0.9649282250585299 
1.5547418647352282 0.9649305553111047 
1.5547429692072934 0.9649360966342743 
1.554742740200046 0.9649391284841347 
1.5547429634782421 0.9649399716316399 
1.5547435660403766 0.9649416749514822 
1.5547431343161864 0.9649383835283546 
1.5547431797522144 0.9649393272310273 
1.5547435558018012 0.9649390286347158 
1.554744130763604 0.964941799195027 
1.5547446212823302 0.9649440188894436 
1.5547455225297182 0.9649458944012385 
1.5547458629304194 0.9649490269815052 
1.5547464444682704 0.9649521323811018 
1.5547467300482463 0.9649545057871927 
1.5547462545433655 0.9649529458782098 
1.5547461480300109 0.9649525667623192 
1.5547461780981302 0.9649507805000801 
1.5547465417624744 0.9649514346217828 
1.5547473565583763 0.9649558741222147 
1.5547477814629482 0.9649588345650424 
1.5547480014429094 0.9649598094098357 
1.5547477665449674 0.964958301721485 
1.5547473920643455 0.9649579057255164 
1.5547478845119538 0.9649573475022105 
1.5547477543362722 0.9649595560825835 
1.5547475058430678 0.9649615971803125 
1.5547467531253063 0.9649627272495979 
1.5547468830533657 0.9649662662954918 
1.5547471896072462 0.9649674075921908 
1.554747452753514 0.9649684793468621 
1.5547473271831909 0.9649691167148794 
1.5547475877484527 0.9649683931871761 
1.5547479954786811 0.9649695298179868 
1.5547481414472788 0.9649703361102054 
1.5547476032321468 0.96497088800489 
1.5547470591026447 0.9649707501578861 
1.55474696174513 0.9649737231283585 
1.5547473369403968 0.9649757387008189 
1.5547482657524097 0.964980115793162 
1.5547482429358725 0.9649811560233178 
1.554748562464327 0.9649820308244532 
1.5547484541882817 0.9649827947060298 
1.5547488061363768 0.9649846051067663 
1.554748809612814 0.9649875073650339 
1.5547490925807577 0.9649886902472039 
1.5547485167711916 0.9649899752278136 
1.5547493949761628 0.9649925353234476 
1.5547493150475387 0.9649928399267801 
1.5547491388692227 0.9649929363201996 
1.554749754585841 0.9649953533815994 
1.5547495336266128 0.9649977875798095 
1.5547491995404146 0.9649968484943332 
1.5547496982382902 0.9649979820568332 
1.554749941605653 0.964999362139076 
1.5547503366318074 0.9650010190789855 
1.5547506614330548 0.9650018791289893 
1.554750557773858 0.9650039219394776 
1.5547503806369773 0.9650066190158122 
1.554750190409741 0.9650069712594669 
1.5547503401975657 0.9650091625068277 
1.5547507723867593 0.9650130676987817 
1.5547509425343187 0.9650139277940757 
1.554750820523083 0.9650151151377993 
1.5547512885497385 0.9650169321273456 
1.5547512511706145 0.9650191180464671 
1.5547520299187976 0.9650237584143116 
1.5547517669255433 0.9650269881011772 
1.554751661902576 0.9650277481040122 
1.5547517515847826 0.9650301213729218 
1.5547515294786183 0.9650306978352445 
1.5547516533219603 0.9650331939342087 
1.5547520839791003 0.9650368713031237 
1.554752113817621 0.9650400013143996 
1.5547521484070865 0.9650437825018526 
1.5547520734925822 0.9650456240250963 
1.5547520001968376 0.9650479096674575 
1.554751961387027 0.9650477441316133 
1.5547525531842545 0.965048696329536 
1.5547531285767322 0.9650500717569115 
1.554753186176817 0.9650523342827233 
1.5547530606493487 0.965052321671651 
1.5547531488907227 0.9650544552014869 
1.5547524933524575 0.9650526658016532 
1.5547527133183403 0.9650531552157465 
1.5547527255658564 0.9650541813608641 
1.554753044768199 0.9650543865528686 
1.5547531297560635 0.9650556115420186 
1.5547538058735597 0.9650577246813687 
1.554754140645726 0.965062392924355 
1.5547542093821778 0.9650655197700357 
1.5547548496410164 0.9650687612366478 
1.554755335672693 0.9650706365004692 
1.5547557089727997 0.9650706146836229 
1.554756823006834 0.9650731253740086 
1.5547564510297638 0.9650752166146664 
1.5547560246661654 0.9650744237698538 
1.5547557635609592 0.9650761159628257 
1.554755766783409 0.9650776367721341 
1.5547562034448335 0.9650798095308589 
1.554756584997352 0.9650814294021193 
1.5547568309107633 0.9650827369204964 
1.554757191102533 0.9650858910923138 
1.554756424272962 0.9650898922785313 
1.5547565851215244 0.9650898755763433 
1.5547571998264567 0.9650921819855185 
1.5547575637262359 0.9650967243155678 
1.5547581408508477 0.9651003342841793 
1.5547578828701614 0.9651011984442702 
1.5547581720057086 0.9651022901578291 
1.5547586373080715 0.9651038671503286 
1.5547586568144425 0.9651041629558853 
1.554758714822227 0.9651052119104248 
1.5547587243619112 0.9651086486894213 
1.554759065030577 0.9651086121906507 
1.5547595202747435 0.965111889855959 
1.5547597772688075 0.9651126045071822 
1.5547595151945208 0.9651139667050135 
1.5547598106807448 0.9651159831058135 
1.5547600474537846 0.9651173868567039 
1.5547600195812057 0.9651164968435977 
1.5547594785034713 0.9651130399479836 
1.554759676843144 0.9651130973128962 
1.554760494781557 0.9651172104130689 
1.554760512033787 0.9651183970278159 
1.5547604843433809 0.9651187819514835 
1.5547601138660765 0.9651163924381889 
1.5547600557372665 0.9651182789343705 
1.5547600442581397 0.9651197021315981 
1.5547605773768545 0.9651202050556376 
1.554760798639752 0.9651214667322108 
1.554760452241126 0.9651206080650154 
1.5547602585584015 0.965119791564228 
1.554760906977972 0.9651210834693241 
1.554761313191249 0.9651236002447072 
1.554761066412185 0.965124305785892 
1.5547611951680775 0.9651250780790531 
1.554761121414105 0.965126911270852 
1.5547608862953803 0.9651273115807233 
1.5547608345338229 0.9651269417044035 
1.5547609401520166 0.9651278853173553 
1.5547608591237652 0.9651295539505644 
1.5547605812347887 0.9651290627252005 
1.5547606166422838 0.9651296640184014 
1.5547607520500093 0.9651303485512004 
1.554760436675955 0.9651313406808234 
1.554760820077563 0.9651313342719816 
1.5547609834866842 0.9651318122638625 
1.5547614628064887 0.9651343713776579 
1.5547614609877976 0.9651352335199991 
1.5547618112305532 0.965135837339454 
1.554761720635244 0.9651369972753213 
1.5547622393345666 0.9651368623996293 
1.5547621825825082 0.9651372392828372 
1.554762103824105 0.9651386586169475 
1.5547616900126593 0.9651398160031648 
1.5547614009838067 0.9651410128196148 
1.5547612138962847 0.9651419597602925 
1.5547615910385093 0.9651430136006434 
1.5547619104156176 0.9651438897142622 
1.5547622233281233 0.9651428069956087 
1.5547618534106695 0.9651422965068264 
1.5547618498506874 0.9651426616251831 
1.5547619089398685 0.9651447199300985 
1.5547622397985448 0.9651468470814302 
1.5547624854843833 0.9651502250215709 
1.5547622762040045 0.9651514070943334 
1.554762354571022 0.9651541529978775 
1.5547627234890722 0.9651567454556088 
1.5547625881919125 0.965158496561297 
1.5547622909777201 0.965160222839022 
1.5547619504630412 0.9651583205499482 
1.5547626199420865 0.9651590058692828 
1.5547631866657887 0.9651623401633758 
1.5547629186315002 0.9651642365025915 
1.5547629501761766 0.9651643804037064 
1.5547632961414708 0.9651656426117586 
1.5547635245639349 0.9651675667623113 
1.5547629923550492 0.9651681776962746 
1.5547626640389953 0.9651672535664182 
1.5547631625904104 0.965169515821134 
1.5547631948569314 0.9651717593827936 
1.5547637576771602 0.965173146052374 
1.5547643440144903 0.9651773532410721 
1.5547645263992538 0.9651790229586473 
1.5547649933594037 0.9651804095059578 
1.5547655097299649 0.9651830568536711 
1.5547654030270308 0.9651851705487912 
1.5547656195247859 0.9651871675998733 
1.5547652993353476 0.965188420476221 
1.5547651270917848 0.9651875200364189 
1.5547649955919531 0.9651883467500375 
1.5547648149269406 0.9651890526767678 
1.5547650435206346 0.9651909832646134 
1.5547652824017895 0.9651935711506398 
1.5547654253837113 0.9651957193998829 
1.5547654499958259 0.9651978135798587 
1.5547653136872204 0.9651977251025566 
1.5547658476839006 0.9651995254379121 
1.5547661267725457 0.9652025821384791 
1.5547663374757605 0.9652036997021811 
1.5547668498357905 0.9652057767130754 
1.5547668332903897 0.9652068095951721 
1.5547666522465544 0.9652068600049785 
1.5547666642466627 0.965206877833796 
1.5547661812726652 0.9652070009821931 
1.5547661810755917 0.9652068600707658 
1.5547659568267935 0.9652070903423209 
1.5547658004535692 0.9652066946413667 
1.5547660728045165 0.9652075675015366 
1.5547664144888977 0.9652087087200115 
1.5547667551239737 0.9652084102535649 
1.554766771770504 0.965208149236904 
1.5547670590441327 0.9652099949527383 
1.5547673754792477 0.9652122273009296 
1.5547676391849568 0.9652142381455044 
1.5547678166032728 0.9652148876640724 
1.5547680831747268 0.9652163994223276 
1.5547685166289174 0.9652186276660258 
1.5547687306110032 0.9652204115590831 
1.5547689500552866 0.9652207907210142 
1.5547691134841586 0.965221930412025 
1.554769719277593 0.9652242416597298 
1.5547698253851798 0.9652268709963051 
1.5547700212392819 0.9652288133999458 
1.554769687954715 0.9652295884194848 
1.5547697569560959 0.965231231436819 
1.5547697161044816 0.9652309119900971 
1.5547697297004943 0.9652309515128331 
1.554770330902091 0.9652343294922263 
1.5547702544894437 0.9652359514953618 
1.5547702814982387 0.9652365155784468 
1.5547700286981694 0.965236961967338 
1.5547701570871404 0.9652366948487825 
1.5547700565146065 0.9652355972751356 
1.5547702647792019 0.9652361020584168 
1.5547700629422974 0.9652346290830297 
1.5547697986962208 0.9652339331837673 
1.5547694433929609 0.9652331411958998 
1.5547692649552365 0.9652331790881773 
1.5547690121082671 0.9652332666852941 
1.5547690340261968 0.9652337243653717 
1.554768549021131 0.9652337178558608 
1.5547682953502961 0.9652336973770628 
1.5547688223894778 0.9652353162789699 
1.5547694432620345 0.9652385769081717 
1.55476976072549 0.9652395962123732 
1.5547696612191872 0.965240672304301 
1.5547695214185073 0.9652415203574253 
1.5547696069711936 0.9652429238206067 
1.5547700956454822 0.9652429763011408 
1.5547704336715789 0.9652443358975771 
1.5547704470053187 0.9652446617832287 
1.554770780075356 0.9652451465236491 
1.5547710437812041 0.9652472954540668 
1.5547711282373236 0.9652479884796603 
1.5547711273779397 0.9652482715060889 
1.5547716125731343 0.9652505657784488 
1.5547718925712029 0.9652515197753914 
1.5547717239685483 0.9652532698554923 
1.554772105711921 0.9652525276187732 
1.5547719546331331 0.9652530480305207 
1.554772331673613 0.9652540157200638 
1.554772647519166 0.9652554275661793 
1.5547728237942027 0.9652552982651211 
1.554772920300424 0.965256270168855 
1.5547724509967287 0.9652555857925142 
1.554772245765673 0.9652553945227302 
1.5547720348718486 0.9652562507863078 
1.5547723924101806 0.9652564861958108 
1.5547726189917674 0.9652573760880925 
1.5547726023314001 0.9652577102633516 
1.5547723250187329 0.9652574704923024 
1.5547727071216308 0.9652576243486117 
1.5547725355837672 0.9652591134597291 
1.554772559681327 0.9652602649075608 
1.5547724942056673 0.965259787946786 
1.5547724218832504 0.9652588818914318 
1.5547720550123263 0.9652580175176987 
1.5547722577740581 0.9652586744769219 
1.554772153281438 0.9652592503803898 
1.5547724306692134 0.9652607346725977 
1.5547725658890632 0.9652611555050847 
1.554772805410023 0.9652643744476137 
1.5547731606291373 0.9652658464504694 
1.55477294813298 0.9652667271765448 
1.554772866264987 0.9652663858815578 
1.5547728186062675 0.9652661673300489 
1.5547730470451195 0.9652679450930552 
1.5547729113040452 0.9652694227728924 
1.5547734610793404 0.9652697846616011 
1.554773527698322 0.9652710864673755 
1.5547731505045042 0.9652719618711298 
1.55477333288662 0.9652740735184212 
1.5547735380700534 0.9652765043171478 
1.5547734030737292 0.9652760715698678 
1.5547730341148955 0.9652744859624425 
1.55477303054663 0.9652744937891216 
1.5547727443203796 0.9652746586256106 
1.554772541001273 0.9652751680287464 
1.5547721021709768 0.9652738391846929 
1.5547721275886788 0.9652737232915594 
1.554772113098823 0.9652739011795707 
1.5547723118793946 0.9652746036554706 
1.5547724113336383 0.9652757761077908 
1.5547724933104508 0.9652781608615905 
1.5547730207358679 0.9652792873510941 
1.5547731466148413 0.9652805742967961 
1.5547732854355107 0.9652830229404755 
1.5547736611170568 0.9652855713445722 
1.5547740303757964 0.9652893668883427 
1.5547744606491156 0.9652914745031245 
1.5547741487080429 0.9652914275983366 
1.554774615819888 0.9652909436614366 
1.5547749989636834 0.9652914607129784 
1.554775057277906 0.965291348071495 
1.554774990395911 0.965292083326004 
1.554774761824578 0.9652922941660356 
1.5547746550783312 0.9652930486352186 
1.5547754231608861 0.9652960631186939 
1.5547759146099576 0.9652998029799805 
1.554775703429157 0.9652999869228857 
1.5547756247100262 0.9653009251165153 
1.554775840703829 0.9653018245059106 
1.5547756614352006 0.9653005709940887 
