0.8246763267620248 0.0 
0.8211806522510181 0.9645796567896371 
0.8611956213586285 0.8568311334574212 
0.8496593737151383 0.8253087618618333 
0.8625770546382406 0.7972370896052605 
0.8596985090990807 0.7832309070882568 
0.8670833910505507 0.7722512054069934 
0.869116596558822 0.7620990051052227 
0.8711411949402611 0.7477259247461884 
0.8685229337306123 0.749396240309728 
0.8696765852200623 0.7462404576688711 
0.8685658810754063 0.7476593735081011 
0.8724509081850256 0.732002674841999 
0.8720129020357182 0.7533322941340385 
0.8681086308607301 0.7560079744507658 
0.8640003359864569 0.7517921202523183 
0.861016212114403 0.7521594612279637 
0.8603637200135851 0.7391129604330512 
0.8582661918148029 0.7358140567681698 
0.8583616821708944 0.73167699443053 
0.8557765198295724 0.7397063502639838 
0.8536028926681767 0.7329846522216417 
0.8516780219594048 0.7367554506193659 
0.850136408873471 0.7356097464183305 
0.8484425352687085 0.7389618418885474 
0.8457341568601005 0.7312502019670063 
0.843230542263778 0.7401544922687117 
0.8426495458857174 0.7296335079263129 
0.8417576370009614 0.7251052022206766 
0.8413352300419604 0.7345100420117565 
0.8404824251440529 0.7299213566489858 
0.8391804285463478 0.7176900729456721 
0.838046615436924 0.722750033496759 
0.8381123368993416 0.7239037792005798 
0.8379595569529946 0.7266734598337394 
0.8368282668534106 0.7283664564548524 
0.8365331199680454 0.7210870836160699 
0.8363736901773906 0.7349626621749613 
0.8355315504365349 0.7284650735062245 
0.8345460179460213 0.7131388390464272 
0.833492307133827 0.7014074991391802 
0.8326325559532235 0.7082928202335393 
0.8325661190867875 0.7100175145154272 
0.8317233370957943 0.7148572096813188 
0.8310908151997611 0.7042233282220177 
0.8303380243046964 0.7121924581845864 
0.8292955503432724 0.7082784674352732 
0.8282609755106043 0.7091591865926519 
0.8274355557309958 0.6989307384232982 
0.8262639930122057 0.7111025430254132 
0.8263319649362623 0.7027133330384541 
0.825908248442592 0.719529098601975 
0.8258268751845955 0.7166020396091926 
0.8251616906960014 0.7052842231262976 
0.8244597546778759 0.7065395955417076 
0.8238846860233559 0.719461521488976 
0.8235841113504159 0.7083400093315526 
0.82302663809271 0.7093460643301096 
0.8228993760692088 0.7056185622917808 
0.8227372551487573 0.7154318898026366 
0.822341733301484 0.7116607120513988 
0.8220325302125658 0.7026169700014802 
0.8218198014944528 0.7103414477506306 
0.8218565109510492 0.7157659760822733 
0.8218811047683073 0.7179373245594172 
0.8218020068381108 0.7267715060185836 
0.8212117282490982 0.7119455127393721 
0.8205680006134402 0.7022564684412756 
0.8202295037859553 0.7024070107949825 
0.8197889276836714 0.7072212021722776 
0.819260542846526 0.7156925787410745 
0.8182802245593651 0.7070301804070598 
0.8175937952037643 0.7097130519784572 
0.8169203707665673 0.6999062339812212 
0.8160602490264705 0.707132340001437 
0.8158040050105266 0.7142053629870492 
0.815578209158863 0.7130413169224322 
0.8147357765560642 0.7148949663030155 
0.8139027420794525 0.7209122459502832 
0.8132096719481058 0.7120133906999188 
0.8127614516107946 0.7141323877352687 
0.8127908981198052 0.7081504566483501 
0.8122561008155108 0.700122443182619 
0.812032695778207 0.7103537122936742 
0.8114222852896865 0.709973694146169 
0.8108856062395667 0.6991706039366965 
0.8102139003792809 0.7003255724325904 
0.8100578911692861 0.6991263943806969 
0.8115869128933837 0.7207509266607981 
0.8121805415557418 0.7237070743960798 
0.8117342796703158 0.7021396649269174 
0.8113434086650126 0.724856579187669 
0.8106040584536841 0.7092293866869961 
0.810176682010275 0.7093597617877856 
0.8095551805228739 0.7088145512126328 
0.8092257891393863 0.6993504023777929 
0.8085574556932158 0.7209189814695196 
0.8079421418280776 0.6952759906785114 
0.807439532512388 0.7166192447627929 
0.8071697189087176 0.7081012519182778 
0.8068913951535935 0.7031486654448766 
0.8064336111040163 0.7070046029580022 
0.8061043259258055 0.7054453677880462 
0.8056414743358876 0.7164750870252942 
0.8049987303614463 0.709617572635911 
0.8043555802894718 0.6892381126716887 
0.8039719763550925 0.7017491994789167 
0.8038336713700376 0.7134559226929026 
0.8037618055144791 0.6929483658350158 
0.8033564347847577 0.7051477707672172 
0.8029371355739888 0.70824170162157 
0.8026509393730561 0.7140737269200144 
0.802019625917448 0.707535982491506 
0.8014854482919991 0.6932259152544747 
0.8012227518686597 0.7060747762741397 
0.8006977059074291 0.7037207752082383 
0.8002669599691585 0.6935906666944224 
0.799690354432053 0.7008853296351218 
0.7993777410551792 0.6955682493421713 
0.7987936803037948 0.7052158973973022 
0.7983601945173127 0.7118574199945905 
0.798107477201036 0.7068929253815318 
0.7978236376504341 0.7139032950794436 
0.7974816027151437 0.7086073918503825 
0.7968256114481784 0.7073010139011133 
0.7963105348643222 0.7172092839606794 
0.795877335501184 0.7182080792370131 
0.7956449663047664 0.714377006518721 
0.7953355612269772 0.7209179278926813 
0.7950230454730618 0.7119374315858445 
0.7948834875117105 0.6953312492127898 
0.7947500590564242 0.7059046493653273 
0.7943955897676835 0.7095179838635175 
0.7940895114097241 0.6942340423968613 
0.7935508629706873 0.706534631888613 
0.7932090292225705 0.6937800780192819 
0.7929616181349061 0.7089769125367192 
0.7926299381653267 0.6973819683860295 
0.7924371890614671 0.7171961961690356 
0.7920950125497833 0.7005794082691832 
0.7919165978280513 0.7039507518231417 
0.7918330119226363 0.7145859601808459 
0.7915751762470906 0.6878986369859555 
0.7911980228162646 0.696217938716133 
0.7907941506695108 0.7102377497232137 
0.7904121197668513 0.7046057937321094 
0.7901236962372548 0.7106409950325167 
0.7899007107964043 0.7027721468099883 
0.7898064282418266 0.7070769680544814 
0.789640373253393 0.7139851135524072 
0.7894907468805069 0.7077974738299564 
0.7895040845766591 0.6984364429106842 
0.7893417373879663 0.7086666025782439 
0.7889764303875911 0.701667571650328 
0.7886593780546028 0.6944602647190292 
0.7884251827221297 0.6959832003945786 
0.7881818748173356 0.7096612122697612 
0.788093588331093 0.7084686350591738 
0.7878985623732898 0.7105842724488112 
0.787627095830273 0.7085734479533939 
0.7873492446432938 0.7018358637327482 
0.787133182573125 0.7054388419800401 
0.7870181683291132 0.689975450703132 
0.7869601577536135 0.6999681696638786 
0.7868028495167521 0.7058812044676022 
0.7864034970670896 0.7051650340808627 
0.7860705327489261 0.7013401865037485 
0.7858439870110003 0.6890318710879071 
0.7854885032260339 0.7045611829768871 
0.7851843394127347 0.707955421740184 
0.7847647557977208 0.7019898365051422 
0.7844192277171484 0.6976927204891861 
0.7841462149918313 0.6911762456370123 
0.7838230041850927 0.6999109167633839 
0.7834757668299601 0.6898571753668666 
0.7831603609257715 0.6915881736317816 
0.7829324416342052 0.7133247215038687 
0.7826641363767332 0.7028230363602873 
0.7825047000800172 0.7096478300302526 
0.7822753382036477 0.7057935838327605 
0.7822086617340048 0.6856073605650114 
0.7821211382251421 0.7001156639013296 
0.7821040977056858 0.6942660046701651 
0.7820015686881423 0.7027127931214677 
0.781853915451791 0.7086825571368885 
0.7818073351377722 0.6936529817263405 
0.7817233662173367 0.7009265807393622 
0.7815542928009308 0.7008571118549168 
0.7814369257858306 0.7038428993138209 
0.7812160435821303 0.7053945959364736 
0.780834587784308 0.7133419319301115 
0.7805842539355397 0.7067943894177385 
0.7804188124795581 0.6983104305981813 
0.7802483806536964 0.7150468939215603 
0.7800113845912241 0.7027182643037272 
0.7798876439382829 0.6955893278033115 
0.7797682886423115 0.7147284958641976 
0.7796325151028498 0.6988888994110638 
0.7794600731241802 0.689455118433021 
0.779402817629152 0.6983663541685785 
0.7792429269212856 0.7044726979559571 
0.7790588586096386 0.7032090028331277 
0.7789359817309589 0.7048062532930292 
0.7786742938367059 0.6982423082291427 
0.7785550321594081 0.7176707583312236 
0.7784539484470661 0.7018219556803491 
0.7783615621228658 0.6970042213171576 
0.7781914847372118 0.7030271736039446 
0.778039546586561 0.7100353853816694 
0.7779403624264617 0.6953514457460196 
0.7777149668281707 0.688653152141374 
0.7775019210839051 0.687278899481272 
0.7773570086158478 0.6960758953825046 
0.7772190364871306 0.6952290568110695 
0.7769936786097073 0.6960961648347905 
0.7768004311193081 0.6859455052514034 
0.7766415575008014 0.718383589810031 
0.7763496553245137 0.7052497998750231 
0.7761967530571547 0.6910066457686111 
0.7759073862529904 0.7018318185708027 
0.7756071796328957 0.6877674960155449 
0.775463687738756 0.6994960119818079 
0.7752511765862654 0.688548420181239 
0.7750582004852896 0.6811781402375433 
0.7746553146559315 0.6969153436951908 
0.7744176884446471 0.6957171648093675 
0.7744073031697166 0.7127250832195879 
0.7743480137266682 0.7073580856868178 
0.7741788417397062 0.7034858054358571 
0.7740420489796626 0.6987945252109019 
0.7741266512021036 0.7015447725631754 
0.7740554583683169 0.6999724030438137 
0.7739131016260652 0.709430199408976 
0.7737151994794937 0.7019468937903236 
0.773528127434776 0.7079498546698956 
0.7732507082453556 0.6961882141460597 
0.773069679886049 0.6996017153582003 
0.7729754566085014 0.7056778301290975 
0.7727864600372728 0.7024067974788021 
0.7726796696829414 0.6904969716399584 
0.7726358585370914 0.6841901879893701 
0.7725165867025269 0.6981071864912874 
0.7723551196412267 0.6973254775746013 
0.772227193651378 0.6990074664429533 
0.7720629509300492 0.7061039118231057 
0.7719818999509749 0.6984536867280895 
0.7718874020796437 0.6982212307113633 
0.771712947255631 0.7047556840733704 
0.7715574526207697 0.704369606253631 
0.7713357724939693 0.6835289393348423 
0.7711718644701315 0.6897713996598207 
0.770990986099805 0.7117272764556215 
0.7707705960963304 0.7070303292393662 
0.7707152991799133 0.701237976442016 
0.7707203085469027 0.7069411992208756 
0.770701231398959 0.7047789035318844 
0.7705037775518286 0.717892754762246 
0.7704452628628496 0.7087202390217693 
0.7704094483596321 0.6969340590033557 
0.7703240934176934 0.7012357980847181 
0.7701330721871537 0.7039623809813763 
0.7700536880519331 0.6917593906865878 
0.7699890358600961 0.6870662491641302 
0.7699110280527947 0.6932932834068234 
0.7698083866913501 0.6881910559822689 
0.7697025656035367 0.6910434933675694 
0.7695622549749603 0.6983054245772218 
0.769419205179939 0.6797901756859698 
0.7693873953906947 0.6988597515994243 
0.7693191556183606 0.7048585838002809 
0.769145099431127 0.6983801733699023 
0.7689996105470362 0.6951747606333296 
0.7687544021416957 0.6982911235625098 
0.7685661170491572 0.6989779591257702 
0.7683893741305677 0.7139288215621753 
0.7682839851392083 0.692563450474874 
0.7681105891288386 0.6917807725350517 
0.7679926079604718 0.7040049810981395 
0.7678560893583531 0.6920920169069765 
0.7677364136760912 0.6902527941625503 
0.767680235532662 0.7037378603578005 
0.7675432408174584 0.6803183790099273 
0.7674199732009824 0.6908295972246403 
0.7673961399087935 0.6877360984303043 
0.7673000961184653 0.6971776211005538 
0.7672306732940447 0.6820032617825595 
0.7671472737014612 0.7002893628721489 
0.7671632594760934 0.7050332686624178 
0.7671700612219196 0.7031919737167922 
0.7671720544631884 0.7029223434123694 
0.7671810683792478 0.7009185152049183 
0.7671337161625659 0.7145269587791273 
0.7669846378465006 0.702346176637364 
0.7668301273416409 0.7100658655389923 
0.7666923728311679 0.6959306451626465 
0.7666589341375488 0.6934774116242456 
0.7665433866365979 0.7011159578489714 
0.7664313305971415 0.7058026786891444 
0.7664477630168367 0.7067908805350325 
0.7663971561568628 0.6914925995072511 
0.7663592413324486 0.6896476353385819 
0.7661967829379696 0.6945969602087553 
0.7660957552842416 0.6953838258860257 
0.7660196841513713 0.6968174565976727 
0.7659262039537336 0.7146125310552696 
0.7658140367791916 0.6787311556166773 
0.7656711455388971 0.6898188318942021 
0.7656009910909405 0.7049419632467486 
0.7656028733886675 0.6912921571679321 
0.7654182983504049 0.709368676872078 
0.7652335237258352 0.6743449459845275 
0.7651690346594298 0.7123909330069467 
0.7651085895634829 0.701284285770887 
0.7649580412321423 0.6855511042544303 
0.7648077402759375 0.6936616087255708 
0.7647226114935075 0.697680413795047 
0.7646615620255446 0.6974488793354726 
0.7645518156226585 0.6919656118081216 
0.7644502074914395 0.6956206554300077 
0.7643331071260192 0.7122708863740568 
0.7643165415332774 0.6954218261873792 
0.7643153219481749 0.7129551979819624 
0.7642064362246244 0.7098113236284602 
0.7641104656866782 0.6950983587092858 
0.764066095480707 0.6945620547865246 
0.7639752135609933 0.6881127747139206 
0.7638104478539501 0.6942668898001956 
0.7636217188258295 0.7152964012512775 
0.7635063039526596 0.701636706234549 
0.7634433911344597 0.6987021091588277 
0.7633842898120151 0.707010790991715 
0.76327646513685 0.7002796286517761 
0.7632399332847347 0.7046740883158349 
0.7632449067791226 0.6854475886956223 
0.7632482566827798 0.6875379072950815 
0.7631842171977067 0.7000890215492537 
0.7631489647968374 0.6971241648868589 
0.7630770493992186 0.6902005209443363 
0.7629317833232592 0.7091808489067706 
0.7627984864473751 0.6860934604702724 
0.7627242444971467 0.6789902875361952 
0.7626149897555828 0.7117285316950318 
0.7624351809250948 0.691304539566612 
0.7623035980726832 0.7018808889079041 
0.7622470137203162 0.701247140383074 
0.7621893349688578 0.6943155266306739 
0.7622019751721191 0.7027782342020171 
0.762187258292165 0.7027536314466056 
0.7622028574449434 0.6953940804063751 
0.7621032902850047 0.699038720020672 
0.7620396434479775 0.6948597025519676 
0.7619235850315209 0.695405543412675 
0.7618110871887841 0.6925099453893695 
0.761707106657198 0.7060721179601988 
0.7616483091855525 0.6991260813402541 
0.7615673390021517 0.7005628884852447 
0.7614320475150512 0.670477576891312 
0.7613678346937519 0.6998805419870061 
0.7612542567379038 0.7051216104496456 
0.7611886892085936 0.6941976249721895 
0.7611657067054939 0.7013220840579717 
0.7610727371762162 0.6948126725190893 
0.7609578882588526 0.7085173370711719 
0.7609318478222592 0.6998282277761699 
0.7608003202907527 0.709173292179638 
0.7607568141619717 0.696229733087248 
0.7607070997343433 0.7142516494756577 
0.7605649278647746 0.7014953432637913 
0.7605176841348509 0.6999099481788644 
0.7605050825419402 0.6862201633961903 
0.7604342652882901 0.6892094518041723 
0.7603505743238864 0.7036603697084458 
0.7602924991613558 0.6959213367554911 
0.7602093293905868 0.6924965628167391 
0.7601867485492512 0.688314865102667 
0.7600261595329723 0.6871442706895403 
0.7599131339880713 0.6751561042693696 
0.7597771185332467 0.6887595610984898 
0.7596480792756927 0.7037757594398747 
0.7595011758149408 0.6881836787198369 
0.7594520668414927 0.694220834074943 
0.7593715162134549 0.697551532894444 
0.759231691814089 0.708298801127367 
0.7591390316396499 0.7019384980127987 
0.7590015421583718 0.6961637706619443 
0.7589033011511966 0.6790980610626675 
0.7587793075196054 0.7052886042829796 
0.7585802221665329 0.693941202199309 
0.7584779085981567 0.7136631538934767 
0.758372124783168 0.7004261456142079 
0.7583232566571895 0.693675846373611 
0.758255245892776 0.6943375669873659 
0.7581537034180763 0.6975690716051215 
0.7579791665925506 0.6954044327064619 
0.7578653532017876 0.691081272328952 
0.7577976061578167 0.6980562708729441 
0.7577023439769367 0.6953112668060253 
0.7576005855919306 0.70544137620505 
0.7574757029173296 0.7005586757033337 
0.7573933120527704 0.6921534842119059 
0.7573351200863926 0.6922028501801567 
0.7572549102213424 0.7072107216476623 
0.7571565314878166 0.7118706561497118 
0.7570330251108307 0.678645546419026 
0.7569645214762437 0.6965560134954578 
0.7568953423479055 0.6879683650338164 
0.7568108903956489 0.6967295867750385 
0.7568030941210887 0.7079482764335812 
0.7567833950361885 0.7076816351069284 
0.7567039112171723 0.6900923583532914 
0.7566725431876171 0.6997106303834594 
0.7566280526639858 0.6909069747953153 
0.7566146774405197 0.6796985699615571 
0.756587326196463 0.6985699390359311 
0.7565019228780747 0.6867611956378483 
0.7563989523430269 0.685457985631399 
0.7563271983084374 0.6938851109574261 
0.7563133620275823 0.6837813263471745 
0.7563035823559469 0.691957490138722 
0.7563094786458732 0.6946820986873198 
0.7562707060291345 0.684658509431389 
0.7562455004551415 0.7019882809331547 
0.7562484060548896 0.6986802811288874 
0.7561860472152159 0.6916108299522625 
0.7560383242391993 0.6952185465309038 
0.7559825105108695 0.6856354993305698 
0.7558755821484889 0.6963339967437332 
0.7557991221953887 0.681303466145385 
0.755703650548123 0.6997192407143996 
0.7556250923954017 0.6851538313695467 
0.7556093029299896 0.696784553063297 
0.7555098938836934 0.7024784024180808 
0.7555134314442643 0.6893579743623688 
0.7554323112715595 0.7000423031925944 
0.7553385916158357 0.7153547253658789 
0.7553333106022114 0.7018046664943167 
0.7553078795139913 0.6890557098559286 
0.7553158568724603 0.6769426258259956 
0.755260917098656 0.6820054503511351 
0.7553000104770489 0.714717750075363 
0.755290658623235 0.6784931290326423 
0.7552672197154205 0.7018099260838626 
0.7551790398986201 0.6954440600119297 
0.7550806209664741 0.6954151555097152 
0.7549761841922789 0.7024234471819358 
0.7549468062883984 0.6885916594906072 
0.7548883989516129 0.6929364172805722 
0.7548434205994047 0.6975655207320499 
0.7548100977349591 0.7010869502794049 
0.7547677078412331 0.6938559115426438 
0.7547284564397426 0.6836116587248282 
0.754645443395151 0.6934598320409887 
0.7546210219318845 0.6973760046207411 
0.7545350791023046 0.7022111400379034 
0.7544733692322788 0.6915695738670565 
0.7543601483634046 0.687367356064949 
0.7543207914744083 0.7053328496772602 
0.75430411617325 0.6925987934296357 
0.7542235018018127 0.692251127585313 
0.7542001289294443 0.6815847527855268 
0.7542206865633521 0.6900416878875643 
0.7541460092839037 0.6945009257038657 
0.7540407257411428 0.6959150519258119 
0.7539521117212731 0.6870411929241564 
0.7538647685287897 0.7034895407237476 
0.7537950942146583 0.7069884478754308 
0.753791949442342 0.6906630012282613 
0.7537150371743844 0.6858208251057726 
0.7536784972858425 0.6977608904343726 
0.7536682141613226 0.7011303365896965 
0.7536347604142746 0.700788374406876 
0.7536300658096801 0.7082766646535744 
0.7535852791332851 0.6926650009331671 
0.7536068501782329 0.69011953097426 
0.7535924094187024 0.6863381069484296 
0.7535349725763125 0.6905576246941466 
0.7534201227393581 0.6974272132641484 
0.7533436372559492 0.6814627814408794 
0.7533503441739792 0.6818774761422662 
0.7533282265647804 0.6877089154645218 
0.7532516162352272 0.7066499330149499 
0.7532178838089579 0.6930519366830749 
0.7531330119278208 0.7001630781113465 
0.7531207303137005 0.6874635985293096 
0.7531200329232158 0.6907019889399701 
0.7530962132766545 0.691431635467118 
0.7530748297701609 0.7028550318231308 
0.7530434302015429 0.6913341820342924 
0.7530329237598243 0.6815930265302879 
0.7530006791850405 0.6805966301574377 
0.7529563687667606 0.6644058370025093 
0.7529309382826708 0.6948072433803577 
0.7529047171900858 0.6871619810245714 
0.7528836126243771 0.6931671745706374 
0.7529009662283128 0.6907114764949203 
0.7528522730724564 0.6762336278163281 
0.7528825073179987 0.7041180384884699 
0.7528140144230026 0.6874380891899936 
0.7527163447548555 0.701214827114136 
0.7526642825705436 0.7083661461877626 
0.752614181766339 0.6835238802859379 
0.7526168417475123 0.698843308614134 
0.7526066355105969 0.6966670751199956 
0.7525984824662624 0.7073693195970735 
0.7525386477334809 0.6906838125257002 
0.752450757686178 0.6964249083547119 
0.752396360365278 0.6889955328909697 
0.7523363884919986 0.6948692488674368 
0.752272817186233 0.7061240043994087 
0.7522406481958575 0.6932423437176963 
0.7521987055275662 0.7000793994357741 
0.7521460756172688 0.6952612517637462 
0.752073806135058 0.7057038721056245 
0.7520385214749278 0.6959569873842198 
0.751998468294678 0.6984612041996215 
0.7519670753036616 0.703875806216991 
0.7519575118261865 0.6982142564239182 
0.7519780590504643 0.6879389608879882 
0.7519948151508244 0.7111380912216954 
0.7518945428354084 0.6755046264426117 
0.7518134323944504 0.6864117152969519 
0.7517570274149524 0.6999123585008634 
0.7518045904577016 0.6770668435829099 
0.7517415076135492 0.6891790832072692 
0.7517186427259595 0.6944031080986816 
0.751666662656958 0.6950632170565334 
0.7515776674773753 0.7015285539310467 
0.7515568449466844 0.6984093752562767 
0.7515321922531775 0.6752159240285212 
0.7514731051777854 0.6876246749266588 
0.7513636279963155 0.6968516295773189 
0.7513269898739009 0.6957095146075492 
0.751368357942704 0.6894833782757815 
0.7513150445691413 0.6731418284087225 
0.7512577552139572 0.6866500275425318 
0.7511828103511102 0.6890545871361966 
0.7510974365937304 0.69457656545875 
0.7510337086400081 0.6882035028327864 
0.750962197931338 0.6920408770759602 
0.7509263585065236 0.6890606742886365 
0.7508827956512175 0.6926724023872356 
0.7508183141536696 0.6829322531329608 
0.7507511870291865 0.6863706807724713 
0.7506850610972017 0.6894201350361384 
0.7506179781108754 0.6917875970685656 
0.7505669878946593 0.6837128373196398 
0.7505497729823869 0.6894650575702957 
0.7505090846018978 0.6898289662080643 
0.7504758711040923 0.6796664303775818 
0.7504099898334183 0.7041252956869538 
0.7503912224517094 0.697367607245593 
0.750430394274814 0.6825889880646528 
0.750417895673613 0.6988609458873495 
0.7503401429712573 0.6748445310544081 
0.750247400961113 0.679401788049235 
0.7501900383107073 0.6993638544321416 
0.7501314458177029 0.6950087502552736 
0.750079806896666 0.6933489973327384 
0.7499948503867443 0.6971699527649495 
0.7499416540896416 0.678153391503325 
0.749918635624863 0.6909945672271997 
0.7498970296711022 0.6949106000057569 
0.749901414814127 0.6965458383546784 
0.7498550798647884 0.67253483466657 
0.7498187863973169 0.6881675007447609 
0.7497985802701895 0.6944001507953186 
0.7497524368177163 0.693942258971757 
0.7497097479108019 0.6823062435700274 
0.7497032130876314 0.6952626623910823 
0.7496958547103838 0.7052967800871116 
0.7496624391909056 0.6862213794598095 
0.7496100657883342 0.6948992912752686 
0.7495938369868834 0.6923058945964102 
0.7496240633878699 0.7023085447961332 
0.7496304769560564 0.6900721139276693 
0.7496288595542505 0.6987082663047691 
0.7495454583249975 0.6967484341041356 
0.7494709286411553 0.6696604411482658 
0.7494545333099949 0.6928075148617556 
0.7494152938377926 0.6993113055187395 
0.7493638792135716 0.6839441804026407 
0.7493480149000278 0.6937853988436873 
0.7493551144815545 0.6928327479063877 
0.7492938847235253 0.6883561033143079 
0.7492618663811755 0.6893974551428189 
0.7492388362975587 0.6919436522766346 
0.7492395599934556 0.6878825369004761 
0.7492204939418148 0.6911386697587631 
0.7491699529350178 0.6874882658573526 
0.7491325951056657 0.7012058989768651 
0.7491309820119054 0.6910361647430411 
0.7491300347484856 0.6969276751325605 
0.7491266906546107 0.6943800876179494 
0.749093173552991 0.7022679957741218 
0.7490690207887535 0.6974733349291089 
0.7490040026185341 0.6950135068510431 
0.7489697377831248 0.6817834037387783 
0.7489856902176917 0.680075119554351 
0.7489399857110312 0.6819897328282961 
0.7488467887876937 0.6922819057501693 
0.7488076404582665 0.6849635206432187 
0.7487671139866856 0.6969051870844938 
0.7487102582056986 0.6894498451614222 
0.748697073079641 0.6936036145630667 
0.7486886180043857 0.6801861643814832 
0.7486770637514366 0.7051121418647958 
0.7486551106381326 0.7008007715396062 
0.74862850390758 0.7062192980524056 
0.7486007166815166 0.7012943233322606 
0.7485977333762948 0.6968795333322393 
0.7485832776476545 0.6968907490067816 
0.7485787161943777 0.7019145664014383 
0.7485707708584615 0.6861050377127286 
0.7485880845516224 0.6981967202669904 
0.7485815437633758 0.672339283085092 
0.7485361786773796 0.6956347799331172 
0.7485068225568283 0.691354668152293 
0.7484194158783329 0.6879068451486207 
0.7483695222095473 0.6996602313719519 
0.7482935349331714 0.6886470234132012 
0.7481878961257608 0.7035266087461752 
0.748067822368152 0.6935560877870076 
0.7480324447720944 0.6768570285047131 
0.7480373884324903 0.6819419929007697 
0.7480261607801707 0.6983936007546493 
0.7480286672123059 0.7173797159516876 
0.7479741313056835 0.7087865542872539 
0.7479766258387655 0.6970882895526793 
0.7479662239922076 0.7007400511598635 
0.7479629629739707 0.7154260668487494 
0.7479565427342713 0.7025318390399679 
0.7479016336352128 0.6936425379561341 
0.7478684415735236 0.6723454348866515 
0.7477874277565115 0.688797252670419 
0.7477235146329264 0.6899735548967327 
0.7477001325116365 0.6927092111325721 
0.7476951643656942 0.6915047863164551 
0.7476665190024163 0.6978729143643714 
0.7476352471234589 0.6861205006150543 
0.7476111398356584 0.6842910966709042 
0.7476040249680016 0.7076985626924053 
0.7475932081496004 0.7047286073841365 
0.7475855299256026 0.6818314767894277 
0.7475561145167202 0.69006957863561 
0.747549541983601 0.6946955971837578 
0.7475399401581855 0.7048927795626014 
0.7475079663583314 0.687100960938046 
0.7474434019629382 0.6831992354743899 
0.7473774357496458 0.6895422787820389 
0.7473502541495335 0.6784913667654886 
0.7473327106058832 0.6924573317418073 
0.7472974210048449 0.6803230998815616 
0.7472820721209888 0.6994115750677368 
0.7472566151409472 0.6872307419474496 
0.7472678267108718 0.691264402540163 
0.7472248515296646 0.6854422381156289 
0.7472129762790201 0.6933263227824357 
0.7471729870267843 0.6929616146925099 
0.747127890072382 0.6857969487555733 
0.7470836180365243 0.6893493135048875 
0.7470577395087428 0.6753958678338475 
0.7470293629503322 0.6895830355780301 
0.7469899985663392 0.6786778955894538 
0.7469267271119635 0.6987638839760123 
0.7468997631770771 0.6971383095426299 
0.7468344212531619 0.7115757554110491 
0.7468309423890227 0.6794447308768325 
0.7468260452431192 0.6815060631295864 
0.7468141861930433 0.6998184199802769 
0.7468461222543605 0.6964954173495985 
0.7468557617041358 0.7021951724105254 
0.7468051768018502 0.6906870050747573 
0.7468147518604328 0.674806017033588 
0.7467581735969316 0.6978546476878065 
0.7467125377914867 0.6868894018562972 
0.7466867834418582 0.6959696412503865 
0.7466466063456482 0.6968054056939561 
0.7466198461043191 0.6878603365723605 
0.7465552039567971 0.7005280074750841 
0.7465163553024857 0.7023598567761866 
0.7465092469495149 0.6825661408363843 
0.7464907113843937 0.6910793851811876 
0.7464415257747373 0.6990400121614266 
0.7464202534759686 0.6914697193616912 
0.7463686596638177 0.7000719244347715 
0.7462807653292117 0.7076157281092385 
0.7461948774685442 0.6847978232023224 
0.7461557264530951 0.6872259617434855 
0.7461221888376229 0.6911719303215526 
0.7460813969061888 0.6813583288992275 
0.7460536039881233 0.6823851046129206 
0.7460439091617118 0.6925879723916541 
0.7459901221976333 0.6974253367466715 
0.7459841188975784 0.6909612443248431 
0.7459457047559955 0.7018729053310716 
0.7459338257373077 0.7042890814345495 
0.7459149428121834 0.684553214666001 
0.7459018342701208 0.6940760295209819 
0.7458832054930534 0.6736213376031144 
0.745896955692539 0.6867728547623283 
0.745908546293008 0.6933770977021546 
0.745914286621569 0.6923549537368676 
0.7459346718875183 0.6848654603496105 
0.7459354802809597 0.6907811977400232 
0.7459782766489154 0.681418015007424 
0.7459862158401818 0.6991187258764954 
0.7459945018201668 0.6818533463922587 
0.7459884558002116 0.6935980244847757 
0.7459568068420804 0.6976837900658592 
0.7459605401542152 0.6751544344417648 
0.7459466765411099 0.6942711895891214 
0.7459126616830357 0.6886628825677049 
0.7458879470422899 0.698663096130509 
0.74586361375586 0.6929109500115244 
0.7458412362723045 0.6977714728463236 
0.7458034598959348 0.6906765010700384 
0.7457917590984672 0.6758725303232617 
0.7458004995578432 0.6876295122614203 
0.7457769779489125 0.6696522865021398 
0.7457452291904835 0.6976437498899096 
0.745751077410606 0.6937711529307754 
0.7457709474628329 0.6909862612093178 
0.7457207010293221 0.7054071269748133 
0.745696200839655 0.6959042997862042 
0.7456548217498823 0.6821405913130106 
0.7456256996789073 0.6766881189529829 
0.7456478307034492 0.6890451109422989 
0.7456051714906556 0.6944121828922186 
0.7455974899414801 0.6880214281551036 
0.7455265972113869 0.6848655767746897 
0.7454751273559186 0.6876449807284034 
0.7454761403177418 0.6960294070584349 
0.7454890681875441 0.6891800109442412 
0.7454406957781019 0.7056400719637113 
0.7453955523774143 0.6864140539132697 
0.7453397041179408 0.694708040316571 
0.7452858480842874 0.6873100179268098 
0.7452694181182252 0.6910720188624377 
0.7452148903795548 0.6857569566175533 
0.7451498149858805 0.6828764212865647 
0.7451163349985571 0.698765649528509 
0.7450904937800065 0.6858909910580696 
0.7450355503514824 0.6915852857065911 
0.7449532018517064 0.6952308666318584 
0.7449392991050299 0.7044017427727874 
0.7449112678352175 0.6891919062874042 
0.7448805483069081 0.6938487716157355 
0.7448713182949913 0.7086978350616573 
0.7448851245770554 0.6786906143913073 
0.7448300479500422 0.6825101862472134 
0.7448082451607297 0.682144648807627 
0.7448036323951692 0.6798602055995454 
0.7447741109484551 0.6865120768208134 
0.744728625859018 0.6835869216353999 
0.7447159398006201 0.7015964398473125 
0.744636838693613 0.6878359458736041 
0.7446341854353098 0.6939682250170986 
0.7446536427018169 0.672473385872676 
0.7446716456081747 0.7005981616352942 
0.7446543017555647 0.6754516428118932 
0.7446174705378639 0.6975669425960279 
0.7446291045038944 0.6974944352364795 
0.7446315661746034 0.6932016375339007 
0.7446277188817907 0.6994746206547917 
0.7445894937724268 0.6831508054368453 
0.7445696041618985 0.6852761876064496 
0.7445311813222403 0.6916919217116435 
0.7444946951612802 0.675168112543653 
0.744442407173165 0.6912348400566459 
0.744396159622544 0.6968245273917402 
0.7443685074923057 0.6729636827611277 
0.7443441663867323 0.674734448733786 
0.7443256528345044 0.6875832175457833 
0.744275418278776 0.7067805700332329 
0.7442615372848557 0.7002149296594129 
0.7442510590145401 0.7020195053138737 
0.7442289142064022 0.6862209969701402 
0.7441756057105975 0.6967758896449076 
0.7441334529178617 0.6929227859057625 
0.74409035252731 0.7015255476420276 
0.7440583937029789 0.6983885737035075 
0.7440277927740918 0.6712345973487827 
0.7439681453818704 0.6848625230324462 
0.7439132095142881 0.695441592575723 
0.7438864765564158 0.7011413736624212 
0.7438394712137021 0.6986500420158335 
0.7438007085505174 0.6869448729382699 
0.7437566435241254 0.6881789165649753 
0.7437295362527453 0.6854412356963554 
0.7437252718522586 0.6969358644982268 
0.7437168499721858 0.6865907189460685 
0.7437376338003686 0.698374960689747 
0.7436993881013577 0.6864727503660798 
0.7436813341849461 0.688950231312556 
0.7436608903255577 0.6900380377755865 
0.7436370565987831 0.6899983198058456 
0.7436204682735802 0.686703089061791 
0.7436387590818915 0.6843332538431282 
0.7436269464771929 0.6918112794824437 
0.7435992918151798 0.7032383273450263 
0.7435843940863517 0.6882787172303149 
0.743573750949938 0.685151869487566 
0.7436043652760413 0.6949196128363131 
0.7436293322257778 0.6973546785805819 
0.7435741743853407 0.681580692144412 
0.7435410841965253 0.68535796867859 
0.7435080663904836 0.6923739241134734 
0.7434836965337599 0.6936713793078582 
0.7434709020195258 0.6898652413212452 
0.7434457864457101 0.6909283817436038 
0.7434250109548113 0.6888510675044299 
0.7434071211109033 0.691411498562198 
0.7433816035490552 0.6892022967980332 
0.7433714864499098 0.6770355307604601 
0.7433313599114573 0.6850538444718836 
0.7432779435349105 0.6981586517093055 
0.7432406178317598 0.6832176488944769 
0.7432710322282227 0.696661334637364 
0.743273484365579 0.7017034262346105 
0.7432808000714689 0.6959041344714987 
0.743299138339954 0.7063960960907384 
0.7432809497715017 0.6868153751398968 
0.743263519448409 0.7048125876027758 
0.7432670789605954 0.6885438223292157 
0.7432831799794093 0.6813814064903637 
0.7432462308183487 0.6773464105036124 
0.7432016776813376 0.683874735576939 
0.7431819737543702 0.6886528985809165 
0.7431705624623398 0.6902500138471384 
0.743167347343796 0.6839990297564312 
0.7431401665679525 0.6849543594457074 
0.7431238137045049 0.6813672372385146 
0.7430971261617234 0.6778312305434274 
0.7430768369784707 0.6950613303679616 
0.7430361224177846 0.6916091273535249 
0.7430013769279975 0.6725478755624523 
0.742980818661553 0.6844973454650453 
0.7429730116585475 0.6891665023673782 
0.7429608705552827 0.6792357914897439 
0.7429346883269902 0.7093224577470585 
0.7428975815386618 0.7012352136895719 
0.7428818964582489 0.6911805708652113 
0.7428328397587746 0.681279479388301 
0.7428121366336277 0.6758382320427908 
0.7427684845765414 0.6889075446702889 
0.74267677643013 0.6832665391403553 
0.7426508407783448 0.6757059103306705 
0.7426302862549147 0.6928539043445261 
0.7426097107452309 0.6785433184615068 
0.7425557336399639 0.6898048005753371 
0.7425311993225989 0.6858551834927561 
0.7425132611836588 0.6903260811268032 
0.7425051523286547 0.6963159087691982 
0.7424894659062569 0.6981024802539891 
0.7424301501470907 0.6832208649166911 
0.7424226675794946 0.6709983484282547 
0.7424424093329259 0.6818735841802839 
0.7424408555442601 0.6781479753301034 
0.7424210836683965 0.6940005503388109 
0.7424148337787122 0.6884508894445787 
0.7424072812041538 0.6794385850872149 
0.7423879575169157 0.6923367950747533 
0.742464282260444 0.6977310111868353 
0.7424777241088774 0.6881119657391399 
0.7424925413738575 0.6848132069557686 
0.7424630840191403 0.6881454551944248 
0.7424441820161944 0.7084074588823409 
0.7424446126005891 0.6874486666821374 
0.7424474910451061 0.6903889842626 
0.7424261491295343 0.6834540683229448 
0.7424243693141417 0.705052301572249 
0.7424132071134613 0.6826749268424607 
0.7423822444660633 0.691683014958276 
0.7423490136802179 0.6947381072537073 
0.7423052023401192 0.6808496005415685 
0.7422609230318824 0.6939300369208198 
0.7422373824682411 0.6912263233324059 
0.742219748284051 0.7027460731889883 
0.7421996861707265 0.6835826260109953 
0.7421791703655997 0.7010550446376681 
0.7421553375977162 0.7008278497434159 
0.7421462585684168 0.6829734326435684 
0.7420993410731596 0.6887929264818392 
0.7420517870025047 0.697632714210947 
0.7420081595510963 0.6869433675904526 
0.7419453212854495 0.6853159000823429 
0.7419475914996624 0.6689565167867497 
0.7419547771120428 0.6737620380236018 
0.7419485828438612 0.6774501585200059 
0.7419691310696342 0.7015585603982569 
0.7419700722122403 0.6772950388956439 
0.7419491121828389 0.684112610474089 
0.7418942296555466 0.6919498058445769 
0.7418458232125547 0.7174118733070438 
0.7418307741911329 0.6913250044208301 
0.7418566910501613 0.6942278844041291 
0.7418663237994911 0.675100029261923 
0.7418441348640962 0.6925345296590336 
0.7417944984389757 0.700719233197057 
0.7417316509423023 0.7012294757899757 
0.7417194072359927 0.6927953595459132 
0.7417252549531855 0.6943216821239464 
0.7417094547210529 0.6838447610093642 
0.7416883198722594 0.6862580730842677 
0.7416661190502769 0.6910359174752759 
0.741634696781855 0.6674438115450455 
0.7416090612708865 0.68463422310458 
0.7416153691275952 0.6852172197178743 
0.7416008518857828 0.688694035556155 
0.7415951664196487 0.6886469800366486 
0.7415816964157204 0.6822057913745629 
0.7415720092753868 0.6896515534441958 
0.7415392824354218 0.6998734739049579 
0.7415070305075462 0.6738305159609209 
0.7414971555736796 0.6862924040135201 
0.7414767158215911 0.6933235671706697 
0.7414524427506396 0.691461595033339 
0.7414266060453603 0.6796836569227334 
0.7413968801445739 0.6994639978258652 
0.741346601926608 0.6815073959877528 
0.7413235456275264 0.6892452857718924 
0.7412978162540947 0.7030280982501168 
0.7412733124100791 0.6858374024629187 
0.7412316185122889 0.7072671572687163 
0.7412062385151439 0.6913449637284076 
0.7411785192943392 0.6866782690265893 
0.7411449870901545 0.6928051427982133 
0.7411006977356123 0.6731344291297713 
0.74105509613222 0.6861228588101412 
0.7409924533370117 0.6790735331817149 
0.7409724371871779 0.682671342863477 
0.7409694651093145 0.6847261061834216 
0.7409385304461749 0.6898194172319225 
0.7409170683663083 0.6808765137590567 
0.740878650414443 0.6996774115894424 
0.7408869624443974 0.7005524696797925 
0.7408895767005366 0.6998727966176437 
0.7408529497720246 0.683753782908826 
0.7408544560611849 0.7004920404767186 
0.7408568742081971 0.6878931037482813 
0.740846351407826 0.6886312123030288 
0.7408350100137043 0.7004007881327514 
0.7407949502885227 0.6867307168626291 
0.7407768132234664 0.6942007305906334 
0.7407577341463291 0.690156552166674 
0.7407559025390835 0.6986352197615769 
0.7407481761707979 0.6833252037372948 
0.7407731431299613 0.7079569058242478 
0.740788625850557 0.6767405092483725 
0.7407600702840992 0.6958831029354171 
0.7407659510379005 0.7000875002915184 
0.7407526806111023 0.689717937228724 
0.7407443762031838 0.6913525168652848 
0.7407372110347535 0.7002439082972012 
0.7407253995993301 0.7018951383136784 
0.7407617720204333 0.685996049933306 
0.740749984274077 0.6884493817526811 
0.7407359908062395 0.6961081189113895 
0.7406957760647611 0.6912389078097592 
0.740665113084272 0.6859442989961142 
0.7406362927407305 0.6854463424603762 
0.740620876055448 0.6905622468769296 
0.7406312113450481 0.698005388410864 
0.740609384253427 0.672099608193966 
0.7405663385306329 0.6881720695695638 
0.7405601954724832 0.6749213454072117 
0.7405451643370687 0.6855129319472711 
0.7405218746342216 0.684884612856967 
0.7405288554678559 0.6662037350083841 
0.740560694482797 0.6822817194670437 
0.7405670421287196 0.70406922770291 
0.7405616598166674 0.6851183679357846 
0.7405573891984439 0.6879693063932537 
0.7405181718141319 0.6808462940609484 
0.7404920813613577 0.6937121252627957 
0.7404972324460911 0.7043310491138381 
0.7405100388838122 0.6788294208687099 
0.740514740700302 0.6981649061477697 
0.7405025027023383 0.6700358039163938 
0.7405115726074571 0.6803354504983267 
0.7405217508671535 0.6860875974469064 
0.7405383981478997 0.6830114242537266 
0.7405200260633891 0.6843026240506297 
0.7404998194967817 0.6767175988707964 
0.7404903218196482 0.7072921474211952 
0.7405056651412827 0.6949127937871217 
0.7405037018104411 0.681082506887188 
0.7404642269720114 0.6801719215554031 
0.7404205139515236 0.6767084546945669 
0.7403980511648058 0.6842259529248458 
0.7403606120046095 0.6806607815919393 
0.7403276299304904 0.7031739726161034 
0.7403076855641969 0.6842665851555708 
0.7402859586054316 0.6779632861686538 
0.7402557892102591 0.685541643502836 
0.7402647786494867 0.6996843982880478 
0.7402406856756997 0.6854172501281554 
0.7402145634700285 0.6753610551870716 
0.7402195158311856 0.686544387616046 
0.7401917263506598 0.6757155243008361 
