0.8246763267620248 0.0 
1.140279871033051 0.9566700230608817 
1.2240099357963488 0.8579891377973959 
1.233395369097506 0.8483987765660322 
1.2190916512675307 0.8281240556423209 
1.2174468638830862 0.8097511456523517 
1.2120090501089704 0.797382251852357 
1.2062781974933015 0.8003457908123445 
1.2016311547981073 0.7915600008372639 
1.2050125050814073 0.7891408876399492 
1.2092235470841675 0.8065326394857766 
1.2060486941741357 0.8092819412773066 
1.2137738626667407 0.7976850925706388 
1.215341389393695 0.8140153136517705 
1.2193528472060704 0.8170424260141896 
1.221098630957572 0.8325638312698231 
1.2185577734856428 0.8258412158786541 
1.2140649813732591 0.8265969348437742 
1.208534055159444 0.8227003759758423 
1.204687216733698 0.8172578334525534 
1.2015385074086158 0.8185768553566605 
1.1998661211456056 0.8287517603041983 
1.198646243550153 0.8235406615917171 
1.2032377996137231 0.8252267841236405 
1.2044058433804408 0.8325558633932264 
1.2071928905340477 0.8425441390254323 
1.2122786897211537 0.8427688971297741 
1.2180669697014026 0.8448458614021939 
1.2183855363002523 0.8512897436774062 
1.2187294180568278 0.8596492859760763 
1.2172882939220164 0.8543500599357962 
1.2142399564691322 0.8604680532071773 
1.210477027141925 0.8581770878378137 
1.2080164513838874 0.8475728368763042 
1.2057621047159868 0.8545560233518137 
1.2083150080578327 0.8599893369984025 
1.2120044659403082 0.8631495189367564 
1.2107238219228156 0.8634147338791641 
1.2084301655764262 0.8615423926295861 
1.2095220687193697 0.857858383926486 
1.2105348982973918 0.871648370221769 
1.2126408904148094 0.8713120425652763 
1.2154612549731292 0.873376142337958 
1.213729649551467 0.884481768983974 
1.2117755332648597 0.8697915137917155 
1.2093331905782572 0.8754614462610261 
1.2074977711490964 0.8728332948933474 
1.2055867246891059 0.8740082058635567 
1.203338490144073 0.8750224286937264 
1.20138139497813 0.8721425367380345 
1.2002258929072342 0.861371843475152 
1.200110062794537 0.8782859991304962 
1.2010743417127887 0.8723133950682187 
1.200035698230258 0.8771304401973848 
1.1987481643408182 0.8715834581593 
1.1970335272321926 0.8770128257547447 
1.1953218507580283 0.8600579500112256 
1.193696372782092 0.874591940817059 
1.1923616107260697 0.8698227991453622 
1.1903914497559847 0.8809160008863259 
1.1887589171778132 0.8825198799042762 
1.189484123299501 0.8735034490900255 
1.1905465467268552 0.877608250634906 
1.1896804211488796 0.8807966817461508 
1.1884249124664406 0.8685629779684805 
1.1871753723110152 0.8861720895941516 
1.1859926321233343 0.8826714119537942 
1.1848128491673744 0.8687257636230142 
1.183458495664956 0.8737064183798804 
1.1823984785449964 0.8802438286505554 
1.1849175454366638 0.8705145512733395 
1.1849503688765417 0.8828696595848189 
1.1835134509489929 0.8689167143223687 
1.182061375273206 0.8789862454295457 
1.1813987900029628 0.8801801519549177 
1.1808647245866604 0.8789997066741195 
1.1804548026530284 0.8799255462652178 
1.1793950892660865 0.8728261028561152 
1.1784276784523895 0.876256805256884 
1.1777072203988326 0.8747341815564383 
1.176615790852149 0.8739293694944158 
1.1775309927992526 0.8663476450615252 
1.1775076671168456 0.8838079700079443 
1.177844388288224 0.886650499542045 
1.1788721173775571 0.8839772724384463 
1.1800749181430825 0.8766665533592815 
1.182248449611028 0.8798907721153016 
1.1837887652599886 0.8810398498218316 
1.1849151109929068 0.8822889731197353 
1.1847126435083486 0.8888142909437589 
1.1856777951618254 0.8834447555165021 
1.1857973318217074 0.8908312714078003 
1.1863543274459865 0.8787803403065353 
1.1863260147553696 0.8902708823531883 
1.187497622491972 0.8787422049678538 
1.1890673199612432 0.8849882866002405 
1.1885005263333872 0.897697293039401 
1.1889995906025486 0.8814808032694235 
1.1894944557222649 0.8984400057727628 
1.1905126973056257 0.8895536903951503 
1.19137022205728 0.9021951688188562 
1.190722575359283 0.8859960062275574 
1.1906617461139983 0.8859503698564773 
1.1903911372737217 0.8963076483302791 
1.18953162844489 0.8913250720387803 
1.1885734173728035 0.8888316845940236 
1.1877482447335805 0.889557840373392 
1.1868370108703572 0.8952238470757066 
1.186075334536785 0.8922134954698607 
1.185158970415036 0.8913658078654716 
1.1843174938003926 0.8848517567512089 
1.1834309097932025 0.883287784360563 
1.1825269833863663 0.884464394444051 
1.1815085912957906 0.8898553046260049 
1.1805526394230605 0.8865608839003278 
1.1795436279074638 0.8871100873853472 
1.1787898278207818 0.8922041469175198 
1.1779879220624483 0.8919099581032541 
1.1771127261090195 0.8868070950730486 
1.1764090557335836 0.8845852479616821 
1.175754533549459 0.8841078221989744 
1.1751833697111036 0.8869756003764535 
1.1745412293169515 0.8950216923254134 
1.17393861985185 0.8778777464070248 
1.1730745057360874 0.8740074813007578 
1.1723204871286246 0.8861131796723024 
1.1716538671621874 0.892313278063457 
1.1709815377269703 0.8964240886184034 
1.1703526540610059 0.895746024016086 
1.1697805076354553 0.8836506310443992 
1.169136803827332 0.8927459761523806 
1.1684834380843616 0.8831751274665243 
1.167750563212851 0.8971824311830828 
1.1669486060786318 0.8944203148039079 
1.1663681185661334 0.8833752372549765 
1.1657754921322057 0.8915568674790302 
1.1653384898211727 0.8846602365247007 
1.1647411703111439 0.8985523719647768 
1.163958304852604 0.8934607917787301 
1.1632615065033067 0.8927063213332682 
1.1626462492237548 0.878452182460958 
1.1619630067085536 0.8816459600008222 
1.1613624207139843 0.8941357128009922 
1.1606930832098004 0.8922016608524886 
1.161210698064078 0.8881123822745878 
1.1613560521085382 0.8843999628703484 
1.1609036103170687 0.8805152898003191 
1.1602876895174312 0.8864394183837605 
1.159774953860725 0.8938811208257134 
1.1591520998254554 0.8888852371315451 
1.1586427803466672 0.8875341815949538 
1.157965694094389 0.890890871968229 
1.157344419645658 0.898628299536648 
1.1567520979175885 0.8910181715440973 
1.1560421965954488 0.890761719039833 
1.1554530452188014 0.881471283456438 
1.1549609796351237 0.894869978382904 
1.1543115880126669 0.8880887146312696 
1.1537265789144477 0.8985675083564567 
1.1532932507570843 0.8953766269555993 
1.152822149067055 0.8999581291066581 
1.1522832455465224 0.8755468935541275 
1.1520082914451113 0.8871511086700262 
1.1515322267092907 0.8893524248138883 
1.1510651449749751 0.9003500214562242 
1.1505219883607591 0.8844695329769525 
1.1505872805387274 0.8936624587491933 
1.1502001419996928 0.8981481912003086 
1.1502792855359663 0.8902530858589114 
1.1500566610639107 0.8954255274882625 
1.1495851499718883 0.8776620143371969 
1.1491844449730158 0.8973663960448033 
1.1494902426200477 0.8847401647164066 
1.1496373290209403 0.8935829173306222 
1.149619883156381 0.890694568740739 
1.1491714253160685 0.8845309046471361 
1.1486399208805078 0.8900085291588952 
1.1483057310904115 0.8902892091167838 
1.1481812245281693 0.8842322731654794 
1.1479162462140584 0.8910813743321222 
1.1476974539219735 0.8892030926035546 
1.1472986974326391 0.879300844185819 
1.1468339758409483 0.8762161817948235 
1.1461609726303776 0.8815464604334854 
1.145709426171165 0.8959530053418432 
1.1452096706698687 0.8872159043975542 
1.1449083237864954 0.882083073634627 
1.144337351947687 0.8895459194268783 
1.144057478132053 0.8773673320339563 
1.1437302526603819 0.8945272382436744 
1.1431974041942232 0.8962367019597932 
1.1427545370954955 0.8759172528265711 
1.1423993714167118 0.8931275809220636 
1.1419435155317366 0.8866222221932358 
1.1414646788279552 0.8814739660738422 
1.1410700433999363 0.8842406136689489 
1.1407502566110064 0.889599705286255 
1.140398568041419 0.8810272556094202 
1.1400005527431452 0.889212295425815 
1.1396171987462862 0.874035813638336 
1.1395666483772624 0.8915077253275518 
1.1394529463737109 0.8922463794404333 
1.1390220445210633 0.8892022811901618 
1.1384855610935023 0.8956033752238013 
1.13827474333904 0.8861359081594802 
1.137916094830616 0.8862644601867365 
1.1376140439036426 0.8806261394202908 
1.1378608505515633 0.891931756724092 
1.138299819009504 0.900050745286261 
1.1382462881095714 0.8884121061475 
1.137920745143124 0.8910812422076796 
1.1375533685777361 0.9002129041253704 
1.1376696953550482 0.8874364039333396 
1.1375723769477604 0.8967150966171027 
1.1371824761256837 0.8799942307625045 
1.1366148621609484 0.8903822936457315 
1.1362026030479795 0.8843661161220769 
1.135845223985361 0.8751696319619523 
1.1361285958772984 0.8963809877294968 
1.1360464375096453 0.898545192807384 
1.13552093223455 0.8947614065932441 
1.135200314596504 0.8964518101292541 
1.1349398282905803 0.8886775508141861 
1.1347722685635224 0.8906522858802732 
1.1342502260760303 0.8923406153686156 
1.1337956811928327 0.886543636045913 
1.133323580782424 0.8822132641337992 
1.1330507376523224 0.8974954787748342 
1.1327958250829968 0.8930720380798643 
1.132369951432601 0.8920677320188858 
1.1320482679054076 0.8911557567956939 
1.1317036395925575 0.8960741322234539 
1.1313018724931434 0.8874503323072065 
1.1310747848221232 0.8864109735676861 
1.1308138893329527 0.878648038983889 
1.1304822117502984 0.8868740000961414 
1.130219982990348 0.8938163511989301 
1.129915449616807 0.9038641403420973 
1.129580728974547 0.8970004813756043 
1.1292696788240268 0.8913832711359349 
1.1290880996930024 0.8887559018796204 
1.1288882173094898 0.8873347434242025 
1.1286325289150398 0.8824188628363218 
1.1283728481804003 0.8973857013495716 
1.128043191685087 0.8852148012623843 
1.127770757336037 0.8885974844743629 
1.1274648063822892 0.8956023803445915 
1.1272280350410513 0.8839685183582102 
1.1271731368592146 0.8914361375858332 
1.1269575915031416 0.8943586900174959 
1.1266014270278757 0.8837666457461091 
1.1262635868710487 0.8982192610968381 
1.1260214602135827 0.893328126623219 
1.125729386074091 0.8915105266402027 
1.1255107173789385 0.884934742288736 
1.1252453310895623 0.8809131347898334 
1.1248849692656695 0.8930299666392031 
1.1246765162968133 0.8898473332729325 
1.1244705526192251 0.8990191659052176 
1.1247035618662398 0.8868902325814647 
1.1248940231151006 0.893257304335034 
1.1247585200230257 0.8873421042786048 
1.1246080301309258 0.8937256901532018 
1.124339831643321 0.8922807834500135 
1.1240216753429602 0.8943309925094477 
1.1237896269454106 0.892406978950598 
1.1236424788282422 0.8913899720426595 
1.1234528594321023 0.8891341221651275 
1.1232258968485118 0.8921889562394246 
1.122939090580316 0.8885159179698651 
1.1226236698763932 0.8762095507689762 
1.1223429184275495 0.8952894083388379 
1.1220932186302612 0.8879890736472721 
1.122391655778733 0.8828255793258228 
1.122440564531285 0.8980307115018676 
1.122400351142957 0.8970843633506053 
1.1222402818712427 0.8892107674234608 
1.1220027161429276 0.892991490100348 
1.1219521644411625 0.8927700300237622 
1.1217331402952047 0.8894953511573762 
1.1215383842581275 0.8935805576754197 
1.12120940373568 0.8761872466059902 
1.1209063447363796 0.8919738968531894 
1.1206940186832992 0.8847107328012348 
1.12061788495427 0.887370257939651 
1.120531795558167 0.8934166611970862 
1.1204663414025606 0.8772175443159287 
1.1203208033995686 0.8775377906447899 
1.1200663845883176 0.8767795283774602 
1.119838141108395 0.8880543005566015 
1.1197190835946689 0.8965770267740977 
1.1201552875684966 0.9008067182248235 
1.1203675604705297 0.9068756490611605 
1.1202018683189294 0.8978038946538924 
1.1199364615228629 0.8899417008452993 
1.1197209528619345 0.8829305811114104 
1.119511190344164 0.8924745620107951 
1.1192471285358028 0.8731319887730348 
1.1190156683793893 0.8950317655731166 
1.1189021466229112 0.8939395575055232 
1.1187113678627174 0.8822412144017174 
1.118647808434142 0.8892196323682897 
1.1188130098362299 0.893910859246901 
1.1188696863159027 0.8981737834894731 
1.1187094833624491 0.8952747838072538 
1.118495030331964 0.8970364124343373 
1.1183123649909454 0.8732843912571088 
1.118200679357937 0.8916343395453767 
1.1180606867916831 0.8971497490838494 
1.1179014836550323 0.8990479380538315 
1.1177195474668666 0.8873158225647747 
1.1175781686045152 0.9014133957163131 
1.117396828995266 0.888105293585768 
1.1174178723338908 0.8890577639610665 
1.1173401468803916 0.9010092525928176 
1.1172139626176554 0.89236745738702 
1.1170981243424507 0.8717230003179479 
1.1169123040001792 0.8772168290091334 
1.1167620488641417 0.8949480588076918 
1.1165661988328215 0.8941208606561426 
1.1162649843282897 0.8864486167474204 
1.1161225147693015 0.8894678959426215 
1.1159291561811246 0.8796039400349425 
1.1157205827210857 0.8961821082206561 
1.1154687232927296 0.8774319529697381 
1.115213656360066 0.8860238415312344 
1.1153203122738928 0.8957700275450652 
1.115391985097391 0.887875441218787 
1.115292906054553 0.8845879242449916 
1.1151277558475081 0.8873514764348548 
1.1149780556606506 0.8778336600651766 
1.1148400198091686 0.893769688087383 
1.1146382707934068 0.8974447598447324 
1.1143901144627495 0.8845252214434317 
1.1142322573768613 0.8935833206624199 
1.1145807934653762 0.893015113790331 
1.1147978312555586 0.8952839824800288 
1.1146412228135865 0.8742294909188297 
1.1144855151547268 0.9017585938318982 
1.1142449708043616 0.8842400409419297 
1.1140034558221206 0.8889134331909146 
1.1137971831099927 0.8966032685668123 
1.1135459404812182 0.8860056000313773 
1.1133956347430338 0.8937754731502499 
1.1133505981704515 0.8933246114823463 
1.1132268002575518 0.8959152263792404 
1.1131246552742173 0.8923108125085334 
1.1129924153565016 0.8880200488300473 
1.1128946956729235 0.8741113681656438 
1.1126807003395276 0.883942096033397 
1.112441173536274 0.895508988591523 
1.1122436636263069 0.8929492524525757 
1.112165584840309 0.9039525087538128 
1.1119620797293757 0.8880237084207747 
1.1118748979316302 0.8922537286897719 
1.1117891595445555 0.8833382076353242 
1.1117004197989295 0.8820337841854969 
1.1115366402414733 0.8965987016513823 
1.1113201637311325 0.8936028488628216 
1.111154377808055 0.8898006676143582 
1.1110524999218876 0.8871303740043381 
1.1109039150997777 0.8844478591648508 
1.110972641245903 0.8972508173329434 
1.11094732658892 0.8841073331488994 
1.1107335462972348 0.8885764315114998 
1.110576824526421 0.894609528166835 
1.1104534897989091 0.8988544244640421 
1.110322581440517 0.9000259599657119 
1.1102368481510094 0.885645752082261 
1.1101694819696155 0.8968058628370481 
1.1100319404291132 0.8928649063185452 
1.1099316742902845 0.900103556463092 
1.1097607931460618 0.894871450196474 
1.1096066147492296 0.8849895626602335 
1.1094095400813577 0.8917149977349168 
1.1092842702049355 0.8935812557661961 
1.109430069376679 0.8904444212345809 
1.1093992414770961 0.8969781505584095 
1.1091563981380195 0.8913072483698509 
1.1090034465015326 0.8960902412284169 
1.108887455182264 0.8794367936695325 
1.108721804284184 0.8939574897612257 
1.1084812034843627 0.8923518507151785 
1.108333477643018 0.8826589429777428 
1.1081952380859177 0.877988037524725 
1.1080767107072493 0.8942503210046951 
1.1078682127243857 0.8945581441521862 
1.1076238480273708 0.8901286445316331 
1.1076185173433282 0.8898167304534614 
1.107551160733168 0.8849151199137398 
1.1073718566586472 0.8912869441419465 
1.1071765479868891 0.8823043652787084 
1.107000981325239 0.8923494435536612 
1.1068539043004864 0.8868211001190601 
1.1069034121855212 0.8913532035804589 
1.1069347568135506 0.8975244939133513 
1.1068147727891324 0.8981610611035707 
1.1067755553997454 0.8940332018311684 
1.106651998794242 0.878492626912396 
1.1064506347531942 0.8932447082426929 
1.1062598030129376 0.8823647713449919 
1.1061051298236344 0.8874817513702536 
1.1063289950554736 0.8938388434127686 
1.1064825236863107 0.8944106699781946 
1.1066045985963648 0.8987950801403268 
1.106646386326543 0.8959574125588334 
1.1065246364338404 0.888776556549493 
1.1064539328755805 0.8931840305107297 
1.1063137729300372 0.8872044732774819 
1.1061945842172722 0.8837841086684504 
1.1061033479145062 0.8902401030838623 
1.1060502206454346 0.898536700912876 
1.1060607696546318 0.8806723440612471 
1.1060346727181982 0.8952398721486158 
1.1058897108350814 0.8994493533498835 
1.1057281958666254 0.8704259045206352 
1.1055914211132774 0.8981407835141735 
1.1054521977326548 0.8995400698254119 
1.1053694429439203 0.898323160080354 
1.1052664181748473 0.8973628323304059 
1.1051490193860973 0.8834831454394512 
1.1052466619730428 0.8906766588478151 
1.1052176896653871 0.9028661673033531 
1.105103154754783 0.9024109026755488 
1.1049857474671974 0.8988047573658017 
1.104762345116892 0.8898113165494095 
1.1046384845304082 0.8938334379882743 
1.1045696256790187 0.8944449231979514 
1.104462044816064 0.8825067062271499 
1.104309813510968 0.8881902639657123 
1.1042465133411503 0.8840211647327689 
1.104181427433966 0.8919191897386327 
1.104047206818843 0.8990929356748834 
1.1039826037173182 0.8945415972087607 
1.103886095173549 0.8958213291474976 
1.1039134072206616 0.899284617229895 
1.1038259333337022 0.8982061055313392 
1.1038633030920748 0.8910534836299869 
1.1040813168536878 0.8865023524204335 
1.1041928347531775 0.9005494343089427 
1.1040802369220037 0.8988512082516927 
1.1039031990396306 0.9001304915099668 
1.1036777493043324 0.8837381351857684 
1.103699184714511 0.8821727153975784 
1.1037229274152696 0.8961832357439248 
1.1043520608595447 0.8917906496488113 
1.1048800571398774 0.891737238118835 
1.1048350818167114 0.8935688463181459 
1.104640788807473 0.8905812603397124 
1.1045037339884523 0.9023508459060626 
1.1044213640798137 0.8916206738181245 
1.1043574992914185 0.8852416699485125 
1.104309653882158 0.8998346089467737 
1.1041845227876688 0.8921490612438421 
1.1040294417812142 0.8932698029617394 
1.1039065431837882 0.8925433452023418 
1.103774847087181 0.8978386497393731 
1.1036293277196456 0.8816273510292135 
1.1035657328960733 0.8887719876833446 
1.1035398588567964 0.893439663121829 
1.1034334154122598 0.8897441512682065 
1.1033400248124448 0.8886424493339217 
1.1032048792527374 0.8965170689217489 
1.1030943310330723 0.8908415532912213 
1.1029564228932323 0.9001383953858608 
1.1028379246108297 0.8882170478937079 
1.1027592593724067 0.8963103200948873 
1.1026744660528693 0.8847994965178508 
1.1026081336459284 0.8928971173484271 
1.102468222894388 0.8907967610884907 
1.1024982877041773 0.8877487177189749 
1.1026282786589126 0.8971487360993892 
1.1026159732057534 0.8669562062122866 
1.1025585180379411 0.89129909377717 
1.1024696738048425 0.8933903860272011 
1.1023370714398446 0.8848728058905034 
1.1023329071901566 0.9015676584492741 
1.1022964458408493 0.8967409510524049 
1.1021744877197124 0.9009288415337314 
1.1022273923134756 0.8955628293626375 
1.1022505043610058 0.8875119130007536 
1.1021408620264772 0.9027254032938995 
1.1021943860716883 0.8921387391290556 
1.1025311919697958 0.8982278909564928 
1.1026084740614435 0.8922744287729701 
1.1024912848136534 0.8934258889917037 
1.1023800352603164 0.9023102138058517 
1.1023807073182172 0.8981243563772797 
1.102322465466949 0.8975760608773118 
1.1022198702419526 0.8802751040368264 
1.1021021675734362 0.8958868307172358 
1.1019815467730485 0.9027196151700507 
1.101916375627699 0.8995673496605909 
1.1018077129839514 0.891102231667496 
1.1019636268395485 0.8957188709407262 
1.1020746787095015 0.8986696106194282 
1.1020288651628896 0.8817718810952948 
1.101921460889441 0.8999464836432911 
1.1018345007880856 0.8902051028023295 
1.1017663923044716 0.8918381810973349 
1.1016811290367232 0.884426335920402 
1.1015821125564043 0.8951007188482075 
1.1015987298199652 0.8985600141317382 
1.1016198738087535 0.8945037004235363 
1.101638662144455 0.9046946463657529 
1.1015029729900143 0.878045100930495 
1.10145542657631 0.8853405877163808 
1.1013345001455885 0.8937692446826427 
1.101167577722104 0.903254031584608 
1.1010336817126358 0.8959640268801238 
1.1009250645442952 0.8944506325185969 
1.100868122575894 0.8990053644194818 
1.1007351881247975 0.8939048679877624 
1.1006160605348725 0.9017293615789694 
1.1004834748819121 0.8959438241903551 
1.1007184883294403 0.8941784949631358 
1.100841790995305 0.8979446993728252 
1.1007446983453422 0.8836880606789971 
1.100696988916135 0.9019642772821215 
1.1005471220675833 0.8904749122353137 
1.1004162645847968 0.8858712524360172 
1.1002714448857112 0.8825967554421513 
1.1003177780145503 0.8869729872244703 
1.1002815002752386 0.8859489807324099 
1.1002009531911001 0.8771814775855241 
1.1001080601546858 0.8935964102972884 
1.100000803685895 0.8925591215893562 
1.0999185075822246 0.8953238968161963 
1.0999110492765372 0.8967565174857351 
1.0998749397265792 0.8769052669485679 
1.099792174492486 0.8979268311553397 
1.0996817082811055 0.9006247115670163 
1.0996368101383858 0.9038165544203575 
1.0995450751519296 0.8917898580332045 
1.0994986284278794 0.896494694113862 
1.0994280283632731 0.9034570534884442 
1.0992568530737215 0.89259392328395 
1.0991461489579657 0.8934394997428979 
1.09902841337446 0.8866421740165221 
1.0989622906647492 0.8816772765844642 
1.098902404232444 0.8951272489021961 
1.0988340369382164 0.9028729681614223 
1.0989231281504144 0.8905299294616623 
1.0989748100911145 0.9003847024016689 
1.0988161285667903 0.8894597979898691 
1.098702557505556 0.8910197305239259 
1.098618433438968 0.8883012032677835 
1.0985446313614422 0.8983583573347749 
1.09847623428474 0.8978631962822025 
1.0983243749839235 0.8927692497241954 
1.09828423824922 0.8940247939200023 
1.0982464948944168 0.8938328991833984 
1.0982100282075642 0.8945206446803932 
1.098191082638434 0.8938280646528692 
1.0981365757479866 0.8989712325819825 
1.098031004097883 0.8940231777467414 
1.097986690980626 0.8915958777948997 
1.097904027374628 0.8948835124412665 
1.0977951943984159 0.9005780754798478 
1.0976994251366106 0.8925944967277178 
1.0976422224757654 0.8912898698137567 
1.0975253086195507 0.8934993156043317 
1.0974774976826356 0.8869003473705248 
1.0974745301508635 0.888455363373272 
1.0973964434943286 0.8923773295666195 
1.0973487345612827 0.8943775967256372 
1.0972201425200032 0.8910800696785434 
1.0971384933277841 0.8956238893969464 
1.0970655182568416 0.8991253136163083 
1.0971063839106 0.8920381525935264 
1.097107897974232 0.8942546934259271 
1.0971017054085146 0.8991522710824434 
1.0970255721169704 0.898519624826459 
1.0969210642513387 0.8903589320417358 
1.0969172417693198 0.900746532848664 
1.0968034977239691 0.8785774082856693 
1.0966736651061715 0.8729651035829685 
1.096602012770716 0.8976907105280305 
1.096528204894569 0.8905408483218804 
1.0965080419620732 0.8884675580957568 
1.096598877746913 0.8910953851419123 
1.0965794475865922 0.8946654177572806 
1.0965061519027886 0.8955934179253794 
1.096408789662936 0.9035196711206558 
1.0963311430709881 0.8917786768531565 
1.0962616638165523 0.9014276656054746 
1.0961666551384572 0.8777588821770264 
1.095990113729779 0.8917736931521137 
1.095947461161962 0.8878966794083454 
1.0959079290432951 0.8862012296954247 
1.0958196146157493 0.8953863007703391 
1.0956781547965446 0.9004027703237738 
1.0955678051795392 0.8977161693439598 
1.095500251188366 0.8930823254001754 
1.0954322438015482 0.8916853868640033 
1.0953308174939367 0.8998658657429155 
1.0952921942963703 0.9009211797430705 
1.0951999240729235 0.8922040993524792 
1.095138256898986 0.8931806917534425 
1.0951164519917935 0.8866171594636012 
1.0950764994516722 0.8808848386891336 
1.0949692930012798 0.8909734453267938 
1.094850645761895 0.8793010667238966 
1.0947996482993414 0.893186585434131 
1.0947289722718672 0.888764646793858 
1.0946592535396822 0.8972737431333356 
1.0946171138569507 0.9028769586423209 
1.0945207481104977 0.8906516505227047 
1.0944302201612839 0.8985529834793559 
1.0943340969305317 0.8924244874103636 
1.0942395115095098 0.9026793464143691 
1.0941998148948657 0.8973508292621037 
1.0940587166651135 0.8962193334048136 
1.0939100541588282 0.8880101234528559 
1.0938307517074128 0.8939834718507432 
1.0937739781680111 0.8996933399578569 
1.0937527818050234 0.9011384745899766 
1.0936801823339977 0.9003685401478942 
1.0935318873481261 0.9034324484414943 
1.093380124900433 0.8977228284447469 
1.0932509495824774 0.9016637158045463 
1.0931586179896187 0.8845158233280624 
1.0931575813397392 0.9007883624809826 
1.0930542555677454 0.8968011042543409 
1.0929384205777235 0.8780128563242524 
1.0928925805783598 0.8861097526638059 
1.0928326460863451 0.8967203854393792 
1.0928656239000938 0.8912250605239549 
1.092801258831157 0.8859592124541398 
1.0926594130042093 0.9018954874280175 
1.092608230721671 0.9039971227325827 
1.0925397875890552 0.9004654212474447 
1.0924508361671676 0.8878191058239115 
1.0923725049906308 0.8971677346584106 
1.092279756496873 0.9001524737179971 
1.0922006111694624 0.8960915425914079 
1.0921557098455177 0.8968452416441903 
1.0921688550590414 0.891479890814324 
1.0921314716143284 0.8946911355420822 
1.0920895291586796 0.9007231707401584 
1.0921968531198603 0.8911267995874681 
1.0923515844528202 0.9018296258467364 
1.092399104040494 0.893506533111559 
1.0923406688418895 0.8996727560905744 
1.0921942050077074 0.8984768877148763 
1.0921387475109856 0.8967666430969766 
1.0920513301874537 0.8827811613661812 
1.0919730028602492 0.8895776310228092 
1.0919325430816333 0.8989228582074636 
1.0918596715808844 0.9013513168709273 
1.0918074900336485 0.8944084169870307 
1.0917072512952508 0.8849740879386266 
1.091598733784743 0.8982518185627785 
1.091496618944141 0.9021680704073988 
1.0914652509268215 0.8948927120158564 
1.09156061366292 0.8967859289187953 
1.091592053933727 0.8965273474152583 
1.0915449968193558 0.886699411321095 
1.09146436753203 0.8960708303232422 
1.0913845100391486 0.8951202792660937 
1.0913396770064598 0.8959751354176392 
1.0912731131269575 0.8921177973215842 
1.0912246605244849 0.8889917974850118 
1.0911536498105578 0.8920074111475631 
1.0910823303738804 0.8993977517716031 
1.09098699456117 0.8969162406558946 
1.0909345341248675 0.8794609123485002 
1.0908844483600673 0.8715766864131002 
1.0907833291683138 0.8929132498120799 
1.090709044406808 0.885675852988386 
1.090638280918222 0.8954886457267445 
1.0905709893306774 0.8999204243648268 
1.0905129471319914 0.89740712596817 
1.0905240884141996 0.8926027058216706 
1.0904934970603422 0.9003193153016069 
1.0904266977109505 0.8961738173807811 
1.0903859051759532 0.8835987259620668 
1.0903171398281557 0.895043137216705 
1.0901893829610518 0.886784462453316 
1.0900886215559744 0.885853918488393 
1.090040633528887 0.8894202494859647 
1.090002231085461 0.9012299183130841 
1.0899271533313302 0.8974423600073971 
1.0899120606122579 0.8896280351017845 
1.0898788397560983 0.8948018573019976 
1.0898710792139799 0.8947593588087889 
1.089809143550593 0.897064780162795 
1.0897593672790005 0.8862056351958164 
1.0897019425599237 0.8871178886256303 
1.0896305470292214 0.8904600916628441 
1.0895864193238651 0.8980864032046885 
1.0895453455097763 0.888294393683603 
1.0894593737593863 0.9073346329764742 
1.0894024092028212 0.8990402378199693 
1.0893466469175779 0.8958296652527266 
1.0893364195438597 0.8953631215727532 
1.0892452562817103 0.8914571107640172 
1.0892054603757764 0.8993469463704624 
1.0891438645646947 0.8760251739630296 
1.0891626920868134 0.9018562834090184 
1.089106518639949 0.8979438400758939 
1.0890457429570888 0.8971970768824128 
1.0889233591443874 0.8894388868441045 
1.0888632966214349 0.884587702618367 
1.0888123149382984 0.8927618510486622 
1.0887769001564132 0.8880062808888581 
1.0887249909328773 0.8890932513099539 
1.088694495486861 0.9046043300953155 
1.0886335331078183 0.9062638396847803 
1.0885945714757344 0.8960040103963673 
1.088683297672714 0.8967548272743051 
1.0886827054184776 0.9036770320669504 
1.0886154273356203 0.8919272170457203 
1.0885479310731083 0.893739609682532 
1.0884830697548902 0.894854652220921 
1.0884033768041763 0.8859089453288572 
1.088343134389997 0.8925743904427632 
1.088408349845863 0.886398405040263 
1.0884490989013393 0.9011073338065414 
1.0883746503084726 0.893755990187336 
1.0883244434828203 0.8945972305177731 
1.088295138234015 0.891337523278042 
1.0882835206141923 0.9011984479367359 
1.088194919586737 0.8895151722762105 
1.088151425186187 0.8914544299822187 
1.0881629256625946 0.8991264918138979 
1.088124095556992 0.8954055889292659 
1.088044078985863 0.89437850135318 
1.0880061057038894 0.902796567467764 
1.0879491133897072 0.8969039154793776 
1.0878503210681796 0.8926768776986784 
1.0877596914104215 0.8968840334472873 
1.0876564346445212 0.8845226302955572 
1.0875363385844796 0.8932797989724288 
1.0875896322326595 0.9011945936433994 
1.0876192371283335 0.8850089986474716 
1.0875252109520581 0.8952464868614455 
1.0874524660038254 0.8961878464295475 
1.0874185883262821 0.8952553755134233 
1.0873645588429668 0.8749807303329535 
1.0873338389349705 0.9057687500539489 
1.0873087163284794 0.9014208325322988 
1.0874307488750026 0.8894662359343967 
1.0875519316622217 0.8917928192167827 
1.0876139891283654 0.8941193636923387 
1.0876916560213017 0.8920569165880867 
1.0876603048039437 0.9017765257030188 
1.087629306126852 0.8949038264701211 
1.0875716841326413 0.9023093817095438 
1.0874957639309384 0.8945091981417281 
1.0874268001932874 0.8957080449105036 
1.0873517194697777 0.8870667672832322 
1.0873335036591654 0.8836374037999124 
1.0873259592037214 0.8928872318219672 
1.0872659055551832 0.9002791644671008 
1.087200551757548 0.8904570071456411 
1.0871359462994015 0.8999005022754463 
1.087135800275005 0.8978340404691229 
1.0871281779728177 0.891729825188275 
1.0871297168720961 0.8868521727397242 
1.0871497267025465 0.8871800620436829 
1.0870863517501317 0.8984270247442779 
1.08696492701388 0.8957131018446755 
1.0868900491336708 0.8955493585989671 
1.0868335753256013 0.9039450730021018 
1.086783284253709 0.8892826331501952 
1.086705076388882 0.8879211452185524 
1.086678235853005 0.8861461879359628 
1.0868304723263014 0.899671702855524 
1.0868919680802016 0.9011413895903796 
1.0869951356292817 0.8976642392281847 
1.0870656003344257 0.8989301095891848 
1.087017101152022 0.8963324114213059 
1.086947181048435 0.9034129097247426 
1.0869030661812455 0.8998377415978103 
1.0868792229948931 0.9058860814296917 
1.086799585688093 0.8960853065675779 
1.0866930392281764 0.8994645948652399 
1.0866036044075769 0.8975875607116988 
1.0866261557753258 0.8904695697614263 
1.0866882543331042 0.8938818450704233 
1.0866692488018312 0.9000015554533087 
1.086606167556939 0.8944322311137226 
1.0865126756501975 0.9053974591929298 
1.086512824959362 0.9001570775657702 
1.0864734427970835 0.896526646229597 
1.0864130652777302 0.8783401801141438 
1.0863148289073397 0.8998709889688695 
1.0862151604157957 0.8957581165380162 
1.0861463268001594 0.9024670835841415 
1.0861118614530685 0.8919122755997453 
1.08607680359132 0.8991344742336547 
1.0860102719170535 0.8926189735829436 
1.0860802247739259 0.9042406302077933 
1.0860368919548977 0.8827992049631989 
1.085976436246766 0.8851242872597125 
1.0859801902757944 0.9033378984007393 
1.085982121391174 0.8905740870748594 
1.0859379210965157 0.881471276860854 
1.0860581159984783 0.8933269702338301 
1.08613875674034 0.9057229499239824 
1.0861820847727717 0.9013424469009061 
1.0861132798205952 0.8971441297491255 
1.0860491370036305 0.8872533451501767 
1.08597484558023 0.9062345679566889 
1.0858840034420931 0.8975084393828072 
1.0857756392312308 0.8990378934131639 
1.0857075252684887 0.8844037396570325 
1.085622412945234 0.897699194328448 
1.0855816377089498 0.8865637721802774 
1.0856206145500473 0.8938871620436006 
1.0855965021437741 0.8892063505309372 
1.0856079390833686 0.8950504309274916 
1.0855603869646606 0.8947458098128291 
1.0854803655074639 0.8973929354316394 
1.0853887538241935 0.8965246035832051 
1.0853207039417632 0.8898073162578276 
1.0852938398061165 0.885936676363449 
1.0852628024298583 0.8872441971397638 
1.0852139963141485 0.9020784612101271 
1.0851856180015136 0.8994241942500066 
1.0851361209419197 0.8980652588245378 
1.085102025067735 0.8981308522293014 
1.0850601197901757 0.9070455952376256 
1.0851481705167476 0.895278155772295 
1.0852070635129258 0.9034340581783981 
1.085173188281705 0.8960053493455701 
1.085099270054254 0.9086511120319305 
1.0850663551470594 0.8949451973664803 
1.085068415264442 0.8960845200698412 
1.0850464446799244 0.8987325062587208 
1.0849776737648433 0.880987074928426 
1.084886417763107 0.8937608530061937 
1.0848612170401555 0.9003742344278277 
1.0848789871113231 0.892370390687215 
1.0848411728877043 0.8834955845416731 
1.0847986048224354 0.9026075634562215 
1.084696774799185 0.8984867058293401 
1.0846338358238277 0.9001809444201522 
1.084582163719133 0.9060028883015433 
1.0845580187638015 0.9002834638394086 
1.084735592258168 0.8970065858085856 
1.0847492047469984 0.8935743698975996 
1.084694846615223 0.8878794741588771 
1.0846405172441724 0.8995056206600612 
1.0846490352580271 0.8950273393966339 
1.084637685682444 0.8981844932014486 
1.0846134618957386 0.8758622485335664 
1.0845315711282615 0.89623918795809 
1.0844941303102804 0.8863943161075652 
1.0844636578689513 0.8818470610115762 
1.08446782555202 0.900971836551641 
1.084435778778577 0.894557897757088 
1.0843820806184632 0.895605153832043 
1.084308117662709 0.8947898311483362 
1.0843066632949723 0.8973868007385292 
1.084298137711687 0.8905928138492573 
1.0842436895932348 0.8899580007455137 
1.0841944261395262 0.902261518994712 
1.0841517517068857 0.9034316191238546 
1.0840869579277308 0.8933817247637129 
1.084057201885776 0.8811038573417119 
1.084013775031034 0.8977235217220778 
1.0839474154645694 0.894535266470707 
1.0838820525289439 0.889538182441597 
1.0838217755045794 0.8600490460219368 
1.0837332060934413 0.8987620819375688 
1.0836525321096946 0.8794873384593647 
1.083602141584699 0.8994413776855125 
1.0835655182741175 0.9020541344803998 
1.0835739303934564 0.8959282992164181 
1.0835394726984109 0.895754017310068 
1.083486526668624 0.8978041934508169 
1.0834285457427835 0.8850177470138496 
1.0834051881277607 0.8931059762124008 
1.0833980159043723 0.8982133550864793 
1.083363962141186 0.8940968897308049 
1.0832725392678357 0.8992050155493271 
1.0832188185488034 0.8965492304772676 
1.0831570287457988 0.8828900710675712 
1.083118884706998 0.9009068748503832 
1.0830720763856738 0.8890896677485888 
1.0829993689242439 0.8972267241698717 
1.0829415388306451 0.8993679180654385 
1.0828847457725803 0.8879454990138907 
1.0828087373073527 0.8875873224356207 
1.0827376095386732 0.8904858648094882 
1.0828211560152323 0.8826562409546056 
1.0828033947572737 0.9046585050934245 
1.0827705895602908 0.8795439705491219 
1.0827518693636708 0.898170432356337 
1.0826743522261335 0.8945653187675077 
1.0825829681762063 0.8879380679232844 
1.0825098905761872 0.8970337035129544 
1.0825013025794774 0.8897508963157567 
1.0824490640471096 0.8936826358676294 
1.082403086071188 0.8929679985469643 
1.0823618046776062 0.8856987147411018 
1.082290205123514 0.9012455516283565 
1.0823838670551131 0.8983126915846872 
1.0824147647868843 0.8992202549928361 
1.082390357009537 0.902482870048911 
1.0823899144658515 0.889442060913772 
1.0823275587446226 0.8979339919976779 
1.0822837405668098 0.9000950134695175 
1.0822195461172823 0.8987268073893718 
1.0821614312889885 0.8962730084658512 
1.0821329976743723 0.8899335196333769 
1.082294765252337 0.9022499393801343 
1.0824113777147049 0.9018299710390971 
1.082389751457973 0.8940092455553087 
1.0823653448290385 0.8911251374737574 
1.0823119005794446 0.8802167013231227 
1.0822504743534354 0.8798650723860121 
1.0822096260582021 0.8993485018807644 
1.08216390230796 0.8928900876162171 
1.0821115557518795 0.893689747878147 
1.0820801763740566 0.8959407489316942 
1.0820525039754851 0.9000426507073629 
1.082065460321765 0.8844258446689938 
1.0820558949524177 0.895790221870959 
1.0822045415628996 0.8993827839728098 
1.0822216708077919 0.904578614110462 
1.0821524659712969 0.8944761334207373 
1.0821175006530346 0.893936246996302 
1.0820929191538011 0.9085877714549117 
1.0820220691372293 0.8961372606513821 
1.0819195342481547 0.8977454395344798 
1.0818569332868324 0.8958734004177035 
1.0817974053208559 0.9016692900652363 
1.0817434414476732 0.896673869898292 
1.0818222571052343 0.8998981784281797 
1.0819001278254123 0.8995918447634652 
1.0818970815771969 0.8984928540425647 
1.0818708038404174 0.8939692888152518 
1.0818653198012589 0.8944680275401323 
1.0819284013830135 0.8926830991946689 
1.0819462009792138 0.9006674514678992 
1.0822051090787435 0.8895935205697587 
1.0825218983444638 0.8956237899286716 
1.0825812082736894 0.8873921256444551 
1.0827237614226544 0.8937233901088134 
1.0827544762264198 0.8962310339202483 
1.0827053614301707 0.8919792753837841 
1.082669131460411 0.8934210517541391 
1.0826500191025648 0.8923106081908889 
1.0826232511346225 0.8886142345002562 
1.0825919338330627 0.8895102962465979 
1.0825793931594452 0.8994144836818218 
1.0825284267047957 0.8956164809665511 
1.082497664782964 0.8924439546964719 
1.0824660973172315 0.8929416949992306 
1.0825812178022831 0.8918615446854321 
1.082692172158911 0.898557736370507 
1.0827012656758224 0.9011422065256951 
1.0826985315298792 0.9036753293138146 
1.0826269358239815 0.8961613889231248 
1.0825848435814545 0.9066734743316265 
1.0825355199328326 0.8988822329151208 
1.0824796956554594 0.8869011622184158 
1.0824595364141525 0.9027915476627184 
1.0823906252025826 0.8844964066323089 
1.082342538576776 0.8958446075895447 
1.0822878908117957 0.8930887417148501 
1.0822143691162074 0.9047787152173987 
1.082182342150454 0.8972749527765269 
1.0821367682747722 0.9013395548714823 
1.0820907947713971 0.9035983256358157 
1.0820843332015415 0.8931622650473641 
1.0820778802882065 0.9039489830359703 
1.082042773829182 0.9020484697769884 
1.0820153757995257 0.8944525955382642 
1.0820950980411908 0.8981428690892985 
1.0821062108536825 0.905570764200164 
1.0821142251682294 0.8918587274528279 
1.0820439606717942 0.9009305606854434 
1.0820435384373246 0.8985298859700241 
1.0820331949595507 0.9003853323076426 
1.082031679963157 0.8811160664573405 
1.0820686117893215 0.8997201119145524 
1.0820459679129273 0.8985200480986947 
1.0820140663662396 0.8887287285120034 
1.0820082455786248 0.8898872956095583 
1.0819802698021026 0.8949122730948114 
1.081913838365273 0.8818188452671373 
1.081862940335528 0.8905516579652429 
1.0818190934760001 0.8912560538127327 
1.0817511483625848 0.8884501161438217 
1.0817082455976135 0.8869677429187769 
1.081698521405376 0.8965766856969807 
1.0816999509875447 0.8955077596811664 
1.081699568855172 0.8929641597512407 
1.0817040149872643 0.8879727652773038 
1.0816862430448668 0.8959445430048317 
1.081752894255764 0.8983809621691435 
1.081828518727974 0.9015321789579546 
1.081837880984471 0.8854057126559524 
1.081820208835351 0.8951938476568858 
1.0817796035583267 0.8751767890315536 
1.0817559974156734 0.9011892823597484 
