0.5175533276234486 0.0 
1.2295877757140463 0.9443855437945092 
1.3192199037212984 0.9160481421103435 
1.3425959870029656 0.9103480652768545 
1.3849728669091212 0.909510691581785 
1.3784500236863129 0.9060297927782067 
1.3937077010683576 0.9059330102862401 
1.3956545940781395 0.9048437969312312 
1.3971441359933716 0.9036494735953636 
1.3993664878346208 0.9030815544914479 
1.3963306724661364 0.9014939187300526 
1.4064489796570772 0.9029984201027325 
1.4024078172554404 0.9015371682480494 
1.4108073265798202 0.9032899662672541 
1.4080102864627022 0.9020367797699612 
1.413189701347292 0.9031063210224443 
1.4132092544943395 0.9027775123632189 
1.4148155658389576 0.9032174141346762 
1.4154041905417172 0.9031147449431889 
1.4155426007310778 0.9029886498655995 
1.4194254920246772 0.903857902882386 
1.4193200158045534 0.9037866145137692 
1.4201961930778082 0.9038394207355798 
1.4226066694963635 0.9043809716503333 
1.4220174599941144 0.9040649504619147 
1.4207541144248041 0.9033975680899156 
1.420777761497476 0.9030767121408733 
1.4217634735008562 0.9031706992600449 
1.4205975241345905 0.9028161946091906 
1.423470329523263 0.9035964469112572 
1.4211977300758398 0.9027362627127272 
1.4209484510205732 0.9025500584693652 
1.4215902125987785 0.9026400615768615 
1.4190521933951552 0.9017546649262015 
1.421561117922496 0.9025407929815592 
1.4198802178482637 0.9020159753456342 
1.4195736455987187 0.9018691674082154 
1.4208415734554676 0.9020697008375314 
1.4206720045781633 0.9020054000605146 
1.4204034970366002 0.901975118129969 
1.421798045274356 0.9024119458948598 
1.4213450638740925 0.902163913480389 
1.4221166510847392 0.9023233461022333 
1.4242852938363952 0.9030480049196368 
1.424839656350465 0.9034555590104959 
1.425148686200826 0.903617137687268 
1.4249406951265928 0.903470696490505 
1.4244667426942517 0.9032575157870357 
1.4250144761851185 0.9034664505144154 
1.4247511687343712 0.9034090190023369 
1.4252345809034535 0.9035691334580234 
1.4256935916559978 0.9036698753641442 
1.4250594429104677 0.9034597260336195 
1.42636969595372 0.9037818977589183 
1.425272870866966 0.9034493439858997 
1.4266072890528856 0.9039122708012866 
1.4260174356659494 0.9037032833058023 
1.4267726220365768 0.9039672789920207 
1.4284037921508241 0.904548474727465 
1.4273576933569936 0.9042349142667838 
1.4280080462593925 0.9044457572173025 
1.4272457397403655 0.9041205459454348 
1.4274653096882135 0.9041639358433695 
1.4268745251146153 0.9039154527628884 
1.4270823366834844 0.9039598161957176 
1.4268679245117883 0.9038815327189814 
1.4266893687458324 0.9038180516915088 
1.426764753552124 0.9038378403259238 
1.4270691240752498 0.9039346101096213 
1.4273769783303936 0.9040517690623743 
1.4283365668140533 0.9044020343346003 
1.428114342036724 0.9043780531100251 
1.4288064562984137 0.9045806948716587 
1.427904183758673 0.9042517322270841 
1.4284102106803807 0.9044510651614015 
1.4280189779902646 0.9042911987573532 
1.4285164298063557 0.904426588816627 
1.4279104498279167 0.9042571580910334 
1.4276977233718788 0.9041508116766477 
1.428190358610029 0.9042549366358517 
1.4284812193179428 0.9043356642248755 
1.428069878240237 0.9041835209696985 
1.4285297452027765 0.904288326634648 
1.4285742081241795 0.9043266139891559 
1.4274799974540333 0.9039718240377594 
1.4279402199445548 0.9040734810226239 
1.4276180559580443 0.9039463645410032 
1.428000730160318 0.9040941527305794 
1.4271782202931007 0.9037651509963518 
1.4280614044042281 0.9041144068899772 
1.4288594971111466 0.9044302220504724 
1.4287387953311579 0.9044304885796284 
1.4289468848868159 0.9044864877179831 
1.429179132379723 0.9045317256477015 
1.429709581498628 0.9047764892947102 
1.4302026497748526 0.9050440512737952 
1.4296154301209956 0.9048571102242594 
1.4300557587617888 0.9050339449621796 
1.4299238377184986 0.9050034620992323 
1.4300361518165812 0.9050676997503438 
1.430692990408735 0.9053092139220109 
1.4309572215753463 0.9054114901682624 
1.4312240833772758 0.9055256833265869 
1.4311952535142545 0.9055222599452322 
1.431199787687791 0.9055713250993476 
1.430741401984143 0.905400036333438 
1.4310231259325763 0.9055293369365178 
1.4313450877708351 0.9056758728773566 
1.4311190491547985 0.9056248624407537 
1.4313416080036565 0.9057300952710584 
1.4314361240803375 0.9057613700855439 
1.4316951230036752 0.9058542519651612 
1.4317516745095784 0.905849421545913 
1.4314721055734887 0.9057487023806433 
1.4313487064188948 0.9056846915452303 
1.4312492431326804 0.9056430326898585 
1.4314579925180297 0.9056986412418441 
1.431573276737505 0.9057121228040483 
1.4311980146490724 0.9055828878687889 
1.431200742001322 0.9055282958202724 
1.4313019307639607 0.9055780124710492 
1.4317817233941685 0.9057648350910061 
1.4319014464564748 0.9057959408106167 
1.4318477568896972 0.9057732424131755 
1.4321929761425376 0.9058925459486711 
1.4324867993263997 0.9060186874588516 
1.4322137382863753 0.9059209913104008 
1.4324041138009194 0.9059933738667411 
1.4318358203973927 0.9057851317228687 
1.431832004825713 0.9057847418626727 
1.4317264909681247 0.9057180240710028 
1.4322001391989025 0.9059210780771965 
1.4326999989737874 0.9060753996189002 
1.4328762813318237 0.9061467126792666 
1.4329769465875335 0.9061896540184048 
1.4331543667479782 0.9062287779441474 
1.4336226776703158 0.9064316886097034 
1.433141869799774 0.9062539886424091 
1.4335401078822974 0.9064302115273887 
1.4337219288070073 0.9064827606982456 
1.4333149144298016 0.9063421367995977 
1.433220748314314 0.9062865023239127 
1.4331067447787205 0.9062198341455605 
1.4330795121062256 0.9061987797384689 
1.4329525641187968 0.9061183911637355 
1.4326706352133203 0.9060030190895644 
1.4329030323798395 0.9060323182272 
1.4328955370992456 0.9060080691653075 
1.4328840477452733 0.905975129055662 
1.4326357789510418 0.9058712722984373 
1.4326386019409858 0.9058828534748399 
1.4330303989071151 0.9060561441188956 
1.4329689190702193 0.9060490612517914 
1.4332246390207195 0.9061408778634095 
1.4336128403900967 0.9062827566999538 
1.4334291624503543 0.9062264994466762 
1.4332820625178806 0.906158611343219 
1.4335844412385974 0.9062802426467573 
1.4332077139101702 0.9061382993802873 
1.433605540672714 0.9062686473179974 
1.4336451150312193 0.9062702200127277 
1.433365816293633 0.9061884008892588 
1.4334619901672416 0.9062090828598268 
1.433313076170102 0.9061586353573157 
1.4336916200317174 0.9062603113079452 
1.4340316844904943 0.9063601248323192 
1.4340615855840029 0.9063767944749868 
1.4339314628850752 0.9063284353456915 
1.4343940017775911 0.9064664957035782 
1.4340769376981644 0.9063554785521022 
1.4343144713917158 0.9064448026027434 
1.4339482030306758 0.9062931134877827 
1.4342539875577385 0.9064134979338616 
1.434399263372477 0.9064405993911784 
1.4342358759887603 0.9063896549006992 
1.4343671112690668 0.9064179020425531 
1.4340395394860372 0.9062771704501839 
1.4344114241609232 0.9064163980501458 
1.4344400362428176 0.9064132911332241 
1.434502714021445 0.9064524458542805 
1.4345926377536806 0.9064724326215999 
1.4344720932693127 0.9064449067868369 
1.4346710762018497 0.9065069659660073 
1.434321824352175 0.9063677182456936 
1.4340819227564052 0.9062835672959204 
1.434427554416006 0.906400407297199 
1.4344250205131588 0.9064146038196869 
1.434691677015351 0.9065293247321349 
1.4348946171890504 0.9066059513127823 
1.4348914181637502 0.9065902464791183 
1.434953183331417 0.9066219798525161 
1.4352311094654615 0.906738142538141 
1.4353465487760526 0.9067984274745691 
1.435490782822948 0.9068451446833574 
1.4356187500893733 0.9068952775089649 
1.4356796769998874 0.9069208940064959 
1.43555901488734 0.9068680387315785 
1.4356744708684928 0.9068975613047888 
1.4358027120864836 0.9069224265594596 
1.436052793935348 0.9070112600419312 
