0.5175533276234486 0.0 
1.3313102785712732 0.9466984450258132 
1.4075154481695415 0.9174829884732253 
1.4343598354204519 0.9136146999867641 
1.4421468620382374 0.9112019781151729 
1.4516680247755689 0.9108906047851723 
1.458745368417398 0.91124619979469 
1.4633066270262687 0.9109637408716328 
1.4642955806034774 0.9102552347475448 
1.4686715538666122 0.9110194737653814 
1.469340382171817 0.9106783953637809 
1.4710872574040217 0.9111105632793625 
1.46919559567799 0.910468802239406 
1.4699742924004835 0.910210430621741 
1.4703487658787828 0.9101173380895375 
1.4721176418149122 0.9103201838059325 
1.4733501125338475 0.9104468609722747 
1.474210707577176 0.9105994400504088 
1.473502408780261 0.9103997384834268 
1.474691902822676 0.9106041930616768 
1.4743222718440858 0.9104333201884925 
1.47499707313107 0.9108382996270059 
1.4755861297195219 0.9110469712212308 
1.476300842141096 0.911348810658085 
1.4765216143571258 0.9113158120863383 
1.476969434077105 0.9113190002007654 
1.4773439903984888 0.9114545493359164 
1.4771905629422066 0.9115423989669975 
1.4782977900098007 0.912039299766493 
1.4782866587862087 0.9120299173766385 
1.4788414409885673 0.9121005424675683 
1.479268038273772 0.912300990830573 
1.4793958754057353 0.9122863824259851 
1.4797895651324562 0.9124143578803917 
1.4797935148911003 0.9124792182287319 
1.4800939875595387 0.9126214131441294 
1.480734125183768 0.9128441058550258 
1.4808467121684954 0.9128521075547636 
1.4811205979697082 0.9129157268840623 
1.4815712802334384 0.9131392567484459 
1.4816294547065614 0.9131188601739799 
1.4819251156099242 0.9132570161405198 
1.4820686472840132 0.9133805486336116 
1.4822057992062805 0.9134459818127199 
1.4823055498986526 0.9134742639713005 
1.482472638378667 0.9134800266569202 
1.48278917080549 0.9135809289666597 
1.4830064840604924 0.9136863046767334 
1.483377171068915 0.9137421656934769 
1.4832942238147164 0.9136679996755229 
1.4833575760796602 0.913700350458193 
1.4835411484574128 0.9137070655699935 
1.4834963222872555 0.9136357308975566 
1.483404452759188 0.9136403418815012 
1.4832672987031297 0.9136028183549721 
1.4834911885480169 0.9136782493986897 
1.4834133463500259 0.9136172358172907 
1.4834770903738113 0.9136698385441528 
1.4838065549267971 0.9137570491752053 
1.4838959262280687 0.9137819018804357 
1.4838945701642356 0.9138146982899018 
1.4840417541527708 0.913850599096342 
1.4839908112631528 0.913889020070023 
1.4841132202705192 0.9140332091560348 
1.4843113534682262 0.9141409421791346 
1.4843586436476737 0.9142485394502443 
1.484399662161422 0.9142711928876414 
1.4844155992473016 0.9142499129389603 
1.4843516250552673 0.9142636249136582 
1.484401180440925 0.9143211185241009 
1.4844199299858467 0.9143135175197885 
1.4843084243695148 0.9142387924016517 
1.4843642957658536 0.9142494338975801 
1.4843490637851773 0.9142648483530583 
1.4844318609315168 0.914261410841138 
1.4845551852746712 0.9142836973488964 
1.4845929356881533 0.914346881021685 
1.484581142341957 0.9143723997438826 
1.4845851811217292 0.9143773885069724 
1.4846365268275272 0.9143923759539538 
1.484772141606873 0.914466807725614 
1.4848840204262133 0.9145465925154886 
1.4850428900392645 0.9145717030615594 
1.4852298095987042 0.9146461931672495 
1.4853250163639238 0.9147004798873865 
1.4853742011921611 0.9147601562453868 
1.485372679334775 0.9147118398433922 
1.4855506577203035 0.9147792760457997 
1.4854963028865111 0.914793658770458 
1.485612780128587 0.9148539686521319 
1.485419399052242 0.9148299556013568 
1.4855845262246905 0.9148564093326274 
1.4856549396176797 0.9148537869610599 
1.4856861562328658 0.9148945771366507 
1.4856819725852015 0.9148789219104998 
1.4857352427353623 0.9149302265325862 
1.4855568604605538 0.9148779773222473 
1.485682978980326 0.9149456795903397 
1.485690816690324 0.9149793767002821 
1.485614443861988 0.9149916884132814 
1.4855306115920466 0.9149894527571365 
1.4856786396002617 0.9150594811113892 
1.485804666986466 0.9151408084330606 
1.4857248607559723 0.9150890237000388 
1.4858607043558656 0.91512902968438 
1.485844823341416 0.9151432807094261 
1.4857558333744345 0.915091363953307 
1.4858270371658346 0.9151320012962726 
1.4859226878410228 0.9151811229130687 
1.4860272202586529 0.9152304262793772 
1.4860966341040913 0.9152839062325794 
1.4860842982754947 0.9152864275522083 
1.4861770329842046 0.9153578374037988 
1.4862332133932818 0.9154057740910162 
1.4863322911945733 0.9154442921572707 
1.4863593667267094 0.9154653122216992 
1.4863669203422276 0.9154624802530433 
1.4863074989187222 0.9154318260768778 
1.486378007029688 0.9154067019309653 
1.486274336525377 0.9153603997235351 
1.4863158341681026 0.9153733132479747 
1.4863272242037724 0.9153911165703074 
1.4863714382422353 0.9154187306461667 
1.4864397113137167 0.9154541230237772 
1.4864317431277754 0.9154690655666291 
1.4864378193295695 0.915473755245319 
1.4864161401375138 0.9154617962994344 
1.4864865761821695 0.9154947094995748 
1.4865210786043597 0.9155238094377882 
1.4864530652423316 0.9155420764685371 
1.4864407668514212 0.9155207162730177 
1.4864977118132874 0.9155373660440578 
1.4864228310384615 0.9155097042147802 
1.4865265157831027 0.9155443978680318 
1.4864631434157747 0.9155276473673692 
1.4863498108159838 0.9154932134882976 
1.4863347683101336 0.915504266247137 
1.4863571464865026 0.9155021033009383 
1.4863689531348943 0.9155416982878881 
1.486262278505159 0.9154874821348378 
1.4862873643839392 0.9154889907882918 
1.4863331684056098 0.9154886636992543 
1.4861817827083115 0.9154678527885498 
1.4862263799987903 0.9154942652013244 
1.4863106665559709 0.9155336953827973 
1.4863165278575226 0.9155565630621753 
1.4864200446562126 0.9155850695205028 
1.4864907701977683 0.9155995409361015 
1.4864954943267188 0.9156009273417934 
1.486339337351349 0.9155173768393792 
1.486404456037437 0.9155168777513238 
1.4863965400690897 0.9155266831884374 
1.486407624292956 0.9155141136861161 
1.4864699041733083 0.9155499842932018 
1.4865285483351933 0.9156182482738743 
1.4865745387978313 0.9156315898079951 
1.4865628401875608 0.9156131605610054 
1.4865849318740474 0.9156330657301082 
1.4866163853861056 0.9156476265714173 
1.4866646543665214 0.9156734742597882 
1.4867031798647445 0.9157088059358582 
1.4867087968467165 0.9157019587596568 
1.4867856131713475 0.9157225504035023 
1.4867417612078238 0.9156876020417551 
1.4864835080140835 0.9155794997484252 
1.4865226070979867 0.9155810539667159 
1.486507030642046 0.9155841081805831 
1.4865354480419337 0.915585494547654 
1.4864669309672007 0.9155400946787869 
1.4865097703596872 0.9155555914925391 
1.4864960419173523 0.9155429975670848 
1.4865521514718383 0.9155795703590522 
1.486491536079292 0.9155634648317461 
1.486542045785985 0.9155687756621372 
1.486543302479191 0.9155953339860075 
1.4865134986602597 0.9156219081389179 
1.486547736378684 0.9156302907261554 
1.4865762806777034 0.9156431914669284 
1.4865537937724624 0.9156267228413965 
1.486471450532729 0.9155960646116659 
1.486428640551023 0.9155538922267158 
1.4864928573596363 0.915573919386291 
1.4864598075495754 0.915558250591618 
1.4865112706937305 0.9155838279927861 
1.4865919564018757 0.9156143191517643 
1.4865853195751673 0.9156223030970162 
1.4865450056482838 0.9156205024830095 
1.4865344371880331 0.9156361556586465 
1.4865086905511855 0.9156397242844492 
1.4865593309253595 0.9156564515115331 
1.4866118955856982 0.9156791095073437 
1.4866622918004806 0.9156891911433774 
1.4866868439506968 0.9156880330847981 
1.4866708050423734 0.9156770591826923 
1.4865643970234774 0.9156533445027055 
1.4866021718711797 0.9156584052859119 
1.4866559866427533 0.9156920178353719 
1.4866409372641765 0.9156939586444081 
1.4866651244799787 0.9157018536572168 
1.4867010756819268 0.9157010812816915 
