0.5175533276234486 0.0 
1.3486742014155932 0.9479692892542292 
1.4224999108261243 0.9205093783520081 
1.4506701948847673 0.9167575503392698 
1.4633753549965642 0.9151139946886627 
1.4696181135240598 0.9146613839716248 
1.474686537205244 0.9148853630730495 
1.4797641707971059 0.9153249839015537 
1.4819096397616944 0.9155042580643747 
1.4834840236662954 0.9155177605130491 
1.4851243174304687 0.9157624621191702 
1.485575873148659 0.9157720700258971 
1.4865409273896997 0.9160600121214199 
1.4873489568447131 0.9162984503415293 
1.4880299475950742 0.9165216749917314 
1.4885957646793044 0.9168848225734495 
1.4886723606978076 0.9170598660879677 
1.4890250137866083 0.9172126073614233 
1.4889107053411696 0.9171706630091508 
1.4895370852933376 0.9172839173157761 
1.4895854809661724 0.9173778927082945 
1.4901989644485172 0.9176087827529295 
1.4904167168221443 0.9176890768808761 
1.4906973476313943 0.9177541951934415 
1.4912260468530658 0.9178183492233688 
1.4916570038231811 0.9178402853029641 
1.4919184151293714 0.9178906432519469 
1.49201675553416 0.9178803442714227 
1.492206488713311 0.9179294875023275 
1.4921666542531247 0.9179936062100439 
1.4924272574035806 0.9179828727587895 
1.4925831360212927 0.9179995944384903 
1.492857374929674 0.9180312731791249 
1.4931056534795082 0.9181825109472651 
1.4932982356061686 0.9181463227181177 
1.493614668931536 0.9183024323756621 
1.4935856484807615 0.9183509714934287 
1.4936140474442972 0.9184023401238478 
1.493854377660095 0.9184323839881228 
1.4938563123056394 0.9184169001961561 
1.494058689205039 0.9184911173047884 
1.4942286300426733 0.9185062217723741 
1.4941055747788008 0.9184994600787949 
1.4941568666391185 0.9185900548473556 
1.4943073752610079 0.918631933123274 
1.4944662841388343 0.9186859962869178 
1.4943331022022361 0.9186991390131982 
1.4942739207261932 0.9187399990720986 
1.494369986096044 0.9187996207378281 
1.4945337614549665 0.9188732459060156 
1.4946063530888272 0.918899700819566 
1.4945702812088035 0.9188527422877824 
1.4946048119015143 0.9188798189867785 
1.494702992513512 0.9188899886135856 
1.4947353476937353 0.9188723072318492 
1.4947072467394762 0.9188459139171464 
1.4946979245819134 0.9187934905592199 
1.4948034358064037 0.9187986430917066 
1.4947933637107367 0.918845812096679 
1.4948202812419287 0.918950817811118 
1.4947597957766572 0.9189281521678164 
1.4946507030467249 0.9188986256029871 
1.494757758690637 0.9188969230852608 
1.4948062790284269 0.9188812637145173 
1.494730027035348 0.9188670602859363 
1.4947167741138965 0.9188230187887177 
1.494639473417587 0.918781831133738 
1.4946138508523314 0.9187987132840474 
1.4946683532766454 0.9188538351316143 
1.4947398994699508 0.9189047172819195 
1.4947683121661097 0.91890410572953 
1.4947910256573638 0.9189037331460879 
1.4947633075384115 0.9189100715336243 
1.4948969559087029 0.9189054293196053 
1.494972044942123 0.9189137823645224 
1.4950242491015704 0.9189301305576455 
1.4949444858202063 0.9189126845870851 
1.4949229009290221 0.9189152219893587 
1.494949835554391 0.9189218392081542 
1.4949664975791819 0.9189392459253085 
1.4949684040387325 0.918950525134242 
1.4949217073855936 0.9189180158368578 
1.4949643425176382 0.9189577198341997 
1.4950330909705662 0.9189822819744937 
1.4951291217886316 0.9190094054273007 
1.4951863116934625 0.9190417733326278 
1.4952136190527372 0.9190567235414826 
1.4952486044802158 0.9190899409221989 
1.4952345965274416 0.9191149174146814 
1.495261014116945 0.919107909889157 
1.4952786103710038 0.919131204758581 
1.495272958309654 0.9191283361225173 
1.495367394126103 0.9191499762619272 
1.495307658613447 0.9190849063220864 
1.4953594458890582 0.91908963087998 
1.4953993211189707 0.9190886174143265 
1.495376511954137 0.9190881143529941 
1.4954206257830729 0.9191062446679249 
1.4954595201886705 0.9190977500602452 
1.4954662331103399 0.9191065250499015 
1.495523600130682 0.9190985729232327 
1.4955681958837836 0.9191440052498233 
1.4955830638013388 0.9191295041674509 
1.495614927664881 0.9191521929930107 
1.4955925252946858 0.9191483091852305 
1.4956089033507232 0.9191480223855366 
1.4956160683524327 0.9191169944675734 
1.4955898677359947 0.9191418550208279 
1.4956195920510904 0.9191628385571449 
1.495639523964247 0.9191747082723764 
1.4957122228731552 0.9191887839366274 
1.4957090151634318 0.9191939747452278 
1.495714456916644 0.919201809315128 
1.4957343575830113 0.9192104051293176 
1.4957382915232214 0.9192068653985224 
1.495742987809118 0.9192703914364981 
1.4957572104659833 0.9192819381179725 
1.4958205187706037 0.9192950034916942 
1.4957991685484981 0.9193058234125295 
1.4958926664969974 0.9192858152095453 
1.4958954066404377 0.9193102136005654 
1.4959073956513989 0.9193304638678673 
1.495896252278101 0.9193111416775465 
1.495900013186056 0.9192833531284992 
1.495829720174479 0.9192923846421871 
1.4958118515608956 0.9192761714012171 
1.4958125669993936 0.9192748285216058 
1.495796972710505 0.9192735193725671 
1.4957550620624727 0.9192804348591229 
1.4957897591019147 0.9193023574169934 
1.495791940619367 0.919313720452207 
1.4957923642656845 0.9193100121038811 
1.4957920870008716 0.9193001834042724 
1.4958155034173855 0.9193216387816069 
1.4958051255385056 0.9193066196525461 
1.4958554759277323 0.9193372051351778 
1.495859822737264 0.9193504627002538 
1.4957984429820246 0.9193389440951811 
1.495798357186217 0.9193430960321404 
1.4958052508566504 0.9193515614007054 
1.495869804679205 0.9194065755264835 
1.4958218675542208 0.9193959973348607 
1.495862271571522 0.9193914339096755 
1.495846477396233 0.919379745446679 
1.4958071425374422 0.9193756358729374 
1.4958598381357404 0.9193948145974828 
1.4958654546874517 0.9194180192181532 
1.4958411971452388 0.9194156586652599 
1.4958286748472378 0.9194298694510207 
1.495852844188949 0.919453732859991 
1.4958629083267043 0.9194516149235721 
1.4958811719714387 0.9194387427870347 
1.4959054442036983 0.9194384951568888 
1.4959119064818107 0.9194355941426715 
1.4959464620531224 0.9194345061848431 
1.4959483197629302 0.9194415367858377 
1.495947790177796 0.9194558268076903 
1.495931894285684 0.9194412727576786 
1.4959295906846382 0.9194421346783678 
1.4959172308544422 0.9194519891567201 
1.4959198977448303 0.9194540185318633 
1.4959082960072012 0.9194552642110713 
1.495928406709806 0.9194580368335644 
1.4959140428460764 0.9194739679598877 
1.4959019174942263 0.9194750059908537 
1.495945363110567 0.9195023514899795 
1.4959441147731185 0.9194966172804707 
1.495937531478694 0.9195063822701028 
1.4959435491216362 0.9195051556331302 
1.4960063205494714 0.9194960532072303 
1.4959970648731074 0.9194948111418595 
1.4960152107693165 0.9195102064479661 
1.496042726657441 0.9195023707963726 
1.4960695598544527 0.9195008549186454 
1.4960675830632588 0.9194999749262115 
1.496069529099883 0.9195020150014591 
1.4960453748318043 0.9195054254917384 
1.4960519850136582 0.919505554463132 
1.4960643642087799 0.9195118798884537 
1.4960553960132001 0.9195006594050265 
1.4960692759764442 0.9195182287792987 
1.4961031284103496 0.9195137261671231 
1.4961315817738947 0.919511468687654 
1.4961447962734846 0.9195264112331555 
1.4961689917103203 0.9195181626294036 
1.4962017610432556 0.9195349312261927 
1.4962156074678499 0.9195476109729506 
1.4962207739121896 0.9195506858896775 
1.4962191992933824 0.9195510445120423 
1.4961911610979626 0.9195472591281779 
1.496184495441146 0.9195597090715343 
1.4962210074826678 0.9195824943826896 
1.496261596527582 0.9195719612289474 
1.496275650867455 0.9195759379056099 
1.4963160378718154 0.9196173075684955 
1.4963041971403241 0.9196217126489068 
1.4962948534020002 0.9196006752263302 
1.4962974251040988 0.9196233858577677 
1.496315520164344 0.9196343167254816 
1.4963026218696405 0.919627847916741 
