1.1748832953030866 0.0 
1.3670686734410011 0.938715390689259 
1.397161075519883 0.9199589316486911 
1.4146125114512502 0.9235819651169904 
1.4342168278611507 0.9227762406222827 
1.408751664769006 0.9207453439880329 
1.3963532102289087 0.9178917759573463 
1.3959292840301727 0.9166866957116432 
1.382826463408662 0.9142286748923611 
1.3743684871552333 0.9129612688973646 
1.3801622219891811 0.9111207401776403 
1.3837765302299325 0.9104750801365022 
1.375530674318873 0.910176202021237 
1.3730541406309935 0.9086013453970949 
1.3703990755754034 0.9077825731033383 
1.3669510405198657 0.906640979637221 
1.373915987301883 0.9061865558821716 
1.3695948971928158 0.9057666644105511 
1.3685721960520454 0.9051276228136819 
1.3711000324864613 0.9046583039808463 
1.3714763995109758 0.9045301730944323 
1.3701507713497256 0.9045415564696624 
1.3681150084270493 0.9038166709830023 
1.3700090147066881 0.9032098142140257 
1.366420412434172 0.9034181489210563 
1.3694770749379184 0.9029558189008364 
1.3701027875333898 0.9032652861744415 
1.3688292967372104 0.9033281515778854 
1.3673544927599628 0.9030410883383223 
1.3658606694552666 0.9027715118635938 
1.3647456400668871 0.902446242285794 
1.363627935204203 0.9019843603319073 
1.3641396573419582 0.9018180215948429 
1.365350645040579 0.901903412331283 
1.3637533744103005 0.9021059353179238 
1.3640632345115489 0.9018981128052542 
1.3637322450423248 0.9017362403958339 
1.3624366034281719 0.9015907802536061 
1.3600859753004186 0.9014670890029558 
1.3604933051056571 0.901195065339232 
1.3604571607637295 0.9010933392767345 
1.3592858720535546 0.9010935483571043 
1.360134675958278 0.901033839311451 
1.3600989479278052 0.9011889215339902 
1.3602548823032403 0.9011481094938506 
1.3574404611240327 0.9011764817653497 
1.3615837675123597 0.9008643626626244 
1.3605802120436143 0.9010798928604558 
1.3610760705763594 0.9009076758035194 
1.3623791543368395 0.9007951813288365 
1.3611633884195826 0.900876523688037 
1.3611948429666167 0.9007529316691245 
1.358979827549444 0.9007139165529897 
1.3607643133382117 0.900761034009107 
1.3600602728540174 0.901121042787324 
1.3584941205534398 0.901062004706354 
1.3585349689570363 0.9008304886771927 
1.3594748906202399 0.9009256324722748 
1.361069280143883 0.9012482374461851 
1.36210064047642 0.9015482192921966 
1.3610354364091097 0.9015401303799422 
1.3618336014299293 0.9015417015703616 
1.3617979207723347 0.9016687237289752 
1.3618982482626216 0.901504783022342 
1.3628480984052953 0.9015675453847442 
1.3630990184921348 0.901664927376631 
1.363448380853671 0.9016936345699272 
1.3632092912776321 0.9016585389929702 
1.3636892846022586 0.9015882014472044 
1.3629758110053731 0.9015873130493935 
1.3634534093012511 0.90141788768248 
1.3621018265718268 0.901481594839818 
1.3618343555923884 0.9011557291513373 
1.3621856763394713 0.9011279333172716 
1.3626161073789718 0.9012709089841046 
1.3615016733299208 0.9012402825942014 
1.3614683692939618 0.9010492296669692 
1.3625713150672103 0.9010895103352324 
1.3629989690647288 0.9012711900590953 
1.3619291642984175 0.9011617708943731 
1.3621975903857246 0.901211534863984 
1.3624708425720586 0.9013227855584421 
1.3624467074408242 0.9011952129998094 
1.362975004048875 0.9013538064774917 
1.3624137391187612 0.9013463283035736 
1.36323525388381 0.9014435375500077 
1.362460085549951 0.9013654268498941 
1.3617239624230155 0.9012168213334726 
1.3622961564555007 0.901132569044983 
1.3613265687348317 0.9012174537176059 
1.3620818323841315 0.9011062906242832 
1.3623755652827685 0.901270123307327 
1.3635248893306484 0.9014438078824697 
1.3632431024612732 0.901460097150221 
1.362846051327312 0.9013753245190561 
1.3620637622709644 0.9011980637163071 
1.3619338244754582 0.9010720713145354 
1.3621781583282389 0.9011322865914378 
1.3617036625193986 0.9010195387580497 
1.3613796933651747 0.90096203055813 
1.3617131663007398 0.9009332547921569 
1.3613037497191045 0.9008896562858472 
1.3619869189635347 0.9008350286011874 
1.3632065247265752 0.9010732136216254 
1.3628770341122058 0.9011822753548485 
1.3625610372223533 0.9011335668948046 
1.3629791260244857 0.901202609444396 
1.3627509908686255 0.9012559057348191 
1.3633705322658272 0.9013182792872094 
1.3630839743697607 0.9014089769218864 
1.3618364925676532 0.9013567058868631 
1.3626651668427083 0.9012690093007986 
1.3626593531534896 0.9013452401619718 
1.3629279105203973 0.9013419440634259 
1.362848246082784 0.9014416392556717 
1.3631857564053067 0.9014530811518008 
1.3624784724352497 0.9014943422300921 
1.3634245254622308 0.901516234564134 
1.3627453419193676 0.9014352039270943 
1.3632036124504274 0.9014306335753813 
1.363529606381746 0.9015502016563077 
1.3634330047708656 0.9015831965104232 
1.363051518165644 0.9014905357095624 
1.3632924702346203 0.9014687123644971 
1.3635673656613405 0.9014099170379869 
1.3633849766057733 0.9014549945877269 
1.3628434161569167 0.9013970182989166 
1.363059684071869 0.9013020639885774 
1.363316370902366 0.9013138873652845 
1.3630082769588248 0.9013179027153234 
1.363385211824801 0.9012857952232883 
1.3634182053300161 0.9013637318352047 
1.3633476745897584 0.9014093735596614 
1.3621328868612037 0.9013252491693508 
1.3628231153590469 0.9011642543851576 
1.362762168937205 0.9012252987775795 
1.3627196838971565 0.9011622240999345 
1.3628749831264266 0.9011438324662444 
1.3625766261607102 0.901192808232072 
1.3626087257170614 0.9011259462458111 
1.3625127031913151 0.9010911626411704 
1.3624987009320806 0.9010349233329379 
1.3624054388965252 0.9010809034245567 
1.3622608118696007 0.9010336996584847 
1.362187552236792 0.9009839433908281 
1.362382023465574 0.9009372373270231 
1.3621928584063836 0.9009469201103181 
1.3619540112981061 0.9008762426145873 
1.3618337379949346 0.9008731392706266 
1.3615920052834702 0.9008143336514498 
1.3622387503633013 0.9008878530234389 
1.3622084123326945 0.9009383986274538 
1.3625426030559593 0.9010030041011566 
1.3627125338159312 0.9010483758798481 
1.3629303756203306 0.9010177627537209 
1.3629276118987461 0.9009991666599116 
1.3628143306223632 0.9010430926404766 
1.3630874647991282 0.900947191554375 
1.3622535124175277 0.9009971796348168 
1.3633323875759733 0.9009773171041111 
1.3637430957081917 0.9010965849290575 
1.3634870603209706 0.9011241934598365 
1.3639386251808263 0.901136995146465 
1.363821056192061 0.901171526625383 
1.3634051083275043 0.9011066349157112 
1.3633629191397882 0.9010237659147252 
1.3633382744328677 0.9010413358898192 
1.3638751137730052 0.9011069463169811 
1.3638945774217985 0.9011987925783814 
1.3639637054077678 0.9012045346120068 
1.3634190847463905 0.9011666065991578 
1.3634958113090656 0.901114446275234 
1.3636535856610195 0.9011172259009073 
1.363723174571602 0.9011447059993262 
1.3638682380475406 0.901154367503219 
1.3639457314989998 0.9012062747593017 
1.3635999174717957 0.9011434495992624 
1.3640778806844314 0.9011834166764392 
1.3638623958627034 0.9012008684580111 
1.364027805702543 0.9011588308091842 
1.36398894892614 0.9011827882301613 
1.3640078543611145 0.901167361713461 
1.3643729307505132 0.9011788973203693 
1.364723769772565 0.9011819863250606 
1.3648578380062089 0.9012795963936507 
1.3645143743682568 0.9012482743244867 
1.3646631608341158 0.9012460282292883 
1.3643447564819553 0.9011848600090678 
1.364630224139958 0.9011680903656623 
1.3648128931913925 0.9012596117356935 
1.3651003709780596 0.9012949084188248 
1.3653061266122108 0.9013646672258234 
1.3651067375526014 0.9013794449775069 
1.3651650163073104 0.9013894800881446 
1.3653158881880205 0.9014193913234907 
1.3651253805260983 0.901407748268268 
1.365237091727142 0.9013801724573818 
1.3654343187945313 0.9013791031133148 
1.3659738051936614 0.9014274996134909 
1.366042978635331 0.901485785715558 
