1.1813701670181889 0.0 
1.572151532078006 0.9575499904550342 
1.5860885875465822 0.9118978092214053 
1.5957782561218863 0.9176594625658252 
1.5983930475562 0.925145443822205 
1.6019659647948212 0.9337219103818417 
1.602660734687964 0.9387217847807731 
1.6034058912560012 0.9438583394342343 
1.6038028543039602 0.9484230634746696 
1.6040619381815124 0.9520242400696879 
1.6049490601172394 0.95578664709826 
1.6050369746808402 0.9583106381782541 
1.6050847976384999 0.9606101880776183 
1.6053870171224558 0.9626395367605386 
1.6054378788888704 0.9642057614819438 
1.6055173243592276 0.9658556504170088 
1.6054857557995093 0.9671513057333955 
1.6054523082483168 0.9683038985643898 
1.6056501778767889 0.9696852093642351 
1.6057199912310942 0.9708560970853537 
1.605838295612669 0.9719239991123025 
1.6062437613850797 0.97326086696156 
1.6064158823388845 0.9744072380945156 
1.6063651921719269 0.9752099994417973 
1.6063290490973592 0.9758405142928852 
1.6065186755630705 0.9768854032896028 
1.6065537593934889 0.9774457059980179 
1.6067814669593692 0.9784155312891759 
1.606859316720334 0.979077406499916 
1.606877818064583 0.9796807209514689 
1.6069657660398866 0.9803160774100113 
1.606982459229216 0.980759067136013 
1.607017913200717 0.9812093440140106 
1.6070661489686833 0.9816234619763999 
1.607224729680769 0.9822379132719636 
1.607275272585006 0.9826602183300747 
1.607336793831173 0.9831629821823239 
1.6073596218389996 0.9835623922682107 
1.6073317690986764 0.9837861095820167 
1.6074231731085415 0.9842456401521543 
1.6074551873153142 0.9845632918486878 
1.6074406241601933 0.9847821885970746 
1.607485598368115 0.9851118325550827 
1.6075444596026618 0.9854629270998196 
1.607583377787427 0.9857462424849607 
1.6076048301402188 0.9860247100194294 
1.607648533170652 0.9863282913802912 
1.607649724355 0.986537262703006 
1.6076557235383644 0.9867720421326386 
1.6076718343340648 0.9870022393312048 
1.6077007010837012 0.9872447005604114 
1.607697226242632 0.987403598033799 
1.6076666840423852 0.9875078421284081 
1.6077176385210794 0.9877817258596769 
1.6077209320091144 0.9879432078715885 
1.607745798529723 0.9881481805508896 
1.607756152631047 0.9883042667422904 
1.6077443419696331 0.9884517540249065 
1.607779117110553 0.9886704320805809 
1.607790354362899 0.9888524994849494 
1.6078090402391079 0.9890171969496412 
1.6077800041156531 0.989095289528897 
1.6077764876866047 0.9891902021999015 
1.6077777155394728 0.9893072895312675 
1.607800457358463 0.9894691042827908 
1.607813631524741 0.9896251257887225 
1.6078404805034936 0.9898090001204735 
1.6078689127839803 0.9899870491452543 
1.6078633808035123 0.9900870885581803 
1.6078724898497356 0.9901896014407764 
1.6078874016090194 0.990322732433238 
1.6079024491474376 0.9904312299163782 
1.6079159576638964 0.9905617351441394 
1.6079295881018851 0.9906664714669062 
1.607928635823092 0.9907536506792569 
1.6079507637825932 0.9908805764244906 
1.6079659498559762 0.9910130871834621 
1.6079810231638585 0.9911266670443662 
1.607977706686298 0.9912172473147217 
1.6079900399621592 0.9913214778152003 
1.6079932735512583 0.9913879990948878 
1.6080023881830792 0.9914875042671366 
1.608003364770184 0.9915655600438411 
1.6080123657672794 0.9916597684059973 
1.6080306674560954 0.9917628303307584 
1.6080501829144096 0.9918702579169729 
1.6080438556811905 0.991908072997572 
1.608049088456823 0.9919753496282052 
1.6080667579561767 0.99207292904947 
1.6080776800561103 0.9921508085257248 
1.6080953776748823 0.9922352157381356 
1.6081015923632889 0.9923020023044926 
1.6081007021082825 0.9923639738711431 
1.6081039609874501 0.9924231290909544 
1.6081241987880297 0.9925091896399173 
1.6081229550732998 0.9925593275523613 
1.608134755188831 0.9926444267555203 
1.608146818445047 0.992720781260261 
1.6081567629587097 0.9927899139410138 
1.6081534871536378 0.9928402382608624 
1.6081486461680417 0.9928834987106783 
1.6081527748039812 0.9929393743101239 
1.608156096432363 0.9929983647300047 
1.6081678019621437 0.9930668993786693 
1.6081704055979202 0.9931254431940076 
1.6081742235497374 0.9931910714730741 
1.6081638094901292 0.9932237880124095 
1.6081785293188742 0.9932900691014468 
1.6081832324048 0.9933440446585765 
1.6081858970129372 0.9934027877199918 
1.608195635719318 0.9934714839521844 
1.6081985608680023 0.9935241527381881 
1.6082061446480713 0.9935729046742907 
1.608210235119789 0.9936212946802296 
1.6082112991068556 0.9936506813843352 
1.6082209254284505 0.9937019458249563 
1.6082135069014785 0.9937152189771337 
1.6082150364732162 0.9937527818388838 
1.608213011938371 0.9937848932250484 
1.6082108869541725 0.9938156492234593 
1.6082101781769615 0.9938529991969118 
1.6082017869689635 0.9938751954425031 
1.6082048630361452 0.9939225400984689 
1.6082053269416037 0.9939522626394527 
1.6081968455265263 0.9939707248127485 
1.6081959833441997 0.9939980602019175 
1.6081988152299334 0.9940332907701367 
1.6082067356785659 0.9940909616760928 
1.6082005159012172 0.9941080196513287 
1.6081995130055775 0.9941328421494794 
1.6082043889602085 0.9941849107123032 
1.6082078895083 0.9942320059830921 
1.6081999992550957 0.9942359065133556 
1.6081996928644877 0.9942698989613034 
1.60819949215602 0.9943009109144684 
1.6082038157468634 0.9943388848089777 
1.6082161992648414 0.9943974873150718 
1.6082079475226203 0.9944155242924657 
1.6082156027519405 0.9944571874902906 
1.6082202329023367 0.9944903963824573 
1.6082252232178318 0.994528631553756 
1.608221048171814 0.9945453866506682 
1.6082278339690166 0.9945878028615357 
1.6082327923353679 0.9946236375583069 
1.6082338904599394 0.9946511440029984 
1.6082386538259306 0.9946834769425474 
1.6082445880282052 0.9947159519846646 
1.6082404334269798 0.9947303962670625 
1.6082376308417408 0.9947473413216044 
1.6082365103589493 0.9947679451071162 
1.608242637647943 0.9948099950810056 
1.6082443544514606 0.9948406108900154 
1.6082489522556596 0.994877191797014 
1.6082485072575925 0.99490549157995 
1.6082513766518614 0.9949382699367356 
1.6082422807405772 0.9949388957382318 
1.6082404089201419 0.9949554313320902 
1.608240227069151 0.9949794434711288 
1.608240085998913 0.9950032181046196 
1.608241719692468 0.9950282454820667 
1.6082426822373168 0.9950516580506639 
1.6082472229507825 0.9950871830329789 
1.608250759380549 0.9951219970441072 
1.6082502095028903 0.9951422057455899 
1.6082546753672609 0.9951711229707147 
1.6082582774607634 0.9952008945355133 
1.6082596989755513 0.9952236280510347 
1.6082631543957875 0.9952501665394098 
1.6082649965793978 0.9952731136901222 
1.6082607264817268 0.995286238190892 
1.6082688178496827 0.9953196160464475 
1.60827725650888 0.9953555421055549 
1.6082723407895059 0.9953587076033306 
1.6082743817021703 0.9953807202450734 
1.6082766317615296 0.9954070117807552 
1.6082798765351582 0.9954337931401481 
1.6082697138051294 0.9954321270576342 
1.6082723365878924 0.9954548016119046 
1.6082739738122678 0.9954691057595119 
1.6082728472264602 0.9954844047109849 
1.6082757933011012 0.9955039751789275 
1.6082748910506137 0.9955149266959401 
1.6082786406619862 0.9955370592353179 
1.6082802294892355 0.9955518170785399 
1.6082869921907887 0.995578108868233 
1.6082953682874497 0.9956101654067424 
1.608299254444342 0.9956384633292327 
1.6083034858396068 0.9956686388315474 
1.6083000732312145 0.9956785819682927 
1.6083010767678445 0.9956936292865005 
1.6083030110739605 0.9957124169403859 
1.6083029064538263 0.9957279299304177 
1.6083048827141941 0.9957482884769052 
1.6083076848933529 0.9957707176010853 
1.6083027363315576 0.9957763035365134 
1.608308095866462 0.9957990586975682 
1.6083145601778563 0.9958228264588149 
1.60831237819269 0.9958302204996136 
1.6083179377575876 0.9958569167148708 
1.6083150647613547 0.9958649076287068 
