1.1813701670181889 0.0 
1.5726911233361418 0.9568886321313569 
1.592533280028088 0.9116998010378148 
1.5980506387707054 0.9159532282531746 
1.5996261004448444 0.9228740574466037 
1.601236025609514 0.9294956320199091 
1.6017944120419374 0.9339095438108231 
1.602610086217784 0.9391516333024524 
1.6032356631799414 0.9440362346256459 
1.603730608130523 0.9478681358394602 
1.6041622512564981 0.9513517465269746 
1.6044569658176056 0.954613186825215 
1.6046380314822242 0.9570328532590784 
1.604765595689488 0.9591495747489777 
1.6048353545913683 0.9609276690508771 
1.605051145441119 0.9627899346244266 
1.6049555475674546 0.9640291131588459 
1.6052153743082498 0.9657396132160339 
1.6054945932384557 0.9673700699849078 
1.6054835395177844 0.9683655554440987 
1.605625040151745 0.9694803501462281 
1.605851953935274 0.9706967996218352 
1.606067170158713 0.9720322859282342 
1.6061471675539698 0.9729797344269867 
1.6062097042386458 0.9738215884352232 
1.6064226162907402 0.9749874121720105 
1.6065159131521884 0.975783913511382 
1.6067329062629552 0.9768646747416633 
1.60682699735267 0.9776054563643081 
1.6068825730310667 0.9782940579693397 
1.6069670284815605 0.9789584432512515 
1.6070603341742253 0.9795530239088603 
1.6070843076935275 0.9799764208744778 
1.6071379896577571 0.9803891971240369 
1.6072190311453904 0.9808970994499443 
1.6072188605827997 0.9812431879761077 
1.6072805163471497 0.9817694947979174 
1.6073233112207714 0.9822173434315529 
1.6072971777758316 0.9824973073244807 
1.6073546048718765 0.982883969164477 
1.6074036690128306 0.9832745244516257 
1.6073806018507946 0.9835108341323275 
1.6073579223247445 0.9837178669979579 
1.6074086221373638 0.9840719783636377 
1.6074719808453475 0.9844398975029534 
1.6074768879357635 0.984725059340107 
1.6075508978325603 0.9850906840959147 
1.6075595654625099 0.9853237461850336 
1.6075659824704862 0.9855876439098954 
1.6075817675204318 0.9858618759248484 
1.6076064658787053 0.9861579418312235 
1.607598448850201 0.9863330695787835 
1.6075838028245395 0.9864797878503823 
1.6075982640751563 0.9866924044504198 
1.6076212494266566 0.986908645874053 
1.6076421874929854 0.9871089563107396 
1.607642554576063 0.9872543604136065 
1.6076417191077512 0.9874307282399709 
1.6076780483962223 0.9876495789842851 
1.607700320686248 0.9878497121575266 
1.607718660132425 0.9880397116484945 
1.6077060598209354 0.988155809837493 
1.6077325753186358 0.9883155886151685 
1.6077421854682459 0.9884707864866283 
1.6077542811188077 0.9886284053519079 
1.6077603326648664 0.988783576442065 
1.6077788554979355 0.9889569519182086 
1.6078005156690973 0.9891113003384899 
1.6078001292771658 0.9892218480264843 
1.6078120558638465 0.9893479670155395 
1.607812597962698 0.9894752242276671 
1.6078219137504162 0.9895736742745687 
1.6078377388485376 0.989715022338455 
1.6078699464403046 0.9898720534044023 
1.6078781253932959 0.9899957520544761 
1.6078770556967255 0.9900977564361837 
1.6078902615135913 0.9902367579086069 
1.6079008727241426 0.9903502667382916 
1.6079027501156655 0.9904542159850388 
1.607913372120799 0.990564463019006 
1.6079141030663395 0.9906410018902518 
1.6079378842765746 0.9907631496417254 
1.6079344358495924 0.9908288043239044 
1.607928488465916 0.9908965818884827 
1.6079446711457763 0.9910000343550239 
1.6079702796263444 0.9911175185224554 
1.6079850973709942 0.9912095921912614 
1.6079994130714164 0.9913078530379821 
1.6080296197889399 0.9914374635987568 
1.6080391952612894 0.9915255210055212 
1.608054982049929 0.9916091807064792 
1.608067691753839 0.9916960699476641 
1.6080667414608094 0.9917681270416546 
1.6080897630345232 0.9918635031553392 
1.608109401025745 0.9919529178264488 
1.6081180516141247 0.9920300601120824 
1.608132632601363 0.9921247218738218 
1.608137565715838 0.9921922216670487 
1.6081450286440964 0.992250968747723 
1.6081449003564727 0.9923105293461286 
1.6081429176667457 0.9923565345469518 
1.608150661958696 0.9924334600103094 
1.6081579311744032 0.9925085997341291 
1.6081693701164694 0.9925832059667753 
1.6081679804561553 0.9926436142583408 
1.6081548828648702 0.9926767630616241 
1.6081478540723184 0.9927141537989391 
1.608154465282758 0.9927709912276584 
1.608161439962963 0.9928354306683286 
1.608163480497098 0.9928921604366435 
1.608167555269151 0.9929507806354495 
1.6081667983314767 0.9929923029430938 
1.6081753198620197 0.9930402152011979 
1.608181744747691 0.9930987531312684 
1.6081828422345341 0.9931399972701893 
1.6081972542261613 0.9932065981123844 
1.6081920133776715 0.9932248661619846 
1.6081894654546733 0.993256725194975 
1.6081853567976456 0.9932892499498354 
1.6081868523640952 0.9933334520676677 
1.6081946774332188 0.9933856983840217 
1.608192433185858 0.9934181031032581 
1.608191778582622 0.9934667143492656 
1.6081967168143996 0.9935155007567298 
1.6081868375496577 0.9935393389097805 
1.6081918934165764 0.9935803651364402 
1.608193021443404 0.9936193158116108 
1.608191243279582 0.9936582649044707 
1.6081911700696823 0.9936936836660695 
1.6081938347346394 0.9937311679906571 
1.608190545643077 0.9937729611191443 
1.6081949575704326 0.9938242279454459 
1.60819247550898 0.9938405060521827 
1.6081892908212438 0.9938682907417168 
1.6081930802234665 0.9939165671918122 
1.608199172343727 0.993964480417035 
1.608208498326275 0.9940190958260919 
1.6082009761439215 0.9940419567652534 
1.6082088696538221 0.9940871801365285 
1.608211815289509 0.99411601497812 
1.6082197822891842 0.9941607655160821 
1.6082169709496212 0.9941837449075146 
1.6082218162930362 0.9942267154226336 
1.6082241917858033 0.9942604234997421 
1.6082211499536692 0.9942817762631143 
1.6082219489297818 0.9943111024237167 
1.6082261169096146 0.9943396441083437 
1.608228262255979 0.9943660066069432 
1.6082247480098935 0.99438219103721 
1.6082249165887024 0.9944078176345597 
1.6082305478993135 0.9944466419682896 
1.6082297045717509 0.9944713129552903 
1.608234480173419 0.9945089358291361 
1.6082305103223549 0.9945301705494041 
1.6082298584239723 0.9945557027153219 
1.6082260718060837 0.9945675522247742 
1.6082275528918137 0.9945978405949529 
1.6082275454260484 0.9946252751620124 
1.6082242752773834 0.9946440661901318 
1.6082311109948708 0.9946802573532627 
1.6082322133336957 0.9947074190953077 
1.6082354470352598 0.9947411674237562 
1.6082385520044375 0.9947730167240525 
1.6082384873140918 0.994795095244886 
1.6082438576324434 0.994828056766645 
1.6082494179598767 0.9948610915838538 
1.6082522458612334 0.9948857053571154 
1.6082544015411027 0.9949117627628532 
1.6082542995576254 0.9949347008024891 
1.6082500949660687 0.9949492239209211 
1.608256275408369 0.9949808374326935 
1.6082620377975219 0.9950133562376975 
1.608258882848769 0.9950243216970475 
1.6082592825131357 0.9950433683348713 
1.6082612184492535 0.9950671497258564 
1.608266603467125 0.9950945148307765 
1.6082579406037034 0.9950952308715941 
1.6082594462302648 0.9951170692628573 
1.6082625293608586 0.9951341320216497 
1.6082654673250005 0.9951585674192893 
1.608268226832876 0.995181482476183 
1.6082660976145375 0.995194135385342 
1.6082676358445192 0.9952166123851491 
1.6082682377435116 0.9952325337038496 
1.6082707324565106 0.9952510316581825 
1.6082796228189835 0.9952863323810085 
1.6082853643362647 0.9953209818647282 
1.6082868154547665 0.9953465443563126 
1.6082837654147792 0.9953600151234638 
1.6082838075136074 0.9953772427422928 
1.6082876402295652 0.9953995017452134 
1.6082891405617221 0.9954199890247212 
1.6082896208264543 0.9954423045100766 
1.6082907319407738 0.9954652967097265 
1.608286824283056 0.9954747058322366 
1.608290615719467 0.9954974558554573 
1.60829784635144 0.9955244365974989 
1.608299850822522 0.9955422762535228 
1.6083046484509274 0.9955691678527088 
1.6083002845405725 0.9955782682901602 
1.6083032275904505 0.9956013000438491 
1.6083023834396246 0.9956118401161949 
1.6083015690746298 0.9956251719367575 
1.6082944224792803 0.9956227460717516 
1.6083004763164943 0.9956553636690526 
1.6083002050438215 0.995670849815133 
1.6083044947732406 0.9956938791648494 
1.608303781192365 0.9957020924841613 
1.6083001161843333 0.9957041543587535 
1.6083036231100776 0.9957244194114552 
1.6083021669134987 0.9957308721817466 
1.608298882802596 0.9957342787837027 
1.6083024868802875 0.9957543485778332 
1.6083025099125254 0.9957697213932238 
1.6083046231767666 0.9957862002077773 
1.6083056556067838 0.9958022520395967 
1.6083081848730867 0.9958136492881333 
1.6083106850124995 0.9958322715751803 
1.6083106383357793 0.9958435230906619 
1.6083109538821738 0.995856239795765 
1.6083168418387315 0.9958830889358675 
1.608317196970093 0.9958971119725547 
1.6083178371329225 0.9959109421537313 
1.6083161146353442 0.9959168193355004 
1.6083188538281794 0.9959338475346261 
1.6083234738665648 0.9959566188900152 
1.6083224508354708 0.995966542657149 
1.6083282620108017 0.9959923598925808 
1.6083298310073233 0.996008260901721 
1.6083272573341254 0.9960161112824664 
1.6083273397857185 0.9960275535382414 
1.6083269579990227 0.9960399924640112 
1.6083280711873795 0.9960533915734305 
1.6083319561203313 0.9960710328629273 
1.6083321645991324 0.9960827895500198 
1.6083352067964478 0.9960981808034274 
1.6083371276041782 0.996110054868295 
1.6083381914030193 0.9961193501358943 
1.6083400156478875 0.9961345942567694 
1.6083382572520326 0.9961447873979745 
1.6083391543822392 0.9961588165116891 
1.6083385504691707 0.9961716593335121 
1.6083404148849056 0.9961848801226237 
1.608346232491292 0.9962100090502897 
1.6083475178431723 0.996225649401945 
1.6083500200050747 0.9962426115115719 
1.6083521285368536 0.9962577872611528 
1.6083540908690888 0.9962718943820078 
1.6083538689439845 0.9962835171999798 
1.6083570463530628 0.996296617894577 
1.6083607885906708 0.996311826072719 
1.608363172739215 0.9963256894763579 
1.6083644781482456 0.9963403331367187 
1.6083614270274236 0.9963451956048359 
1.6083614786097185 0.9963556614833081 
1.6083652232935455 0.99637617061998 
1.608371706356873 0.9963982078977445 
1.6083698915919835 0.9964028886905513 
1.6083701384332225 0.9964133794301269 
1.6083705601869855 0.9964250896310993 
1.6083728743089816 0.9964406966117578 
1.6083748074194182 0.9964554216533166 
1.608375412265807 0.9964671880180886 
1.6083768216029264 0.996478325145599 
1.6083762238262973 0.9964862478802732 
1.6083711315083506 0.996484943421604 
1.6083737751860403 0.9964995918745687 
1.6083759799168171 0.9965160796036816 
1.6083760507847897 0.9965249881762284 
1.60837707397878 0.9965390666765499 
1.6083746850158767 0.9965460809301491 
1.6083797023449977 0.9965680690772626 
1.6083842421230905 0.9965878795436954 
1.6083850062489697 0.99660043867212 
1.6083835776216384 0.996606005142178 
1.608383809278607 0.996614715403452 
1.6083836519468198 0.9966208145984723 
1.6083832986384798 0.9966266742395081 
1.6083850500121202 0.9966380655797179 
1.6083841514351729 0.9966438071921255 
1.6083860036921698 0.9966558609649746 
1.6083864495201934 0.9966683040488437 
1.6083883035562183 0.996679636592467 
1.608389790275387 0.9966921117452651 
1.6083934189646545 0.9967054619605162 
1.60839329113881 0.9967138489630488 
1.608392897722864 0.9967212798180571 
1.6083934161479037 0.9967306052982343 
1.6083970351529435 0.9967454688561277 
1.6083969722526734 0.9967575226041058 
1.6083961134233107 0.9967639577248026 
1.6083951642789052 0.9967709034555002 
1.608398247852875 0.9967843743700671 
1.6083967112325068 0.996787683289688 
1.6083950718769424 0.9967913650974664 
1.6083952600702176 0.9967972341842272 
1.6083980449732584 0.9968074408855021 
1.6083986544731128 0.9968156221359049 
1.608398769686274 0.9968240936698607 
1.6083994733126765 0.9968352159758063 
1.608400023423319 0.99684434690149 
1.6083986930096346 0.9968487933397305 
1.6083972053224458 0.9968531234718082 
1.6084019963388132 0.9968675298635388 
1.6084026300868293 0.9968744024599397 
1.608403787883606 0.996884694825137 
1.6084028326888287 0.9968921213887496 
1.6084007497218662 0.9968959772125113 
1.6084042168634465 0.9969108167777899 
1.6084060691522002 0.9969199664635425 
1.6084031151061435 0.9969208681516663 
1.6084025697787412 0.9969251202220529 
1.6084043167669957 0.9969348617094449 
1.6084086544490048 0.9969496472951058 
1.6084092599684248 0.9969587726410724 
1.60840700471949 0.9969592269788234 
1.6084066817266787 0.9969651188390086 
1.6084066263744445 0.9969704542447485 
1.6084089606473955 0.9969814642430183 
1.6084103576114732 0.9969901075239009 
1.6084126611723764 0.9970024363608782 
1.608414521353336 0.9970122767110298 
1.6084163019981434 0.9970214764959537 
1.608413816454883 0.9970228645632696 
1.6084158321955486 0.9970316652554849 
1.608419299580621 0.9970440488105806 
1.6084225929315308 0.9970545902708734 
1.6084251052462433 0.9970679338429791 
1.6084234877588692 0.9970714541336205 
1.608423106214471 0.9970771297111742 
1.6084238612138135 0.9970846594825182 
1.6084218940988615 0.9970867540336812 
1.6084189004162692 0.9970865354456904 
1.608419441468588 0.9970939090516594 
1.60842198874792 0.9971050648875421 
1.6084205583936273 0.9971092655512063 
1.6084226039713287 0.9971210723284848 
1.6084191811664965 0.9971199569881192 
1.6084204727642577 0.9971294770012613 
1.6084246126145354 0.9971434008658626 
1.6084239416071118 0.9971482582620169 
1.6084227181296067 0.9971522886555063 
1.6084224464189179 0.9971578783731734 
1.6084245994121356 0.9971670188355202 
1.608425990854833 0.9971751116569701 
1.6084246132746653 0.9971795340749751 
1.6084259299543373 0.9971860892989396 
1.6084278841150887 0.9971937977733432 
1.6084284241612143 0.9971999619241337 
1.6084295305189578 0.9972061331936263 
1.6084304639791747 0.9972130613340439 
1.6084320594195374 0.997220146417954 
1.608434270794918 0.9972289984942211 
1.6084346229264816 0.9972355538508125 
1.608436788293015 0.9972449252329799 
1.6084380717300837 0.9972513198460713 
1.6084386447323489 0.9972574788885518 
1.6084384983825397 0.9972641860717969 
1.608438451735502 0.9972697059409427 
1.608434330766562 0.9972666457699946 
1.6084354486304757 0.9972732478536541 
1.6084329486933244 0.9972734476677183 
1.6084338831232257 0.9972812345193546 
1.6084359644548416 0.9972907449556084 
1.608435877333831 0.9972963781435673 
1.6084346111654806 0.9972977866716669 
1.6084340818413378 0.9973001385366874 
1.6084347622387976 0.9973056544230816 
1.6084356522366865 0.9973091760707659 
1.6084356341010067 0.9973127235857339 
1.6084383354450333 0.9973237174019538 
1.6084383069020116 0.9973276542750481 
1.608436152260716 0.9973272980099277 
1.6084349017590676 0.9973288964402611 
1.6084339588729717 0.9973318736562992 
1.6084346957616034 0.997338141786158 
1.6084330273389558 0.9973395937887716 
1.608433491544325 0.9973441613900397 
1.6084329089248952 0.9973470801799104 
1.6084307811519307 0.9973459434376682 
1.6084320886124168 0.9973527689769067 
1.6084313496477936 0.997355995029137 
1.6084299126643304 0.9973590891839084 
1.608431338724985 0.997367142739991 
1.6084331629338389 0.9973768901783892 
1.6084343774500562 0.9973838967918759 
1.608434395094862 0.9973879405791977 
1.6084353665678286 0.9973928260291501 
1.6084362033649517 0.9973974124686411 
1.608434148737274 0.997398093254858 
1.6084358422669436 0.9974052428156523 
1.6084369486791377 0.9974128623277299 
1.6084362555011287 0.997414402981837 
1.6084365608138487 0.9974198184884411 
1.6084389133340335 0.9974306737106938 
1.6084414329261285 0.9974419377077874 
1.6084445501029514 0.997451410772394 
1.608445554242782 0.9974577980719593 
1.608446467643759 0.9974623623330503 
1.6084470638471555 0.9974657534409781 
1.608446704283874 0.9974689529191018 
1.6084485508623458 0.9974761771316377 
1.6084476195275228 0.9974771950969293 
1.6084499210360648 0.997486673465395 
1.6084511865268247 0.9974943340305471 
1.6084537962526926 0.9975020317800071 
1.608452809406235 0.9975044456602995 
1.608451279341525 0.997504047351138 
1.6084508809276932 0.9975058493186343 
1.6084508355165674 0.9975087836991915 
1.6084497312415544 0.9975112853093074 
1.6084529155020664 0.9975204004165122 
1.608453585825799 0.9975250825579658 
1.6084525363245046 0.9975267494726355 
1.6084536903320306 0.9975331417227352 
1.608455521125791 0.9975396659107288 
1.6084556521183204 0.9975428260947746 
1.6084583838944748 0.9975509375082185 
1.6084610001886728 0.9975596929638514 
1.6084616494967017 0.9975642688760429 
1.6084625538473918 0.9975671327917855 
1.6084621297843698 0.997569611750034 
1.6084626930432437 0.997574742663569 
1.6084647015569546 0.9975846897490198 
1.6084667063804803 0.9975920482236159 
1.6084673689495959 0.9975964149891895 
1.608467862098326 0.9976007264521812 
1.6084682227225322 0.9976049277364651 
1.60846677793403 0.9976047838870645 
1.6084667153019325 0.9976079313379005 
1.6084669497517037 0.9976132274945092 
1.6084668265175797 0.9976182059903158 
1.6084684242745602 0.9976262906692439 
1.608468215902116 0.997628497847003 
1.6084676337625061 0.9976309122885012 
1.608468190363998 0.9976346568427515 
1.6084691507260878 0.9976404428478785 
1.6084689925429665 0.9976451457570991 
1.6084709168524678 0.9976532614530012 
1.6084709236610684 0.9976558471973686 
1.6084682988764076 0.9976528986318187 
1.6084698084311149 0.9976573573431633 
1.608469898094003 0.9976611480946876 
1.6084689763361792 0.9976634221497902 
1.6084696165922867 0.9976678022789249 
1.6084702798966408 0.9976729763781035 
1.6084697178390437 0.9976751068591712 
1.6084714299455418 0.9976811842056746 
1.6084720141111115 0.9976850220928677 
1.6084722429295786 0.9976883804777417 
1.608473057267672 0.9976934479395215 
1.6084722893313332 0.997694567880276 
1.6084738643265282 0.9977004117473525 
1.6084731801763807 0.9977019081411512 
1.6084740970899936 0.9977075087214393 
1.6084762885816213 0.9977160534569153 
1.6084779422958206 0.9977233434841982 
1.608478733500469 0.99772846799932 
1.6084797657219208 0.997733779063326 
1.6084802989578104 0.9977368736128686 
1.608479685712825 0.9977387121150595 
1.6084796789118516 0.9977426832971285 
1.6084801186587125 0.997746848512659 
1.608480973313427 0.997753481592595 
1.6084812402886677 0.9977570328022899 
1.6084811641234527 0.9977601134722458 
1.608481352036853 0.997761976058142 
1.6084813036974248 0.9977653308974964 
1.6084823389832092 0.997771330821422 
1.6084837102448668 0.997776409964077 
1.6084847772762372 0.9977810319137651 
1.6084854642889566 0.997786465836953 
1.6084863173212074 0.997790978686979 
1.608485704349788 0.9977920928390177 
1.6084854360356557 0.9977952320285558 
1.6084865754502988 0.9978009921581434 
1.6084873377662383 0.9978065031461819 
1.6084863835832608 0.9978079226533408 
1.6084871712668274 0.9978130784712155 
1.608486613323772 0.9978163905022607 
1.608488236617888 0.9978225076836229 
1.6084872013014588 0.997823151667396 
1.608487259886684 0.9978262925313145 
1.608486117884986 0.9978271323052608 
1.6084870343555298 0.9978305112541163 
1.6084871539970216 0.9978345083154109 
1.6084879962256224 0.9978381335687944 
1.6084890426240293 0.9978415088051319 
1.6084867469576192 0.9978396274127982 
1.6084870987206765 0.9978430297588408 
1.6084871555806397 0.9978461341102841 
1.6084873886648974 0.9978495872634999 
1.6084893785919467 0.9978563609854142 
1.6084913970674781 0.997863156377347 
1.6084930813257807 0.9978692862546327 
1.6084947399962994 0.9978735799731439 
1.6084957628498937 0.9978798655174365 
1.6084958140222678 0.9978835160532163 
1.608496057724373 0.9978876031038473 
1.6084961476807247 0.9978902117281532 
1.6084957610372173 0.9978911116089109 
1.6084948822963279 0.9978911994563051 
1.6084944146999156 0.9978923544664877 
1.6084928112861738 0.9978917474299542 
1.6084929508432813 0.9978943192770208 
1.6084931707523948 0.9978986340393194 
1.6084933354273723 0.9979015886901388 
1.608494097003935 0.9979053049580494 
1.6084945339778172 0.9979101742990802 
1.608496043106654 0.997914790196377 
1.6084956666343733 0.9979170536407714 
1.6084969028792173 0.9979216878445059 
1.608496347030715 0.9979234826512465 
1.608497236039485 0.9979275166501566 
1.6084963779108419 0.9979291373550363 
1.6084964190301474 0.9979321445411262 
1.6084969382527803 0.9979351148279765 
1.6084974129454552 0.9979407857426708 
1.608498351744982 0.9979460931510687 
1.6084987893781086 0.9979483952505523 
1.608499331488602 0.9979516446177022 
1.608500704762143 0.9979568097701443 
1.6085014757073763 0.9979601295863723 
1.6085020221966866 0.9979628515240224 
1.6085030551480206 0.997967442923074 
1.6085036444930545 0.9979713210229803 
1.6085033370306812 0.9979736612883332 
1.6085032324695483 0.9979757720676036 
1.6085035466896123 0.9979797264366018 
1.6085043442544436 0.997985122123028 
1.6085054504087204 0.9979887338913074 
1.608505763288568 0.9979917603296771 
1.6085048128977748 0.9979923896303844 
1.6085047777880686 0.9979952009981428 
1.6085054745381333 0.9979989428359657 
1.6085040861616746 0.9979982090073534 
1.608503906717082 0.997999222856668 
1.6085040540530997 0.9980014556700609 
1.6085037350470652 0.9980022801552422 
1.608504690670241 0.9980051179193026 
1.6085055651831761 0.9980093033840254 
1.6085062692139824 0.9980128315973481 
1.6085056127230597 0.9980155230943789 
1.608505663458606 0.9980193066265962 
1.6085070037999787 0.9980244031886131 
1.608507693860017 0.9980284520334466 
1.608507402108962 0.9980304339909188 
1.6085065869506436 0.9980314111487483 
1.6085066674240192 0.9980334925701767 
1.6085067567796552 0.9980347793859781 
1.6085084464575148 0.9980399791502683 
1.6085094359543817 0.9980441963942482 
1.6085086734096157 0.9980441703215681 
1.6085095813274843 0.9980477416751586 
1.6085092244642734 0.9980502624791631 
1.6085096332316215 0.9980539035214526 
1.608510343066214 0.9980565432649845 
1.6085114493216581 0.9980605101402206 
1.608511979614402 0.9980632860826621 
1.6085126538679113 0.9980665294578045 
1.6085145798163858 0.9980723259931206 
1.6085144573816637 0.9980744502855372 
1.6085144712228463 0.9980761106323343 
1.6085139168791007 0.9980762140874796 
1.6085146278539462 0.9980795706175061 
1.6085137422439162 0.9980812907251342 
1.6085134233751153 0.9980833246551692 
1.608512786473915 0.998084858350363 
1.6085139254673033 0.9980891991814126 
1.6085143093178371 0.9980923870839747 
1.6085151184727662 0.9980960184740492 
1.6085162779211506 0.9981002744258771 
1.6085161478518002 0.9981026115203661 
1.6085153589903518 0.9981025142307522 
1.6085149912736185 0.9981041911886481 
1.6085155117418177 0.9981066259883888 
1.6085156244333223 0.9981083640397203 
1.6085160645454597 0.9981112598537879 
1.608517004342529 0.9981156888940662 
1.6085157174830345 0.9981150544983756 
1.6085150109856798 0.9981160889555789 
1.6085156489098769 0.9981193863983511 
1.6085159830749833 0.9981224789818629 
1.6085154190522049 0.9981234667376218 
1.6085161820630485 0.9981259884198723 
1.6085165714526302 0.998129039261208 
1.6085178348654547 0.9981335755589196 
1.608517979708055 0.998135654483872 
1.608518226448323 0.9981393147568005 
1.6085187212585976 0.9981432696214406 
1.6085191391193654 0.9981465238754917 
1.6085197596435175 0.9981495415617869 
1.6085202084223111 0.9981535113779648 
1.6085201753641947 0.9981545712356052 
1.6085192928006042 0.9981550304177316 
1.60851874134034 0.9981560282200727 
1.608518384764499 0.9981557731756651 
1.608519166159635 0.9981586228249278 
1.6085207375722885 0.9981632605043228 
1.6085201938697749 0.9981639707592275 
1.6085202716317435 0.9981669334999598 
1.608520211108522 0.9981678533234382 
1.6085213247967256 0.9981720542960448 
1.6085208094755534 0.9981723737019081 
1.6085217902926583 0.9981751477408103 
1.6085219527017336 0.9981759201891703 
1.6085228965847829 0.9981798048491786 
1.6085234358070881 0.9981831827472023 
1.608523460735904 0.9981857498177531 
1.608522690090522 0.9981864142529621 
1.6085228204607394 0.998188173281948 
1.6085218113752293 0.9981880133196065 
1.6085221865754766 0.9981900129087656 
1.6085222613210097 0.9981916838763472 
1.608522404901987 0.9981939489334237 
1.608521782825841 0.9981952083839678 
1.6085217598426735 0.998196767836803 
1.6085228077378546 0.9982001229398871 
1.6085238001538833 0.9982036203378083 
1.6085244850098321 0.9982070862069924 
1.608524670351197 0.9982092970371501 
1.608524203801896 0.9982093003812121 
1.608523992127353 0.9982101520919664 
1.6085250397564583 0.9982140985362858 
1.6085251217557666 0.9982155395547008 
1.608525743140009 0.998219307438305 
1.6085266871313997 0.9982223033564659 
1.6085263860671952 0.9982234902073802 
1.6085274053665606 0.9982265292118958 
1.6085276875993624 0.998228476761923 
1.6085277287614481 0.998229019998155 
1.608527191286487 0.9982295779542087 
1.6085274982101434 0.9982316735565141 
1.608526845229085 0.998231541077388 
1.6085277791999377 0.9982333832661617 
1.608528296177913 0.9982354145001356 
1.6085281895261783 0.9982372246491203 
1.6085292054319154 0.9982398975925201 
1.6085292243260865 0.9982412304977728 
1.608529816794421 0.9982430712806913 
1.6085305641568264 0.9982458435202088 
1.6085305410757607 0.9982463859572073 
1.6085296974806929 0.998245568005573 
1.6085288273174172 0.998245131834031 
1.6085292093870602 0.9982481874891665 
1.6085293417304825 0.9982498931005962 
1.608529640901789 0.998251328896017 
1.6085303204265526 0.9982537791879047 
1.608531306047872 0.9982564627234883 
1.6085308837711514 0.998256935216808 
1.6085315441171284 0.9982594879593119 
1.6085315584593511 0.9982612998739333 
1.6085315913818077 0.9982632390797255 
1.6085315917829341 0.9982644671350138 
1.6085312874877475 0.9982658697350268 
1.6085313048066154 0.9982669811994571 
1.608531354493948 0.9982678713055765 
1.6085307182245991 0.9982682090945662 
1.6085317378675672 0.9982719730674885 
1.608531292584656 0.9982722696351227 
1.608531523434772 0.998273816716203 
1.6085308039031967 0.9982746972227068 
1.608530994106183 0.9982771467408207 
1.6085311811054457 0.9982788167097554 
1.608531994969906 0.9982814369993009 
1.6085327660604412 0.998284031497256 
1.6085339995562806 0.9982878332342754 
1.6085342547027726 0.9982903025176018 
1.608534090075849 0.9982916506796385 
1.6085347944389288 0.9982944658381265 
1.608534636412952 0.9982958608230235 
1.6085352657705572 0.9982980846353297 
1.6085343935415417 0.9982978439201444 
1.6085348302874154 0.9982994397339379 
1.6085344774394927 0.998300281609955 
1.6085350283888387 0.9983035525187754 
1.6085357492598444 0.9983069992281159 
1.6085362776153331 0.9983099510388705 
1.6085373512227592 0.9983133701927651 
1.6085385780931594 0.9983177448423355 
1.6085388894691566 0.9983196819412524 
1.6085395664334998 0.9983230699141977 
1.6085400776432512 0.9983251641724452 
1.60854092921485 0.9983272729066843 
1.6085413654774396 0.9983291195235234 
1.6085419900810298 0.9983317859267501 
1.6085419184604512 0.9983334151877596 
1.60854128010813 0.9983341663058897 
1.6085406113006988 0.9983340530412059 
1.608540484645707 0.9983349417567859 
1.6085406098644317 0.9983367109733227 
1.6085411535717067 0.9983393176096137 
1.6085410051115694 0.9983400044158399 
1.6085412981506337 0.9983420284953872 
1.608540774703378 0.9983417702517682 
1.6085411660239777 0.9983433576628841 
1.6085414425454188 0.9983448394956519 
1.6085417978765066 0.998347225599813 
1.6085424612718346 0.9983489593956727 
1.6085420865278612 0.9983487966886238 
1.6085420005128566 0.9983500917880622 
1.6085422094256663 0.9983512683804356 
1.6085418032155203 0.9983515456318169 
1.608542422828734 0.9983542274910477 
1.6085424798387813 0.9983554606671091 
1.6085423742384095 0.9983555988697387 
1.6085423976869344 0.9983571696563383 
1.6085424589270696 0.9983582462500709 
1.6085427181186216 0.9983597750587999 
1.6085424057753037 0.9983608602626896 
1.6085419637331277 0.9983604205919863 
1.6085417746238355 0.9983612894204934 
1.6085414249393841 0.9983618614822352 
1.6085415192886987 0.9983636937483972 
1.6085415081378773 0.998365556942034 
1.6085413044346863 0.9983664887315069 
1.6085421839220622 0.9983696782120478 
1.6085424709221972 0.9983713373466725 
1.6085427545008317 0.998373098561754 
1.6085424202725138 0.9983738085333033 
1.6085423653296593 0.998374914725432 
1.6085416350755206 0.9983746027734484 
1.608541537583248 0.9983757533565034 
1.6085415814448378 0.9983775348414922 
1.6085425438826355 0.9983808748258174 
1.608543130553325 0.998383288618149 
1.6085444080953832 0.9983873914642013 
1.6085444378277987 0.9983884102387856 
1.6085447613490684 0.9983898640656135 
1.6085448778769578 0.9983916445005812 
1.6085435661792957 0.9983900205001434 
1.6085443346119854 0.99839224588448 
1.6085442852537102 0.998393522694069 
1.6085451296550604 0.9983965108207533 
1.608545085151588 0.9983981259757732 
1.6085461949634494 0.9984022461196025 
1.6085465677127935 0.9984043157408354 
1.6085470629949459 0.9984067998465707 
1.60854701134442 0.9984070149308389 
1.608546922782929 0.9984080115419203 
1.608546425212111 0.9984083689327182 
1.608546880519676 0.9984100452098148 
1.6085472728613448 0.9984118050769394 
1.6085467355886578 0.9984121859204218 
1.6085465059550381 0.9984125501870474 
1.6085467883049624 0.9984141291066443 
1.6085466096863146 0.9984155916898625 
1.6085470130497193 0.998417480338012 
1.6085474461151488 0.9984191472002323 
1.608547235889945 0.9984197376682602 
1.6085472801880418 0.998420124376498 
1.6085464870457156 0.9984199138022654 
1.6085462670587143 0.9984206854944043 
1.6085458273832332 0.9984210163018311 
1.6085461346462993 0.9984229191109567 
1.6085460312594222 0.998424101919131 
1.60854607782434 0.9984257917721474 
1.6085464210697737 0.9984274973412509 
1.6085466117221747 0.9984289498275962 
1.6085460365841757 0.9984287411092252 
1.6085458003348245 0.9984294159301985 
1.6085455092062677 0.9984307499472364 
1.6085455870462904 0.9984328844323318 
1.6085456435595402 0.9984347380932469 
1.608545572891698 0.9984361059290648 
1.6085457916545791 0.9984375171538042 
1.6085452539647018 0.9984367943215781 
1.6085455441281935 0.9984389569680109 
1.6085459145602683 0.9984413134018981 
1.608546373934259 0.9984430141257337 
1.6085465697023427 0.998444455096928 
1.6085466864342632 0.9984458527319393 
1.6085467607703192 0.9984477232752038 
1.6085468719561615 0.9984495896548099 
1.6085463199871672 0.9984489000910186 
1.608545266771238 0.9984483468201176 
1.6085451274583578 0.9984497677423793 
1.6085456381479304 0.9984522359847079 
1.6085456300575196 0.9984541412582639 
1.6085458842281857 0.9984564285498811 
1.6085452886610567 0.9984558949148681 
1.608546014303352 0.9984586924816682 
1.6085464170714567 0.9984603102457014 
1.6085464842253074 0.9984614590078842 
1.6085465349916477 0.9984621989158092 
1.608546291424683 0.9984631882960111 
1.608546572328633 0.9984649790673934 
1.608546371023553 0.9984654696822767 
1.6085462363824374 0.9984665140118087 
1.6085460269484484 0.9984674674257222 
1.608545955017138 0.9984690188344966 
1.6085459440659902 0.998469666843308 
1.6085457020998946 0.9984706963228934 
1.608545625601899 0.9984721628016139 
1.6085463376925595 0.9984746405971802 
1.6085460757687662 0.9984756819387536 
1.6085457681709465 0.9984765493533877 
1.6085460976363402 0.9984789500953913 
1.608545977005824 0.998480525040356 
1.6085465364725404 0.9984824980095597 
1.6085468927134372 0.9984838263083458 
1.6085471042147181 0.9984853645154046 
1.6085472373928962 0.998486758099549 
1.6085479243820804 0.9984895104582264 
1.6085477040664067 0.9984900735677902 
1.6085482074295512 0.9984919079731255 
1.608548101829801 0.9984932683468606 
1.6085475986360533 0.9984931598837021 
1.6085479389849362 0.9984949247809938 
1.6085478550179453 0.998496034472576 
1.6085475915481795 0.9984962529970107 
1.6085475409159788 0.9984971010859227 
1.6085478233871193 0.9984983614666667 
1.6085475980432455 0.9984984822273532 
1.608547629166928 0.9984989895858492 
1.6085472718225888 0.9984996522857623 
1.6085471296961649 0.9985006756407174 
1.6085466242217332 0.9985007486758635 
1.6085471074751096 0.9985024701147065 
1.6085468871794624 0.9985027390615632 
1.608547019192553 0.9985045361004378 
1.6085467096516046 0.9985043720016431 
1.6085463699395832 0.9985047303789987 
1.6085461962782817 0.9985050608782562 
1.608546706599799 0.9985067885153285 
1.6085460138890504 0.9985064359872114 
1.6085457993360863 0.9985076083882979 
1.6085452368710456 0.9985075571769126 
1.6085451579000924 0.9985082025099663 
1.6085448402745908 0.9985092165627684 
1.608544982462449 0.9985106326522138 
1.6085449971110695 0.9985119072455971 
1.608544704445083 0.9985124168066408 
1.6085445490475008 0.99851276056688 
1.608544922254516 0.9985142533252839 
1.608545427073843 0.998516676023905 
1.6085457495637887 0.998517812526367 
1.608545306476081 0.9985183578471635 
1.6085456070170983 0.9985201529438514 
1.608545304459945 0.9985200670359047 
1.6085458842007931 0.9985220730805742 
1.6085454223108053 0.9985225493543087 
1.6085455385676435 0.9985235089202273 
1.6085451599793799 0.9985233692547122 
1.608545758592961 0.9985251322071705 
1.6085460106143414 0.9985268290590976 
1.6085456637190734 0.9985268999592968 
1.6085456475478546 0.9985274852057847 
1.6085451993355528 0.9985270583839966 
1.608544871420905 0.9985278254969114 
1.6085444845464407 0.9985277943302808 
1.6085450577144533 0.9985295360386631 
1.6085443617153126 0.9985287637901854 
1.6085454989713364 0.9985323601807423 
1.6085461219650028 0.9985346805325572 
1.608546062457124 0.998536160438009 
1.6085461309521423 0.998536975549084 
1.6085462343103787 0.9985386031505268 
1.6085458680851605 0.9985389904326052 
1.6085455517090426 0.9985389457041354 
1.608545203956056 0.9985394454142796 
1.608545049029066 0.9985400977326693 
1.6085455284902017 0.9985423920337583 
1.6085451749536577 0.9985421975707934 
1.6085455708636747 0.9985436306479425 
1.6085451661932042 0.9985438196958977 
1.6085453891215464 0.9985453638954292 
1.608545419969404 0.9985458290183357 
1.6085460732929084 0.9985478645560318 
1.608546554891076 0.9985500557856619 
1.6085468723144851 0.9985514041037247 
1.6085469576092157 0.9985524963580249 
1.6085475216932978 0.9985548968974801 
1.6085484113222817 0.9985576150785422 
1.6085485569706797 0.9985588094533119 
1.6085491414386408 0.9985606964011022 
1.6085493678253482 0.9985618568008918 
1.6085488184860222 0.9985609658480061 
1.608548514042681 0.9985603106431455 
1.608548746044233 0.9985614335608225 
1.6085489082957625 0.9985632197223103 
1.608549527211162 0.9985655638550198 
1.6085497810476737 0.9985670022818237 
1.608549789399398 0.9985679528971808 
1.6085504359954825 0.998570480409959 
1.6085508146270824 0.9985723515680592 
1.608550349104188 0.9985726141217125 
1.6085504431426418 0.9985733672740158 
1.608550639238699 0.9985741158366579 
1.6085499112193558 0.9985738319690117 
1.6085494901557562 0.9985730749373746 
1.6085496691439034 0.9985744929290986 
1.6085492493298588 0.9985740652116795 
1.6085493410881437 0.9985746851161695 
1.608549293622298 0.998575004428919 
1.6085495237388718 0.9985763310143344 
1.6085499689854892 0.9985778623326227 
1.6085499406312815 0.9985786489229388 
1.6085502100697335 0.9985802969049362 
1.6085498592282936 0.9985807348828639 
1.6085496185265973 0.9985810167642531 
1.6085496164565314 0.9985820233278325 
1.6085503591442214 0.9985845625760155 
1.608551330888355 0.9985869012686464 
1.608551235378223 0.9985874533026402 
1.6085508166370979 0.9985878172575775 
1.6085504351555475 0.9985878192680108 
1.6085507153663554 0.9985890049591073 
1.6085508712345378 0.9985896157338501 
1.608551223553871 0.9985910516992363 
1.6085515216463562 0.9985921749840809 
1.6085511742747038 0.9985921879188085 
1.6085511081186432 0.9985933520941447 
1.6085505261309123 0.9985934553377547 
1.608551255504327 0.9985956520312994 
1.6085509824144342 0.998595340251205 
1.608551301204372 0.9985961829582602 
1.6085515141584936 0.9985968950257799 
1.608550896569514 0.9985955417644231 
1.6085506482032395 0.9985957331329223 
1.6085507249249202 0.9985959586559479 
1.6085508321251913 0.998597438365241 
1.6085510150294928 0.9985987231185861 
1.608551443662271 0.9985998553265074 
1.6085514766658724 0.9986006511149196 
1.6085519527163057 0.9986018328393454 
1.6085522887093597 0.9986030088337315 
1.6085521425944385 0.9986036451629359 
1.6085522534434165 0.998604865565009 
1.6085518560496306 0.998605404294728 
1.6085520225202843 0.9986068260400736 
1.608551926079875 0.9986074153148381 
1.608552181204151 0.998608319118803 
1.6085519278189084 0.9986081558403374 
1.6085521767253808 0.9986088421788863 
1.6085521787539823 0.9986100859912095 
1.6085520793221988 0.9986107783840346 
1.6085525775576346 0.9986120799934363 
1.608553184099816 0.9986133981578607 
1.6085529449901261 0.9986140473408678 
1.6085525801428466 0.9986148255753735 
1.608552799210642 0.9986163375600342 
1.6085528362825736 0.9986178880047921 
1.6085528082576082 0.9986189447649643 
1.60855318744662 0.9986199258910982 
1.6085532867326502 0.9986202310367268 
1.6085531109351903 0.9986204779384269 
1.6085531400665383 0.9986213362384476 
1.6085530492776696 0.9986220731528537 
1.6085537698363492 0.9986239583284872 
1.6085540058098473 0.9986255620818157 
1.6085544136499683 0.9986272782336436 
1.6085539521277021 0.9986276430496444 
1.6085533362254776 0.9986270008597005 
1.6085536150487123 0.9986286532163932 
1.608553430163816 0.9986290166595406 
1.608553414798454 0.9986304363869705 
1.6085530766019358 0.9986300428572028 
1.6085535577273866 0.9986313528587039 
1.6085536746474907 0.9986320972339366 
1.6085539283512702 0.9986338887174364 
1.6085542198079397 0.9986352473290899 
1.6085542498419403 0.9986361918453336 
1.608553822038245 0.9986357874405559 
1.6085534745008254 0.99863605443563 
1.6085540028334868 0.9986377479990803 
1.608553851776609 0.9986383036966874 
1.608553917419074 0.9986389788931124 
1.6085541798005354 0.9986402907742493 
1.608554252343324 0.9986410690011892 
1.6085545061215294 0.9986426811082308 
1.6085538160099226 0.9986416670196527 
1.6085538370432264 0.9986425983944851 
1.608554281317206 0.9986444107542953 
1.6085547004648968 0.9986462933697478 
1.6085550340764088 0.9986473201462541 
1.608554800378784 0.9986472711830717 
1.6085549636694674 0.9986482576474591 
1.608554882125434 0.9986488271187658 
1.6085551397100264 0.9986502604071361 
1.6085554239986293 0.9986515266721253 
1.6085557801104406 0.9986527078298283 
1.6085555353104817 0.9986528709871417 
1.6085553514671491 0.9986530762568232 
1.608555338783363 0.9986536285587597 
1.6085547810328233 0.9986531330280558 
1.60855490914854 0.9986536806493536 
1.6085550001525926 0.9986544813998973 
1.6085551603458117 0.998655722038955 
1.608554829940153 0.9986556110763423 
1.6085544815157904 0.9986557955282963 
1.6085540965009886 0.9986556505678487 
1.6085541748138976 0.9986569415906094 
1.6085538757337854 0.998657082323975 
1.6085543798134985 0.9986584904970309 
1.6085543566518703 0.9986587754012775 
1.6085546118275633 0.9986599382736455 
1.6085548713345208 0.998660740225203 
1.6085553794832512 0.9986623284463646 
1.6085554138936955 0.9986634141291256 
