1.1748832953030866 0.0 
1.4419848762861283 0.9426512119625401 
1.4539140697164448 0.9207770211964785 
1.4352284059277005 0.9172038689300259 
1.440247364941843 0.9146028270764985 
1.4396999649410394 0.9136518345383652 
1.4384479851516434 0.9115253655938387 
1.4342722048148835 0.9094724164984528 
1.4293932481785068 0.90736675991646 
1.4317936815158026 0.906325628574323 
1.4334063496513048 0.9070021244945747 
1.4338405376229446 0.9076080716958149 
1.4321058082304827 0.9073341442530934 
1.4355779770992412 0.9069038975107198 
1.4366362534130166 0.9069893259309264 
1.435814930048504 0.9072707787305078 
1.438770034318227 0.9069609060719683 
1.4364193260836218 0.9065857232969007 
1.434979904859678 0.9058830193804132 
1.4339466062449324 0.9052913567943237 
1.4347142584148567 0.9046563555523068 
1.4338448233434655 0.9048434752042066 
1.4351755104722685 0.9046387345858645 
1.4340554250169981 0.9044889733931551 
1.432843342451121 0.9040040351808086 
1.4325849696290451 0.9034769175205181 
1.432163371160223 0.9032024360086116 
1.4312774973800308 0.9027883691522499 
1.4295850455679435 0.9026386433795426 
1.428187737829362 0.9020757478929492 
1.4279558719996737 0.9015864921514333 
1.427504258731714 0.9013498690869576 
1.4265004552996619 0.9011723374130028 
1.4268277140229866 0.9011470864800692 
1.4271311493054188 0.901108885878145 
1.4271547106778562 0.9013007165175625 
1.4278024414858348 0.9013622293097198 
1.427607224995383 0.9012983712691278 
1.4279296226775895 0.9014692380880918 
1.4261214873467085 0.9011358020070911 
1.4255512245421023 0.9005258606606846 
1.4259279183445248 0.9004736273233711 
1.4245327674706965 0.900186592988085 
1.4251921026946461 0.9000397472762295 
1.42661431778095 0.9003963290586163 
1.4268481038336536 0.9005595064269282 
1.4251420554018936 0.9002195738162793 
1.4258941792352668 0.899935705513652 
1.426433708847554 0.9000739643794363 
1.425082330905951 0.899997117355496 
1.4244473133194113 0.8995470243759729 
1.4234950507660205 0.8992411647196656 
1.4236379660150789 0.8990062295245811 
1.424692942269804 0.8992711506612177 
1.4253805054819637 0.8996142066250765 
1.4256617811606045 0.8998978701983691 
1.424811990383845 0.8996539686038224 
1.4250287448712529 0.8995090754467914 
1.4251349429087072 0.8995655099598092 
1.4252958037690866 0.8995201100205663 
1.4251897432379326 0.8995839348405591 
1.4251463139783083 0.8995015507396212 
1.4252059824740142 0.8994010887737564 
1.425451271332139 0.8993930788980647 
1.4256475909842625 0.8996041700658687 
1.4264640161583761 0.8998335201320998 
1.4263792901929293 0.8999404687544892 
1.426727415085219 0.8999229707101755 
1.4259509717161172 0.8998657738216792 
1.4258946214659243 0.8996245021415259 
1.4257029684928486 0.8995630365316052 
1.4254998178247522 0.8994985522948983 
1.4258024650287198 0.899439250130386 
1.4259532285665608 0.8994371037534251 
1.4263549871297072 0.8995094987291898 
1.425945403471662 0.89940627493947 
1.4256689399164997 0.8992711905646359 
1.4265750285602816 0.8992494845329879 
1.4264133349809278 0.899269727816363 
1.4264736176970125 0.8992932722385077 
1.4268372917477712 0.8994084327877204 
1.4267287886375968 0.8995119095610108 
1.4265661977861377 0.8993460888363992 
1.4259754346614673 0.899268878500423 
1.4255219107378405 0.8991065660069361 
1.4253152046708444 0.8990180787140181 
1.4256365692679536 0.8990195416820492 
1.4252587410385704 0.8989773477764307 
1.4254148023280846 0.8989091492635908 
1.4246108173476597 0.8987513150730233 
1.4242880037311358 0.8984878134009605 
1.4238148547745988 0.8983440037388077 
1.4243330865911947 0.898240398409573 
1.4243338429502117 0.898312528606012 
1.4243102532479468 0.898246982189971 
1.4243820572433303 0.8982692298138225 
1.4251364183149906 0.898352882293302 
1.4252184872692006 0.8985438202873243 
1.425185777962553 0.8984563908949156 
1.424534566566955 0.8983149237270277 
1.4252966391875967 0.8982368015244551 
1.4252803623162131 0.8984665033237665 
1.4255609925566484 0.8985725663312009 
1.42543877965269 0.8985688592988305 
1.4257053047713655 0.8986561784695524 
1.4259240608917765 0.8987528199836254 
1.4261834370649724 0.8988538492876613 
1.4261378817896477 0.8989459461791375 
1.426421396446874 0.899033401193502 
1.4262658559796326 0.8990635326037045 
1.4265388053247774 0.8990904020358145 
1.426863801043027 0.8992699518976758 
1.426995874708749 0.899363311820356 
1.427029541078921 0.8993505732418783 
1.4267433557017095 0.8992910149240261 
1.4264396930247756 0.8991742018932245 
1.4268151616001785 0.89914145233013 
1.4269257813625866 0.899189730532536 
1.4268631108310024 0.8991664993788747 
1.4266369279789919 0.8990919996349456 
1.426791092665252 0.899042551455268 
1.4271539726246358 0.8990363626952287 
1.4267102423828086 0.8990516283070579 
1.4262824225999455 0.8988781330882682 
1.4259537621833132 0.8986855624850978 
1.4256814861713665 0.8985909021645367 
1.4260299305427333 0.8985306425198545 
1.4264844681699855 0.8987690195887308 
1.4258428020344256 0.8987680596256692 
1.4260726117205031 0.8986862270670631 
1.4262920134515547 0.8986852563386258 
1.4261738308865726 0.8986923705150286 
1.4267325658244683 0.8986231778996199 
1.4263031924332703 0.8987001581638335 
1.4263160775621402 0.8985574140507605 
1.4263691153255385 0.8985818479447268 
1.4264390342589504 0.8985911108624597 
1.4263148525357079 0.8986283691147363 
1.4261466950667787 0.8986339452719045 
1.4263975411062648 0.8986550989151135 
1.4267420608998558 0.8987299276035277 
1.4265861143221896 0.8987977205163578 
1.4265179444459486 0.8987973360980495 
1.4269775336846928 0.8987901020468468 
1.4271191933828191 0.8988881963370745 
1.426929966208667 0.8989013347090343 
1.4270789422874604 0.8989031199960384 
1.427230138366066 0.8989666348164462 
1.42722452898611 0.8990298053462049 
1.4272815463664152 0.8990889141916559 
1.4272339817146296 0.8990805098008473 
1.427456940601886 0.8990615179420302 
1.4270969003115506 0.8991152156330411 
1.4272473503543883 0.8990845562706575 
1.4275874298603968 0.8991931705463533 
1.4272680702576326 0.899167920538628 
1.4276636239538323 0.8992017166326763 
1.4277144175788057 0.8992553252524714 
1.4276205312325385 0.8992903613899178 
1.4278964325497647 0.8993257757918577 
1.4280600890307253 0.8993299312045554 
1.4282199978496029 0.8993764653817891 
1.4282298730788543 0.8994918373901362 
1.4285400715475942 0.8995272353754562 
1.428343607376906 0.8995749098555806 
1.4284739313308334 0.8995699406629311 
1.4284565608633528 0.8996164949314175 
1.428727422421027 0.899629659021219 
1.4287265720799078 0.8996754891101212 
1.428761329568052 0.8997281304932476 
1.4289003052957634 0.8997252792494159 
1.42887134604052 0.8998202083790644 
1.428770660697266 0.8997912078469431 
1.4290125758949388 0.8998155683350654 
1.4289260081717405 0.8998450471232192 
1.4288838796680965 0.8998130933402947 
1.4285744962581177 0.8997790185826658 
1.4288522981302065 0.8997186266968382 
1.4286636342442878 0.899763201738377 
1.4289119101558332 0.8997262576130239 
1.4289167993428404 0.8998035799791478 
1.4287080657686149 0.8997326942678054 
1.4287527615949356 0.8996670982104691 
1.4286958924219313 0.8996725696865696 
1.4287850606652408 0.8996467869899989 
1.4285837569705642 0.8996355999497914 
1.428377738357887 0.8995819031969786 
1.4285423532152743 0.8995859138610388 
1.4284360667542755 0.8996245399288245 
1.4282848891103828 0.8995579931656084 
1.4283129752864092 0.8995552702445895 
1.4282863218265756 0.8995655348236973 
1.4281877472843783 0.8995190402849075 
1.4281106228204996 0.8994353647978204 
1.428263979686441 0.8994843382858974 
1.4279594991372768 0.8994643271390224 
1.4280632950224834 0.8994022391340606 
1.4281501242841046 0.8994168584811053 
1.4283532949579232 0.8995481822572022 
1.4282717068711328 0.8995997559662984 
