1.1748832953030866 0.0 
1.419716973999841 0.940684456551275 
1.3543910632063332 0.9133894938569022 
1.3007350193123277 0.9066898058343283 
1.2554930043334651 0.9027356671843779 
1.2687650199833185 0.8983855727672369 
1.2571173699025875 0.8921479345512735 
1.2483840813080385 0.8870726306559904 
1.2511870126461815 0.8825355586439068 
1.2501295516851907 0.879807455408486 
1.242559113249458 0.878212355307651 
1.2372629865854803 0.874861881401122 
1.2349379082184802 0.8713144264107943 
1.235558744722561 0.8693638589085653 
1.2298326167575921 0.8668214447994017 
1.2252840166411127 0.8641815279265548 
1.2206837407457931 0.8616801434068774 
1.2186275037117538 0.8596412013601664 
1.2157198852705082 0.8584560085828504 
1.2118323314205717 0.857229028967563 
1.210645511134764 0.8563256114421989 
1.2057554893735547 0.8549128673728105 
1.2023998032796706 0.8533557295327949 
1.1996856469920802 0.8522119770154764 
1.1970921083321957 0.8510430281743685 
1.194776556308422 0.8508066854622294 
1.1943598187659552 0.8500021515085066 
1.1952153696975296 0.8492133353222182 
1.1965350965676578 0.8483180255377836 
1.1959833335802919 0.848451678967162 
1.1933809932324755 0.8481666323067331 
1.1907179491154745 0.8473748267494927 
1.1894977052697087 0.8466408387685341 
1.188041910526317 0.845881971759997 
1.1890205673496406 0.845947508937708 
1.1873687240452333 0.845385484538925 
1.185498221687358 0.8457616182913886 
1.1840393390620028 0.8451577865175681 
1.1839666706650953 0.8446839354732245 
1.1838607232280156 0.8444756360229002 
1.185365013342868 0.8448482674836844 
1.1860066536399525 0.8444053394656075 
1.1854110235694355 0.8447124880077425 
1.185681909022001 0.84445531333934 
1.186278382943088 0.8442700289833573 
1.187221502371639 0.8447886258136665 
1.186066554243011 0.8445702941169825 
1.1848024713076124 0.844372579879965 
1.1836745836743345 0.8447200468620979 
1.1825650022406955 0.8443606332147382 
1.1811280978393324 0.8440371812709525 
1.1812067162749789 0.8435469121446723 
1.1810491932410179 0.8432102601888809 
1.180165365840501 0.842976930897775 
1.1796114333636294 0.8426991266285337 
1.1794426928143804 0.842487638519497 
1.1788972125758173 0.8423150814440823 
1.1777542394720206 0.8420998994554353 
1.1768563447687483 0.8417513755141817 
1.1759624148203782 0.8419474922141281 
1.175773859059737 0.8416849323641987 
1.1747340838449485 0.8418743164336187 
1.1740522306979222 0.8416604261792257 
1.1740615672047052 0.8413587339692865 
1.173169445093145 0.8415053630446555 
1.1722669636149132 0.8412254877599592 
1.1709144347116132 0.8409200527120791 
1.169686126830861 0.8406579898742559 
1.1689892100785813 0.8408599217180607 
1.1683701767535022 0.8406667447457031 
1.1682451891394656 0.8407597489446096 
1.1669587534751877 0.8405632756640838 
1.1647543403908827 0.8403909455332276 
1.1637392406902018 0.8402757051670935 
1.1619101099136977 0.8400534320069066 
1.1607340324320097 0.839965947721142 
1.15968980299883 0.8402982202093966 
1.158615871756997 0.8402468990575082 
1.158092879151464 0.8404938960483184 
1.1572210878215334 0.8403371155947775 
1.1555197136070712 0.840208859269612 
1.1548357308279156 0.840047183045306 
1.1552756760031637 0.8401968185891094 
1.154514000859174 0.8403488769407107 
1.1537977043025924 0.840295537117897 
1.1527068125927546 0.8405059258802494 
1.1530767527116708 0.8403497504154751 
1.1532696449800395 0.8406083648794562 
1.1525064284731588 0.8407966627410063 
1.1524758153595127 0.8407565863676861 
1.151953667909874 0.840645451472892 
1.1526054768465905 0.8407911332114947 
1.1542191832669186 0.840672428033143 
1.1539179283570953 0.8405324759332989 
1.1547039973406334 0.840705795812551 
1.1556776090616603 0.8405386589816923 
1.1569266220545193 0.8406941410034676 
1.1576772521117142 0.8405720148421144 
1.1576719550053343 0.8403945632706281 
1.1581325040354427 0.8404532954050685 
1.1585399552127964 0.840509620269662 
1.1591906763935358 0.840388450509105 
1.1593826860291452 0.8405184010512011 
1.1607622742391122 0.8406404560698378 
1.1616733743957557 0.8407774914424995 
1.162429774635732 0.8408799823885371 
1.1627780089681825 0.8410356137946216 
1.1630150651336153 0.8411506953882848 
1.1641159439451612 0.8410720976029996 
1.164839732666997 0.8412619801442481 
1.1648000251508017 0.8411561871923359 
1.1647248002697683 0.8410717759195122 
1.165541707965833 0.8412095476572974 
1.1663319560622998 0.84114586293624 
1.1664884000773243 0.8410051029075477 
1.167543270282989 0.8409309561162323 
1.1679496332440604 0.8407698220290709 
1.1682870533365268 0.8409477296996035 
1.1689080465672912 0.8408542394609915 
1.169483357495568 0.8407931171950906 
1.1700121315069811 0.8407367591622876 
1.170206848054184 0.8408968052558384 
1.170231869591508 0.8407567373725957 
1.1707156341387446 0.8406426901299681 
1.1708903318353656 0.8407699819258514 
1.1706132425942897 0.8408289098251311 
1.1707195095960103 0.8407407515336562 
1.171398927617491 0.840665305403722 
1.1713255928821527 0.8407315534225042 
1.1714350624342758 0.8406088701394432 
1.172136979314169 0.8404753854919029 
1.1721887044277062 0.8405891354728876 
1.172470975654993 0.840497326308017 
1.1719643571990608 0.8403971762662586 
1.1720628772436772 0.8403148374282865 
1.1727953926679942 0.8402766386464072 
1.1735349997056592 0.8404333732679116 
1.1738124044534743 0.8403496044052862 
1.1743843964112004 0.8404305842517276 
1.174391544162081 0.840323303616533 
1.1748304679826151 0.8403937918160674 
1.1750900487243667 0.840278967673079 
1.1751123008792372 0.840307033277362 
1.175092936838035 0.8403530436066697 
1.175235250038213 0.840255544886245 
1.1750782572679945 0.8401001088238363 
1.1747462039958398 0.8400077594337316 
1.174488642982065 0.8400309507333232 
1.1741915576994237 0.8399198529060842 
1.1736797024371088 0.8397861744964231 
1.173422694747834 0.8397023015101268 
1.1729268713652712 0.8395896402526486 
1.172506889967619 0.8395794862777207 
1.1720783870553666 0.8394558931860664 
1.1715228068727974 0.8393405150880837 
1.1712532893415262 0.8393530510333422 
1.1714150258154017 0.8391995484907774 
1.1720403516568303 0.8391457184145789 
1.1719887977904817 0.839087128883868 
1.1720010523289706 0.8391376011086821 
1.1725265368730038 0.8390700430325077 
1.1725941028759725 0.839076561101626 
1.172936675288155 0.8389666436178043 
1.1732492836461044 0.8389527143838804 
1.1728620735466704 0.8389696758400014 
1.1725561354859841 0.8388904856187812 
1.1726343131206312 0.8388036433461001 
1.1721817259835465 0.8387202683123929 
1.1716938723455652 0.8386072701690038 
1.1713457463744157 0.838525491082936 
1.1710628834278467 0.8384645366752879 
1.1706852539021197 0.8385057656588473 
1.1704273735109185 0.8384176674320203 
1.1699159158335226 0.8383232362895893 
1.1694839428036283 0.8382351102274331 
1.1692970318189826 0.8381840868780909 
1.1689150882144441 0.8380791420178235 
1.1686855391139155 0.8379635178052837 
1.1684889265698526 0.83785722328673 
1.168271289204211 0.837767876506554 
1.1681754143679561 0.8376805800905259 
1.1678599856656446 0.8375939927379233 
1.1675171456137032 0.8374998316184761 
1.167226530490697 0.8374010809010954 
1.1668902280669637 0.8372953524878576 
1.1665273556487332 0.8372058485179309 
1.1661619531633924 0.8371343990257761 
1.1657883452531157 0.8370368618797218 
1.1654690446438758 0.836942021649015 
1.1650421881464228 0.836879200695117 
1.1646259250147164 0.8368837886571172 
1.1644051273168896 0.8367851088517919 
1.164437597250059 0.8367346532380316 
1.1640756373932524 0.8367841304597863 
1.1636076084802984 0.8367002417337411 
1.1635680859825246 0.8366610635971288 
1.1636150343598357 0.8367176532897109 
1.1638369604260708 0.8366739230697194 
1.1639923914763186 0.836686459789933 
1.1637571517380991 0.8367206296355272 
