1.1748832953030866 0.0 
1.5018959678300754 0.9474695241997569 
1.4979081714522275 0.9194741347536461 
1.5041722671963362 0.9150802072283508 
1.506068612520661 0.9113324929156924 
1.5095700834464203 0.9105384332697094 
1.510551092083848 0.9090987827334724 
1.5089039344832471 0.9092732395732086 
1.5101002930917884 0.9091758367890833 
1.5127008906810155 0.9100359838722412 
1.5129543688519667 0.909895622451037 
1.51336427224398 0.9103916536740476 
1.5127327938608308 0.9111334797638423 
1.5141855596254408 0.9111704035970521 
1.5142896943011248 0.911228567744718 
1.514344178371144 0.9119340269774143 
1.5147165644835912 0.9119880880304564 
1.5147957248429993 0.912622423174633 
1.5147664855202976 0.9121931273279593 
1.514385853065686 0.9115504692327013 
1.51448630818886 0.9120325872069722 
1.5150297590324 0.9121468221960319 
1.5143715360022023 0.9120989764939263 
1.5140751501064296 0.9122629344973563 
1.5140097889559336 0.9119971617163665 
1.5146364375867862 0.9125332022191961 
1.51461366856895 0.9125077361314123 
1.5146042513868323 0.9126516308977133 
1.514881093181987 0.9124138383111164 
1.5146137615854574 0.9124040036624479 
1.514410304932023 0.9122047365710874 
1.5140381061375774 0.9122519869950091 
1.513848907786518 0.9124293645111167 
1.5140753078278488 0.9124515750107767 
1.5143978370733917 0.9123173170714098 
1.5145061662263553 0.9120794571803398 
1.5141173399160552 0.9120132636546409 
1.5146621863162855 0.9120456238005215 
1.514406794467082 0.9120913648410143 
1.514562284707479 0.9122382044683047 
1.5148218255996693 0.9124318352870696 
1.514674819405173 0.9125302391447497 
1.5147975678264753 0.9124127366254772 
1.514895964733687 0.9122133473569922 
1.515047756747934 0.9123545006978846 
1.5154242424626037 0.9122855311350516 
1.5156388804615588 0.9121380063332141 
1.5156525196473178 0.9123362861410431 
1.5152714442428168 0.9124515867642381 
1.5151851489307209 0.9124841649178567 
1.515136954832456 0.9125216226648714 
1.5149449579621979 0.9123394374270282 
1.5148692880104848 0.9123709888886562 
1.5147710226388822 0.9125070780592309 
1.514979559423905 0.9124529089402202 
1.5151964354769474 0.9125152573473361 
1.5149861934294166 0.9123228201085285 
1.5151287549772638 0.9123316502171154 
1.5151155709885185 0.9123229524847688 
1.515538827423769 0.9124874274104572 
1.5155348479332607 0.9123741021025306 
1.5153476532009553 0.912179761253734 
1.515280551684874 0.9121219947993915 
1.515410000703709 0.9121391148150748 
1.51569143873246 0.9121904883904529 
1.5153884718640136 0.912137424315665 
1.5154111523517817 0.9120912665970949 
1.5154441775887515 0.9122557174694136 
1.5154688630528572 0.9123828346239531 
1.5157660680163394 0.9126091849150472 
1.5157609343543066 0.9127825506604246 
1.515674586932392 0.9128736746490654 
1.5159374191405286 0.9129050304631078 
1.515855888366705 0.9129565966072545 
1.5157837309219215 0.9129745684615996 
1.5157244331338646 0.9129759907510642 
1.5157339730859305 0.9129511651180929 
1.5155961568263023 0.9128276235258033 
1.515659585685997 0.9127829679335486 
1.5156886799756517 0.9127844638318584 
1.515597624163838 0.9127070305832113 
1.515585132707091 0.9126458996907277 
1.5156092433133403 0.9125357977724492 
1.5156798240921991 0.9124714733582031 
1.5157552330014077 0.912409860867403 
1.515860856445598 0.9124352505231597 
1.5157421068018564 0.9123590283966638 
1.5159187652359367 0.9124799362283655 
1.5159569852292087 0.9125845603995797 
1.5158823984209937 0.9126470170686318 
1.516021059902845 0.9127158117876517 
1.5159086792920766 0.9126986623076402 
1.5159455117837448 0.9127846689903862 
1.5159453184709817 0.9127092447132907 
1.5159118577799435 0.912608783754934 
1.5158660495881155 0.9125438513163231 
1.5158843877501145 0.9124812299289007 
1.5160432240776136 0.9125808784415965 
1.5161060334651517 0.9124774482780502 
1.516118720454092 0.9126263269140805 
1.5160779620180653 0.9125683809154441 
1.5159297128755087 0.9125398584543355 
1.5159767419062964 0.9124668926784977 
1.516085612527064 0.9125861451662463 
1.5159753484682295 0.9124948653628013 
1.5159222025653396 0.9124244609357134 
1.515942117183255 0.9123759400614978 
1.5159440125134531 0.9123105155043104 
1.5158749121227104 0.912330981905408 
1.5157823909942227 0.9121962779946861 
1.515795114239838 0.9121545280161241 
1.515763237421443 0.9121261496867378 
1.5155977607086184 0.9121438793110265 
1.5158269016467762 0.9122786009661615 
1.5158209719265108 0.912240986834313 
1.5158085428911006 0.9123098039094196 
1.5157064570244487 0.912207898364537 
1.5156548733232993 0.9122111568593688 
1.515737021035671 0.9123451231151924 
1.5158365611299716 0.9123205321685233 
1.5158807494427406 0.9123301700603235 
1.5157510543904709 0.912238056746722 
1.5156314312948724 0.9122374778714518 
1.5157371440913128 0.9122536655736602 
1.5158006954281986 0.91231961991074 
1.5159937991997934 0.9123382794663387 
1.5158788693650411 0.912271628355066 
1.51581454207434 0.912260062059835 
1.5159661558000899 0.9123418391399274 
1.5160187887608525 0.9123256052028185 
1.5162082592168358 0.9123340091371736 
1.5161283227179156 0.912330758784276 
1.5161854613159245 0.9122950027581251 
1.51622697254347 0.9123421105612756 
1.5162482177977092 0.9124189970858747 
1.5160795689706372 0.9123396116518558 
1.5162454684536781 0.9123937475781343 
1.5163319970305003 0.9124116633536953 
1.5164536934749626 0.9124406608944544 
1.516512211909312 0.9124950339420724 
1.5164957107168382 0.9124745974500806 
1.5164745367916002 0.9124379710009861 
1.5165059542663957 0.9124074464773649 
1.5165552907784055 0.9123619718965512 
1.5164742565219884 0.9123491460575502 
1.5164545672150767 0.912428836252416 
1.5164476837915493 0.9123839162101599 
1.5164170749567376 0.912360794230753 
1.5165004222381306 0.9123284020168512 
1.5164248275388676 0.9122709347474193 
1.5165570414729903 0.9123415659441572 
1.5165656788425916 0.9123350777784643 
1.5166148532418 0.9123839533561351 
1.5165725146654951 0.9123610214311222 
1.5166186506457933 0.9122806334353507 
1.5165505776640653 0.9121953131950652 
1.516483592431903 0.9122448521007895 
1.5164457443882209 0.9122135206015755 
1.516448639131789 0.9122467863597912 
1.5163509118404446 0.912179725769288 
1.5162819676535813 0.9121332439610521 
1.516305571780837 0.9121235509463378 
1.5162888071662275 0.9120608625559983 
1.5163166575537645 0.9120913972978594 
1.516309708693839 0.9120795417859605 
1.5163885512079613 0.9121698962383362 
1.5163603455905534 0.9121518808669175 
1.5163545115129549 0.9121459145054266 
1.516330255878774 0.9122202984172529 
1.516337375329374 0.9122534762188843 
1.5164004975193692 0.9123204036604126 
1.5164404279406156 0.9122674315669462 
1.5163689906605706 0.9122359346279449 
1.5164525882128468 0.9122996006776817 
1.5163866740273257 0.9122694676242591 
1.5163177674550006 0.9122727068750457 
1.5163068845960834 0.9123047834645741 
1.5163011095504477 0.912269775510454 
1.5163331293548676 0.9122465960032907 
1.516312156344695 0.9122163625740538 
1.516271077566839 0.9121956621449743 
1.516290736377636 0.9122420432911578 
1.5162901834122746 0.9122830741534224 
1.5161914895158133 0.9122159773932609 
1.5162111719996023 0.9121471415868402 
1.5161617111296246 0.9121327667174032 
1.5161207427787098 0.912159965035063 
1.516160546821493 0.9121920216173625 
1.516144249305221 0.9122105590484098 
1.5161575597256236 0.9121741221052878 
1.5161556850216817 0.912135942704978 
1.516151454436903 0.9121653147857226 
1.5161575024603295 0.9122153115140487 
1.516192264107013 0.9121625156050602 
1.5162094228305456 0.9122083449107965 
1.5162298695619465 0.9121631279641063 
1.516237985629322 0.9121319041635934 
1.5163579098798743 0.9121475437928479 
1.5164146066957904 0.9122031172729478 
1.5165028041954294 0.9122084172090847 
