1.1748832953030866 0.0 
1.465614173937169 0.9442218916802255 
1.4784893662509206 0.9226773179545623 
1.4745302310189075 0.9177163259000528 
1.4755780558969194 0.9160265866279262 
1.4726723789188632 0.915253389120644 
1.4784136651514674 0.9152210365017464 
1.473385056460657 0.9150149648209792 
1.4706177961473426 0.9135049316649506 
1.4721385828305606 0.913281298997545 
1.4736115576520556 0.9144137629579608 
1.4761757684652808 0.9148826913706639 
1.4749691776697669 0.9147082922771524 
1.4752057028786514 0.9144817911325708 
1.472867057029182 0.9141454870949662 
1.4722197874995426 0.9137708943624505 
1.4730746801914336 0.9139001720085742 
1.472891234765367 0.9142692949080352 
1.4736876008212234 0.9145073658632333 
1.4737284633823569 0.9155878191684382 
1.4732020270296584 0.9154111199328481 
1.4714782584747816 0.9148443835278222 
1.4717028914760077 0.9146404493975417 
1.4715913396269995 0.9146042135710263 
1.4697941908047045 0.9142892947280156 
1.469893761928793 0.9137528498987623 
1.4687962296762356 0.913525448412235 
1.46817036299615 0.9130519948170677 
1.4671961110574587 0.9128072934716718 
1.468488536656751 0.9129141338102518 
1.4682521145339553 0.9129433335728293 
1.4679593682286782 0.9130535250771021 
1.4664201690125385 0.9124431558032199 
1.4668875989048684 0.9118693161613886 
1.4663918932471278 0.9115729899356956 
1.4666112788889303 0.9115130281534459 
1.4666448305058901 0.9114968641938951 
1.4662277063746167 0.9111833411971061 
1.4669318509188292 0.9110920377875112 
1.4672381978496514 0.9115983685913108 
1.4678395243145514 0.9118429128170591 
1.4678626746377483 0.9120802254802262 
1.4680943019347141 0.9121838130651463 
1.467563608009013 0.912172273847019 
1.468669381611174 0.9123199582524294 
1.4678362264011224 0.9123825905736135 
1.468724393136656 0.9123931039070335 
1.4679512436758582 0.9124532532737402 
1.4669860380746385 0.9121182993982473 
1.4667013141440257 0.9117637442220066 
1.4669207128640551 0.9115593385566082 
1.4672914895660611 0.9115798612456821 
1.4670468992538908 0.9116124545620372 
1.4664407983298815 0.9113994655442273 
1.4667138468228518 0.9113369757171798 
1.466916919195828 0.9113598983979566 
1.4672895156399015 0.9115150226922211 
1.4672648954162446 0.9114776695679035 
1.4667343130043982 0.9114057107102671 
1.4670137332022268 0.9112776074197478 
1.465850218325597 0.911084296980704 
1.4666862335255895 0.9108871362863753 
1.4665221133598318 0.9109308426526017 
1.4666484876907986 0.910807058200791 
1.466779573716484 0.9109396530558526 
1.4664133505876078 0.9109595366426726 
1.4666856966574102 0.9108707207545664 
1.4669992035857184 0.9110378855622105 
1.4671505055284038 0.9111047846681497 
1.466703513576321 0.9111158963734042 
1.4670395880658758 0.9110454208765926 
1.4669025638485675 0.9110372236090055 
1.4662577125684508 0.9109251318738159 
1.4660741379328108 0.9108300204198675 
1.466174807321788 0.9107568233250011 
1.466560772738106 0.9108461708910128 
1.4662659017445778 0.9108355974386638 
1.4661127860390522 0.9106810993373207 
1.465849709899402 0.9105985589915125 
1.4655295440250231 0.9104834132164715 
1.4649067680819234 0.9102801360063069 
1.4652606846293637 0.9101404991782309 
1.4649648488610583 0.9101479574960426 
1.4650134594416335 0.9099829190721954 
1.4650517923955781 0.9099158654123604 
1.4648086705560155 0.9098776509944587 
1.4651881451585176 0.9099023073793467 
1.4648932959398326 0.9098954452712975 
1.4645956619804181 0.9097765276700207 
1.4644298999801595 0.9097096103478958 
1.4648058754919309 0.9097879895944806 
1.4643609110752438 0.9098211931753667 
1.4642903557259053 0.9096877679696466 
1.4645297555104593 0.9097097929159896 
1.4644723950117389 0.9098104744611667 
1.4643097134990355 0.9098596051009702 
1.4643985944439994 0.909863558111663 
1.4646399030129669 0.909931413150217 
1.4645827550591048 0.9099400203307637 
1.4649031180032708 0.9099483188549905 
1.4648766938232014 0.9101363387275904 
1.464723071841239 0.9100976902084559 
1.4643606523499892 0.9099949493082529 
1.464684861242961 0.9100029664002274 
1.4647110713689346 0.910116877740955 
1.4646588845804518 0.9099954846072215 
1.464826588289919 0.9100573152126238 
1.4650881949056092 0.9101432232483329 
1.465010675220198 0.9101408360648 
1.4649257282760038 0.910110480046268 
1.4645827937215814 0.9100130973191812 
1.4648032040744616 0.9099632155240662 
1.465086651470975 0.9100713401965936 
1.4651963425430214 0.9101590784974752 
1.465275175303748 0.9102364134914258 
1.465171941868307 0.9102023171521637 
1.4649796947584923 0.9101193322656861 
1.4647647040274725 0.9099899687189837 
1.4645043443389738 0.9098832757001786 
1.4644693421190715 0.9098602449829923 
1.4647569717527373 0.9098705083803394 
1.464739974037986 0.9100017245765837 
1.4647047130213382 0.909927560245621 
1.4645803807805666 0.9099128999234373 
1.4648229672684734 0.909997050118863 
1.4646502037497988 0.9099547082691406 
1.4647167753962145 0.90990811255153 
1.4646898843601042 0.9099483563824247 
1.464658259603045 0.9099293256029852 
1.464342810090609 0.9098742689608401 
1.4643128958122382 0.9098049154887807 
1.4641425508651642 0.909775043218997 
1.4641661466885416 0.9097504994514873 
1.463986758623671 0.9098006642541698 
1.4639464893234024 0.9097160150581057 
1.4639971970656265 0.9097413217191983 
1.4638836609643076 0.9097613999705202 
1.4637208631446776 0.9097087081554694 
1.4637665057895701 0.9096655047887642 
1.4637309652328985 0.9096587635589158 
1.4638193264764767 0.9096464959044055 
1.4638308487572254 0.909688353687721 
1.4637503333742687 0.9096229860529108 
1.4637288155656618 0.9095807910868235 
1.4637741338901828 0.9095257060126236 
1.4637756819364893 0.9095583707274429 
1.4638280137813224 0.9095482273932436 
1.4641200991740004 0.9096166507465167 
1.4640190384291711 0.9097430787900299 
1.4640557954382347 0.9098068301818384 
1.4640183341790063 0.9098557401907243 
1.4641571335344095 0.9098688666994773 
1.4644075767280829 0.9099489442538874 
1.4644591590197138 0.909986826823662 
1.4643859029929576 0.910046582756012 
1.4645485959219304 0.9100530499899565 
1.4647167545050606 0.9101161797713782 
1.4646459355787433 0.9101145268891138 
1.4646586217753519 0.9101283754199028 
1.4644618251081627 0.910139046464917 
1.4644319393268275 0.9100860401543202 
1.464573442802371 0.9101119550887874 
1.4646971990975428 0.9101895346166673 
1.4647938154791014 0.9102628839963537 
1.4643571290663444 0.9102290193606032 
1.4645863212323602 0.9101769255528396 
1.4647943755852555 0.9102750427127619 
1.4647937426073356 0.9103449235063736 
1.4647647916529338 0.91029755798615 
1.4646519443194264 0.910252782355547 
1.4644729251796142 0.9101656446727182 
1.464338264228246 0.9101459812426953 
1.4639650363091097 0.9100205053237392 
1.4641653787393738 0.9099671207042386 
1.4642613719317903 0.910055875364205 
1.4641260566880419 0.9100928032606148 
1.46408956096424 0.9100526282759887 
1.4641742005949776 0.9100446824274123 
1.4640047796095348 0.9099808462652221 
1.4641059417981765 0.9099549148959998 
1.464154197790979 0.9099545060540166 
1.4641567196852032 0.9099608362982865 
1.4641316184784685 0.9099550987042936 
1.464158047593118 0.9099165221077518 
1.464150859453852 0.9099028078535364 
1.4642794256010823 0.9099172800579087 
1.4639950009277078 0.9099596821960069 
1.464237795083774 0.9099361668078787 
1.4641298835693772 0.9099235808469038 
1.4642177344338478 0.9099204286167865 
1.464217601298693 0.9099575808684471 
1.4641940722289553 0.9099577491183187 
1.4643682909672258 0.9100172535620338 
1.4644110967136839 0.9100308033261495 
1.4643796162797476 0.9100510799902248 
1.4643354033675 0.9100512310631726 
1.4642677893868552 0.9100300679857983 
1.4643323954106295 0.9100821894883481 
1.4643397180297784 0.910113906690035 
1.4643488787873895 0.9101158333047632 
