1.1813701670181889 0.0 
1.5726911233361418 0.9568886321313569 
1.592533280028088 0.9116998010378148 
1.5980506387707054 0.9159532282531746 
1.5996261004448444 0.9228740574466037 
1.601236025609514 0.9294956320199091 
1.6017944120419374 0.9339095438108231 
1.602610086217784 0.9391516333024524 
1.6032356631799414 0.9440362346256459 
1.603730608130523 0.9478681358394602 
1.6041622512564981 0.9513517465269746 
1.6044569658176056 0.954613186825215 
1.6046380314822242 0.9570328532590784 
1.604765595689488 0.9591495747489777 
1.6048353545913683 0.9609276690508771 
1.605051145441119 0.9627899346244266 
1.6049555475674546 0.9640291131588459 
1.6052153743082498 0.9657396132160339 
1.6054945932384557 0.9673700699849078 
1.6054835395177844 0.9683655554440987 
1.605625040151745 0.9694803501462281 
1.605851953935274 0.9706967996218352 
1.606067170158713 0.9720322859282342 
1.6061471675539698 0.9729797344269867 
1.6062097042386458 0.9738215884352232 
1.6064226162907402 0.9749874121720105 
1.6065159131521884 0.975783913511382 
1.6067329062629552 0.9768646747416633 
1.60682699735267 0.9776054563643081 
1.6068825730310667 0.9782940579693397 
1.6069670284815605 0.9789584432512515 
1.6070603341742253 0.9795530239088603 
1.6070843076935275 0.9799764208744778 
1.6071379896577571 0.9803891971240369 
1.6072190311453904 0.9808970994499443 
1.6072188605827997 0.9812431879761077 
1.6072805163471497 0.9817694947979174 
1.6073233112207714 0.9822173434315529 
1.6072971777758316 0.9824973073244807 
1.6073546048718765 0.982883969164477 
1.6074036690128306 0.9832745244516257 
1.6073806018507946 0.9835108341323275 
1.6073579223247445 0.9837178669979579 
1.6074086221373638 0.9840719783636377 
1.6074719808453475 0.9844398975029534 
1.6074768879357635 0.984725059340107 
1.6075508978325603 0.9850906840959147 
1.6075595654625099 0.9853237461850336 
1.6075659824704862 0.9855876439098954 
1.6075817675204318 0.9858618759248484 
1.6076064658787053 0.9861579418312235 
1.607598448850201 0.9863330695787835 
1.6075838028245395 0.9864797878503823 
1.6075982640751563 0.9866924044504198 
1.6076212494266566 0.986908645874053 
1.6076421874929854 0.9871089563107396 
1.607642554576063 0.9872543604136065 
1.6076417191077512 0.9874307282399709 
1.6076780483962223 0.9876495789842851 
1.607700320686248 0.9878497121575266 
1.607718660132425 0.9880397116484945 
1.6077060598209354 0.988155809837493 
1.6077325753186358 0.9883155886151685 
1.6077421854682459 0.9884707864866283 
1.6077542811188077 0.9886284053519079 
1.6077603326648664 0.988783576442065 
1.6077788554979355 0.9889569519182086 
1.6078005156690973 0.9891113003384899 
1.6078001292771658 0.9892218480264843 
1.6078120558638465 0.9893479670155395 
1.607812597962698 0.9894752242276671 
1.6078219137504162 0.9895736742745687 
1.6078377388485376 0.989715022338455 
1.6078699464403046 0.9898720534044023 
1.6078781253932959 0.9899957520544761 
1.6078770556967255 0.9900977564361837 
1.6078902615135913 0.9902367579086069 
1.6079008727241426 0.9903502667382916 
1.6079027501156655 0.9904542159850388 
1.607913372120799 0.990564463019006 
1.6079141030663395 0.9906410018902518 
1.6079378842765746 0.9907631496417254 
1.6079344358495924 0.9908288043239044 
1.607928488465916 0.9908965818884827 
1.6079446711457763 0.9910000343550239 
1.6079702796263444 0.9911175185224554 
1.6079850973709942 0.9912095921912614 
1.6079994130714164 0.9913078530379821 
1.6080296197889399 0.9914374635987568 
1.6080391952612894 0.9915255210055212 
1.608054982049929 0.9916091807064792 
1.608067691753839 0.9916960699476641 
1.6080667414608094 0.9917681270416546 
1.6080897630345232 0.9918635031553392 
1.608109401025745 0.9919529178264488 
1.6081180516141247 0.9920300601120824 
1.608132632601363 0.9921247218738218 
1.608137565715838 0.9921922216670487 
1.6081450286440964 0.992250968747723 
1.6081449003564727 0.9923105293461286 
1.6081429176667457 0.9923565345469518 
1.608150661958696 0.9924334600103094 
1.6081579311744032 0.9925085997341291 
1.6081693701164694 0.9925832059667753 
1.6081679804561553 0.9926436142583408 
1.6081548828648702 0.9926767630616241 
1.6081478540723184 0.9927141537989391 
1.608154465282758 0.9927709912276584 
1.608161439962963 0.9928354306683286 
1.608163480497098 0.9928921604366435 
1.608167555269151 0.9929507806354495 
1.6081667983314767 0.9929923029430938 
1.6081753198620197 0.9930402152011979 
1.608181744747691 0.9930987531312684 
1.6081828422345341 0.9931399972701893 
1.6081972542261613 0.9932065981123844 
1.6081920133776715 0.9932248661619846 
1.6081894654546733 0.993256725194975 
1.6081853567976456 0.9932892499498354 
1.6081868523640952 0.9933334520676677 
1.6081946774332188 0.9933856983840217 
1.608192433185858 0.9934181031032581 
1.608191778582622 0.9934667143492656 
1.6081967168143996 0.9935155007567298 
1.6081868375496577 0.9935393389097805 
1.6081918934165764 0.9935803651364402 
1.608193021443404 0.9936193158116108 
1.608191243279582 0.9936582649044707 
1.6081911700696823 0.9936936836660695 
1.6081938347346394 0.9937311679906571 
1.608190545643077 0.9937729611191443 
1.6081949575704326 0.9938242279454459 
1.60819247550898 0.9938405060521827 
1.6081892908212438 0.9938682907417168 
1.6081930802234665 0.9939165671918122 
1.608199172343727 0.993964480417035 
1.608208498326275 0.9940190958260919 
1.6082009761439215 0.9940419567652534 
1.6082088696538221 0.9940871801365285 
1.608211815289509 0.99411601497812 
1.6082197822891842 0.9941607655160821 
1.6082169709496212 0.9941837449075146 
1.6082218162930362 0.9942267154226336 
1.6082241917858033 0.9942604234997421 
1.6082211499536692 0.9942817762631143 
1.6082219489297818 0.9943111024237167 
1.6082261169096146 0.9943396441083437 
1.608228262255979 0.9943660066069432 
1.6082247480098935 0.99438219103721 
1.6082249165887024 0.9944078176345597 
1.6082305478993135 0.9944466419682896 
1.6082297045717509 0.9944713129552903 
1.608234480173419 0.9945089358291361 
1.6082305103223549 0.9945301705494041 
1.6082298584239723 0.9945557027153219 
1.6082260718060837 0.9945675522247742 
1.6082275528918137 0.9945978405949529 
1.6082275454260484 0.9946252751620124 
1.6082242752773834 0.9946440661901318 
1.6082311109948708 0.9946802573532627 
1.6082322133336957 0.9947074190953077 
1.6082354470352598 0.9947411674237562 
1.6082385520044375 0.9947730167240525 
1.6082384873140918 0.994795095244886 
1.6082438576324434 0.994828056766645 
1.6082494179598767 0.9948610915838538 
1.6082522458612334 0.9948857053571154 
1.6082544015411027 0.9949117627628532 
1.6082542995576254 0.9949347008024891 
1.6082500949660687 0.9949492239209211 
1.608256275408369 0.9949808374326935 
1.6082620377975219 0.9950133562376975 
1.608258882848769 0.9950243216970475 
1.6082592825131357 0.9950433683348713 
1.6082612184492535 0.9950671497258564 
1.608266603467125 0.9950945148307765 
1.6082579406037034 0.9950952308715941 
1.6082594462302648 0.9951170692628573 
1.6082625293608586 0.9951341320216497 
1.6082654673250005 0.9951585674192893 
1.608268226832876 0.995181482476183 
1.6082660976145375 0.995194135385342 
1.6082676358445192 0.9952166123851491 
1.6082682377435116 0.9952325337038496 
1.6082707324565106 0.9952510316581825 
1.6082796228189835 0.9952863323810085 
1.6082853643362647 0.9953209818647282 
1.6082868154547665 0.9953465443563126 
1.6082837654147792 0.9953600151234638 
1.6082838075136074 0.9953772427422928 
1.6082876402295652 0.9953995017452134 
1.6082891405617221 0.9954199890247212 
1.6082896208264543 0.9954423045100766 
1.6082907319407738 0.9954652967097265 
1.608286824283056 0.9954747058322366 
1.608290615719467 0.9954974558554573 
1.60829784635144 0.9955244365974989 
1.608299850822522 0.9955422762535228 
1.6083046484509274 0.9955691678527088 
1.6083002845405725 0.9955782682901602 
