0.0 0.3755676480814567 1.0397207708399179 
0.8675632284814612 1.1681899538094016 1.4941751382893085 
0.9596147939120492 1.2052920842943595 1.5246335284348946 
0.9338238517147219 1.243522141663059 1.533795250777929 
1.2187590034236118 1.334355595245579 1.5915629429291351 
1.1954989294380476 1.3756329738083743 1.5852066987976288 
1.200432378649641 1.36952791506716 1.5651342038720735 
1.1903193459412194 1.3543571978566675 1.5274148531181355 
1.1765142416724512 1.340774430929383 1.5176886844842838 
1.1646049951027404 1.333045174615174 1.5156528959774493 
1.1472364541111915 1.3235124985770779 1.5019839189628708 
1.1419590809706432 1.3219277895021444 1.4874892639331425 
1.1372406838883804 1.3181740379786058 1.4709370129650792 
1.1340740210003255 1.313619401742351 1.4620014088203777 
1.128059243873814 1.306834006462254 1.4613894126737756 
1.1243250158070834 1.3010569577766922 1.4436098394206667 
1.1256057515501985 1.2926225044061619 1.428571040064701 
1.1262516484572158 1.2959251711555522 1.4182834041724313 
1.1471819566996813 1.2980734379991157 1.4066067990099251 
1.1469948302543265 1.2940418041236106 1.3936613223676706 
1.1413268808686488 1.286543846273895 1.38389117791507 
1.137133884742148 1.2819604663872597 1.3787908707338885 
1.1298861219898444 1.2788480976891319 1.3757326126044227 
1.1263797047675501 1.277893226337239 1.3764657407679048 
1.1272575668380833 1.2792616007591486 1.3768571699659402 
1.1246965457710474 1.2794599678142289 1.3807649088239784 
1.1217649361564375 1.2764286618024046 1.3761858160235367 
1.1191880624058859 1.2723829926230337 1.3680871118618154 
1.1165317310324976 1.2700819168489763 1.3680807694007324 
1.1126134224876703 1.265302076393303 1.368321931521379 
1.1116953682389163 1.268624974978159 1.3820379055847734 
1.12794937432399 1.2753642706773907 1.3860270924923686 
1.1391144839732512 1.2815696896421684 1.3918493604393063 
1.1572460677756005 1.2824335407516814 1.3940337785846733 
1.1673772199763917 1.2832901431549888 1.3939763101063003 
1.1638543237116714 1.283246871485111 1.3943438843254612 
1.1590476026985108 1.2822858015443517 1.3904751405854041 
1.1669473363464944 1.2842561944242632 1.3912029786928661 
1.1650949491169251 1.2848050301596092 1.3855272994408026 
1.1670545759709252 1.287295081702415 1.3844638731184067 
1.1651440934789599 1.285812028807186 1.3841886298232127 
1.1613970380233876 1.2854193883501424 1.3833387853014671 
1.1603542044831365 1.2854567300440045 1.383614794229165 
1.1610510489956487 1.2862725182847752 1.3799602346552864 
1.1576905672163933 1.2874931911272405 1.3811434059756056 
1.1547615085736544 1.287193361411143 1.379372959808837 
1.1511242775729174 1.2882472974272932 1.3854932191471698 
1.1473398116636497 1.2886130053741522 1.385541576957916 
1.1468391412846484 1.2865809133004267 1.3860028948376009 
1.14427663451519 1.2873222257141628 1.3849116873138554 
1.1415235332565064 1.2860177539534003 1.3875321653372283 
1.1407030632225976 1.2853300158107186 1.38975260507315 
1.1405772371555432 1.2843608026990112 1.393694235947381 
1.1401858211831533 1.2835547445139264 1.395201025790075 
1.137015060765311 1.28457050705531 1.3926247907546752 
1.1348325898325848 1.2842224075377517 1.3949157136515395 
1.1343124557433402 1.2829222909331521 1.393844231165316 
1.1331415494964414 1.2819529349297072 1.3926395664166524 
1.1311400717503277 1.2813111963232244 1.394893099195463 
1.130297050774358 1.2809286130882103 1.392726697430782 
1.1283623709617712 1.2801776245623422 1.392700682243945 
1.126470786741941 1.2806971688063795 1.3925691521171726 
1.124111269676172 1.2801085777442398 1.3943547332247292 
1.1239740307185018 1.2786568250766464 1.3903257031531464 
1.1238306138877487 1.2775860325526083 1.3917179618004214 
1.1244756657099266 1.277026693916681 1.3915416019997635 
1.1236899085021819 1.2753023582490723 1.3904483033518116 
1.1239116495886068 1.2764016302034888 1.3892803730170102 
1.1247487456329164 1.2753514897085074 1.3881437449767107 
1.125729742555439 1.275737332371237 1.3893218821942828 
1.1257167599848998 1.2756616384171697 1.390871973222388 
1.1263752742789195 1.2749116217863528 1.391465430841924 
1.1243560940793824 1.2746642180935082 1.390095826410392 
1.1223674142407545 1.2746627107579926 1.3895733061215145 
1.1223410302358319 1.2744400489459398 1.3888528150946364 
1.1204285463774908 1.2744998782107069 1.38898367407442 
1.1184999156152657 1.2751761736521599 1.3891276580840826 
1.1165578524047202 1.2752427382112037 1.390576642438706 
1.1163805902423496 1.2764197663859096 1.3909320300160775 
1.1137860528336607 1.2757725380060532 1.3904644359894969 
1.113596860532722 1.275702274433654 1.3911674051259917 
1.1133901269977673 1.2766410951506786 1.3906941871103993 
1.1108176362771471 1.2750628799224268 1.3902551157697216 
1.1078811835287707 1.275156397397164 1.388747477221909 
1.109105456405326 1.2748196561376435 1.386046168424241 
1.1069303034111455 1.2742645711065748 1.3870418682064112 
1.1072673919281848 1.2739403467590305 1.385272521713652 
1.10448550455773 1.2748840876598788 1.3859079175157385 
1.114831198982897 1.2790967175104861 1.3896032455838774 
1.1143945346751454 1.2807220911057149 1.3960218485476585 
1.114200314729078 1.2802527157015642 1.395979154765448 
1.111411879901481 1.280265782491195 1.3961751703691223 
1.1086398110293838 1.27920449467643 1.3956132409778728 
1.1072828497293163 1.27865090989102 1.3957067590955157 
1.105648500004728 1.278544215844758 1.393493136248283 
1.1037994382888368 1.27806498750566 1.3921584181049944 
1.103539223176767 1.2779642732434076 1.3928472693263187 
1.1029638313262877 1.2773387862677499 1.3942295236579372 
1.1018349035896189 1.276094172136134 1.3936666167917402 
1.1015692218787079 1.2759102587910545 1.3932364636611456 
1.100647436014093 1.2756841061321889 1.3939702846134852 
1.0987993158103195 1.276020399400043 1.3948879916236132 
1.0974583170244663 1.2749647717895651 1.3932134629116586 
1.0972126798212776 1.2745474566472672 1.393391746169365 
1.096962486605738 1.2747224845164644 1.3924988876958746 
1.0963050740579474 1.2745042088377871 1.3926611837058718 
1.0956227628492385 1.2741821783654996 1.3943379734569874 
1.0950869434378954 1.2738985759772503 1.395427985240471 
1.0943495945631492 1.273202184735704 1.3953368150253311 
1.093592085658163 1.2727858450076606 1.394165215993476 
1.091917906485857 1.2721261998187912 1.3925733570623733 
1.090691572419609 1.271474399592373 1.3922422060694464 
1.0888877891544575 1.2713084361392795 1.3916783591646826 
1.0865225629422501 1.2715302028711097 1.392410523183631 
1.084172890079689 1.2703834314712852 1.391346491759769 
1.0818389476839319 1.2696778997363618 1.3910475783639509 
1.080097754466328 1.2693069235949643 1.3894929666263744 
1.0777966469284024 1.2691234990382505 1.389319550367683 
1.0774316143544649 1.2698963540889134 1.3899691404776275 
1.0866431853751126 1.2725587066251367 1.3923909987845988 
1.0864037390788086 1.2751540256278404 1.3995678467661417 
1.089714246811699 1.277830545125784 1.4038115979333399 
1.0961451004943674 1.281359803303411 1.4090272667347812 
1.0944907467461946 1.2805103268379308 1.4090165067673355 
1.093761668261685 1.2803789859209735 1.410129723112967 
1.092918636546178 1.2803549221865285 1.4107392361099047 
1.0911794891534774 1.279618781907367 1.409965331315843 
1.090903257422687 1.279764479012497 1.4090880654194948 
1.0900572534224724 1.2796857687506464 1.4094532680645304 
1.0905085726860835 1.2796424919938696 1.408434087773423 
1.0891971485769345 1.279571307747552 1.408219085529871 
1.0866727731070656 1.2791588281105266 1.4081767675343821 
1.0864191245710817 1.2791804553957136 1.407495244766256 
1.0856565895940167 1.278991097230394 1.4070450417772569 
1.0837049576865516 1.2782354930950914 1.4070630054928475 
1.0829293996056115 1.2776582729496133 1.406915175940885 
1.081661289462519 1.2777939484721141 1.4069487101644647 
1.0829048030391872 1.2779493030249742 1.4076676052560106 
1.0826640942837515 1.2775831796256303 1.4072001744427773 
1.080642419214123 1.27703571188519 1.4066279483543038 
1.0791033163505488 1.2768063994789425 1.406578563693087 
1.0772256637493056 1.276269382859129 1.4051599575355285 
1.0760012186830339 1.2757920364444892 1.404508562776468 
1.0748358453234532 1.2749410167863728 1.4032004859247653 
1.0732838640575537 1.274628602057392 1.4028669601467563 
1.072081126536568 1.2743883490661752 1.40283656075892 
1.0705497471443108 1.2738505079429214 1.4030321713219287 
1.070380082687842 1.2734855080915364 1.4027026868105708 
1.0691994303306214 1.2733059012406909 1.4028050790095197 
1.0674174073333769 1.2729638939353194 1.4017576455204344 
1.0666232856411066 1.2726437133824484 1.4022922520254497 
1.0664714578234606 1.2725591516741273 1.4016954087280484 
1.0649983235878164 1.272474157202597 1.402165955201836 
1.0652605193789608 1.2721262054435372 1.4023439253476009 
1.0638894347894712 1.2712285329535322 1.4021625142596332 
1.0631723676173765 1.2707782377746115 1.4016522436599406 
1.06174081748798 1.2704968435987087 1.4012678354994133 
1.0609555959375538 1.2705139511215349 1.4020236286707415 
1.060168580641185 1.270320750714594 1.4024333231114625 
1.059057895763182 1.2698281854794158 1.4021326097152502 
1.0573349147098194 1.269655889538712 1.4025256858072463 
1.0586138094143098 1.2695198201894857 1.4028968578288898 
1.0569468404530826 1.2688992621592026 1.4035688165286462 
1.056837026477344 1.2687201441672904 1.4030677178306443 
1.0567269134603499 1.2686092465497425 1.402395668824207 
1.055402544428467 1.2682301782566185 1.4034340705743047 
1.0552985893149058 1.268354845087858 1.4041317496408716 
1.0563825808554785 1.2683345695139479 1.4042453897901503 
1.0562778001604511 1.268536364790758 1.4042215346610947 
1.0546517079208042 1.2677956403843678 1.4047467948895191 
1.0537018625435834 1.2674846416062175 1.405236626799426 
1.0529750634424404 1.2672222566348772 1.4053585656102112 
1.0532526674865466 1.2671785799888604 1.4050858129412427 
1.053166082547413 1.266773555036167 1.4049255590067975 
1.052178445877384 1.2663438722809792 1.4049426420213718 
1.0524567160644778 1.266436101291834 1.4056357661464078 
1.0540047627763809 1.266272755352235 1.4053108520058326 
1.0527383030498982 1.2657761803984295 1.4051448101740434 
1.051744347328466 1.2659318224444427 1.4046081508376518 
1.0516675166514777 1.2658289761050463 1.4048336328546018 
1.0541460238257818 1.2663946414641778 1.4045123528291978 
1.0529025611195137 1.2661342077242008 1.4050870408151463 
1.0528242428669912 1.2657810357930317 1.4049748046819457 
1.0513378569103193 1.2654940491472808 1.404338775756456 
1.0512671600643642 1.2651907846075297 1.4038979179281679 
1.0505808766365383 1.2647000924483667 1.4039641370186167 
1.0498939484505572 1.2642542118937503 1.4041759056646024 
1.0484232391444004 1.2633355025310027 1.4038524268201087 
1.0477614071514831 1.2630292940708796 1.4038119343441975 
1.047081039847118 1.2626376567559983 1.4032029663399737 
1.0461427937966081 1.2625702584421554 1.4027970380355934 
1.0460907568415128 1.2623598313730693 1.4031456799641988 
1.0461732384553297 1.2620273231164374 1.4029405764463654 
1.0455056096427613 1.2618076521669908 1.4030320798790283 
1.0443488259694187 1.2612759827357407 1.4029594841395991 
1.0442048811135272 1.2612748639922375 1.4023225395144654 
1.0433014302339367 1.2610513586631868 1.4021472705246807 
1.0438836823108109 1.2607684104525663 1.4021836954820799 
1.0432480610533947 1.260729888468549 1.4031982161176642 
1.0426085321672673 1.2603459828225614 1.402939148347901 
1.0412515548002566 1.2599623503012034 1.4030618340212924 
1.039901017179938 1.2600480105727365 1.4025599174150378 
1.0414975832900353 1.260346477499216 1.4027675386465144 
1.0406198473940895 1.2598511388258908 1.402462338767693 
1.0421592077533237 1.2600297162371223 1.4020856865970157 
1.0410582110388282 1.2597087802281084 1.4024939440267508 
1.0399724803670671 1.259294438468656 1.4019993040084462 
1.0399496397009789 1.2590306470225896 1.401655228474377 
1.0390879175427252 1.259141470750855 1.4011629805840378 
1.038011054279346 1.2589931484474992 1.4006844697045502 
1.0386115847891664 1.2589593168257496 1.4000212467091413 
1.038593043375449 1.2586454070416822 1.399738610850363 
1.0379699579944224 1.2583082786121627 1.3997590694685764 
1.0379524133446294 1.2580515590529529 1.39920696701755 
1.0371143173210982 1.2580697233668137 1.3992781648164114 
1.038137010897802 1.2582135721295864 1.3990552625938035 
1.0389067125228717 1.2581751169832298 1.3989337536043658 
1.038890627353239 1.2578640589004277 1.3987378295695165 
1.0376351480696664 1.2577746711656022 1.3985187571508146 
1.0361821566056326 1.2574724152104912 1.3989196302929547 
1.0353652418846475 1.2572016745281942 1.398668957738327 
1.033920683395691 1.2571178535736545 1.3982841229194742 
1.0333297423084293 1.2568636564784164 1.3986116710826224 
1.0337279021103487 1.2567649565541674 1.398721015082982 
1.0329367479704072 1.2565383165806183 1.39830171031932 
1.0321418313106838 1.2561933350485806 1.398045563893231 
1.0321540306188144 1.2562386063252429 1.3975732839966915 
1.033101395026425 1.2563799571131196 1.3977871857921231 
1.0325187969351874 1.256054857088895 1.3980279911141231 
1.0325299259652856 1.2561756847324665 1.3973980060268194 
1.03213901433339 1.2561714087324984 1.3968162292850617 
1.032744913157631 1.2560126941934562 1.3964677086461657 
1.0321726405626162 1.255761726914549 1.396544845448411 
1.0312062392547925 1.2554700507593968 1.3961670880462993 
1.0302451793916756 1.2553444064342683 1.3962221894003621 
1.0313401437236878 1.2555629145252432 1.3960763908900446 
1.0305761776106803 1.2555692007656647 1.396026190231348 
1.0305940952069101 1.255152482354154 1.3958636359363998 
1.0306112205304667 1.255049845243176 1.3952487864045486 
1.0294744909933966 1.2546001141357412 1.394825162963406 
1.0289181513723817 1.2544656566092278 1.3946345260934396 
1.0277933958789578 1.2542625104005223 1.3944006099876955 
1.029039612915029 1.2546398141320763 1.3945417327781553 
1.0282965158615185 1.2543143506194006 1.3946863832983027 
1.0273713567499905 1.2541697656520605 1.3946376983719722 
1.0264511682358883 1.2538582013781572 1.394863280068545 
1.025535912785024 1.2537707566052427 1.3944011587139475 
1.0246255531615107 1.2538446761244213 1.3949398495860905 
1.024085630841943 1.253480294563451 1.394796291424491 
1.0235432049466575 1.2533340874375571 1.3951013164885142 
1.0229990691180315 1.2532687746475581 1.3949159904834074 
1.0224569120142293 1.2531508445606427 1.394467403745867 
1.023293027489043 1.2534148825448013 1.3944592033886913 
1.0233361867647837 1.2534448860703693 1.3944513525005404 
1.0227910233162298 1.2530849504275356 1.3945303560951459 
1.0222447050300278 1.253065065218036 1.394601773021401 
1.023382141363945 1.2531764097906306 1.3945482396590312 
1.0234233628938019 1.2532751118117855 1.3942849394361776 
1.0228716515324177 1.253266466321929 1.3948320716346916 
1.0223287616615264 1.253047608943163 1.3945548619108143 
1.022371593149737 1.2529393958527497 1.394110040822465 
1.0215077514451967 1.2526903163620897 1.3933357626029719 
1.0204822100314046 1.2523706180571044 1.3931093580047784 
1.01979326384297 1.2519913510641518 1.393187974034381 
1.0198447646626632 1.251759248264802 1.3935216137220867 
1.0193063337595323 1.2514281761260444 1.3934708371941036 
1.0187671574681065 1.2512619460232564 1.3934518344843618 
1.0182387636122814 1.2511164868404996 1.39281534370127 
1.0188603892258656 1.2512690244293991 1.392781793774884 
1.0183217789664682 1.2510988359835749 1.392912323397775 
1.0192445886415458 1.2509034418856726 1.3924931427451241 
1.018244492269023 1.2505084159463833 1.3926545482323294 
1.017707164826614 1.250281749942355 1.3927803237414391 
1.0170283971028744 1.2500608755649192 1.3930324248635042 
1.0163663854462726 1.2498531484687116 1.3931945045327678 
1.0168329229799404 1.2496637644244646 1.3934682328649282 
1.0168752353677735 1.2496004336682671 1.3936905431459534 
1.015929278064735 1.2492885622542287 1.3935288207035987 
1.0152789595043294 1.2489850945775252 1.3938269611838598 
1.0147696555648402 1.2491460696659629 1.3939633559431104 
1.0160644930743619 1.2494182609907276 1.3940956954485408 
1.0158364529357966 1.2491676712659459 1.3940754479363422 
1.01575941198361 1.2489885416567428 1.3940946704739006 
1.0152288563601806 1.2486315702673336 1.3941109252382566 
1.0152896138506582 1.248698074224426 1.3939472866306795 
1.0158697110737656 1.2486830633724475 1.3940397122925878 
1.0152354710708722 1.2484704888613818 1.3941401728798433 
1.0157082767504602 1.248561759008704 1.394228136226628 
1.0166807879425663 1.24853535270696 1.394097147713841 
1.0167382699163179 1.248546244399966 1.3938250673887418 
1.0162405473266336 1.2485102371017378 1.3942143233841766 
1.0155993313283522 1.2481600909900747 1.3941274454659944 
1.0147032147910109 1.2480946457754138 1.3938596604014215 
1.016624181449262 1.2484120709657822 1.3938064613792216 
1.0161327268452127 1.2483304356406708 1.3941114526121843 
1.0156264085439843 1.248070565759891 1.394420424333601 
1.0151198742517595 1.2479197790147079 1.394227137470919 
1.0146174179680785 1.2474799864504107 1.393675700438209 
1.0141159232229255 1.2477557023992536 1.3937497660284368 
1.0136311608881683 1.2481372161343793 1.394147552488606 
1.0131472825654904 1.2482855828105577 1.3938576093188093 
1.0140558439301346 1.2481978052562694 1.3936206565228464 
1.0135520386910601 1.2481386073732088 1.3936100328822814 
1.0129504120854165 1.2478421755540852 1.393414678237193 
1.0123325311933578 1.2477465746157461 1.3936055370405316 
1.0116008561449865 1.2479341027342064 1.3933991406501882 
1.011006961114031 1.2478804835155106 1.3932315083989752 
1.010512246007249 1.2477431077923744 1.3929523893609623 
1.0104336274770587 1.247319706095326 1.3929320725102652 
1.0098276135027155 1.2468875352219648 1.3929938191948699 
1.0091113034517623 1.2468104144345082 1.392787137276399 
1.008379672589287 1.2467881546977502 1.392551936645859 
1.0082152646341829 1.2468505997833215 1.3926131684396161 
1.0075081929043694 1.2466060747289873 1.3924355564113837 
1.006916659059696 1.246400740999751 1.3922755740631148 
1.0064383516632678 1.246109462689235 1.3922151940331307 
1.005611789967645 1.245894428741685 1.3920130630217609 
1.0049171847143854 1.2457337763889726 1.3917581160187278 
1.0044457109210345 1.2454718414484929 1.3922118866246478 
1.0037570103088322 1.2454112021043149 1.3922841710814182 
1.0030539253911144 1.2452586454343406 1.3922053526301452 
1.0036513087940233 1.245217896560374 1.3922904041260808 
1.003185211406847 1.2451529582931091 1.3918630659690157 
1.0027191708861003 1.2451694403646119 1.3919622426681326 
1.0020445945386083 1.2452363998484601 1.3916834708986818 
1.0039801046141015 1.2454767579135368 1.3916570162268207 
1.0034305454936465 1.245341400148065 1.3912493485073667 
1.0039297975643695 1.2454432842132397 1.3911729782576392 
1.0043005252805284 1.2457228876206787 1.3927150475944916 
1.0047882193751174 1.2460716666176104 1.3928263293155672 
1.0043499326771514 1.246942911222756 1.3940904915972367 
1.0038939536072264 1.2467395611990157 1.3942918984223887 
1.0034380511961425 1.246614668096873 1.3943106410188164 
1.003524502086068 1.2466226108620384 1.3940396342909038 
1.0037707842291341 1.2465724164222918 1.3937568312181536 
1.0032192486571765 1.2463582943583724 1.3938116847391666 
1.0037825243266312 1.2464065019791657 1.393891768954483 
1.0043393240200686 1.2462897312672285 1.3940584806498872 
1.004909247663572 1.246645078300489 1.3938682527883484 
1.0057315702223448 1.24681904116104 1.3937667306665062 
1.0059828475423793 1.2467828777059995 1.3935390769580696 
1.006058215983289 1.246767032604487 1.3932110863094267 
1.00532083687534 1.24644641970657 1.3930114735067347 
1.0046834571523733 1.2461636166439312 1.392521739147385 
1.004048591404421 1.246067821633329 1.3922744139827699 
1.0034162255481536 1.2460753458107887 1.3917857050561728 
1.0038810130978335 1.2459884857758228 1.391591012593348 
1.0039612904350808 1.2459380052746274 1.3913343146660342 
1.0034318033486942 1.2457457708882234 1.3909622729595792 
1.0028249861767422 1.2456564130500303 1.3904144130418865 
1.002316997732025 1.245492239196335 1.390173224924319 
1.0018107718876879 1.245593700426451 1.3899600020630996 
1.001306299558297 1.2454671370214807 1.3896664255446112 
1.0006906167945024 1.2455320355716801 1.3895656186322225 
1.0001899671399983 1.2455537053252879 1.3892426649893899 
0.999466373397565 1.2453622482993512 1.3892860195137167 
0.9988577866063741 1.2454331977293283 1.3890317261264526 
0.9981548704642087 1.2451260122089498 1.3892551420966661 
0.9987239799612257 1.245198089942932 1.3888492029690098 
0.9982176702587517 1.245098707651958 1.3887867998276746 
0.99882839800427 1.2451434382902349 1.3886135112081357 
0.9982283148926328 1.2451182364368556 1.38844254203422 
0.9983230143372003 1.2450828066211141 1.3883921305437488 
0.9988854421391431 1.2450043936211324 1.3881187199837228 
0.9984792027706122 1.2448358229643217 1.388602546741776 
0.9977925326351522 1.244699895146055 1.388616561329354 
0.9973111243373247 1.2445855504492271 1.388237669153388 
0.9967226519652536 1.2443588638554197 1.3882216131478802 
0.9968194787252864 1.2445570860296642 1.38776037750483 
0.9969155291750762 1.2444914788890546 1.3873248096257402 
0.9964399243033124 1.2444954510748505 1.3875117913263717 
0.999887757679133 1.2452741011653756 1.3872555950036358 
0.9994098865660468 1.2453480834110047 1.3880692476300787 
0.9994997334126341 1.2453482628985513 1.3878687719131815 
0.9989176565266202 1.245372450162519 1.3878289909224208 
0.9990082389445369 1.2454419565742407 1.3875287073219784 
0.9984297568440444 1.2451269115921058 1.3877070997802499 
0.9978382955675696 1.2451171553407625 1.3875539449699545 
0.9974601844596677 1.244933045802634 1.3871469076445595 
0.9975535195042067 1.244951050999296 1.3871772962519056 
0.997176722748307 1.2447659608118307 1.3870282263766378 
0.9968005632003516 1.2445345665157224 1.3868282823091564 
0.9968945163920995 1.24444330064505 1.3867578291243208 
0.9964322569793476 1.24449914981276 1.3865397558814379 
0.9960263300110836 1.2442388135105058 1.3864523056029376 
0.9956364225206222 1.2440616326477685 1.3866318556320412 
0.9952295093670408 1.2438480249774582 1.3864936175636602 
0.994672096866623 1.2437015163242147 1.386772050778474 
0.994301304168932 1.24367592499693 1.3867928984209936 
0.9939311609467438 1.2435047439325335 1.3867457188116838 
0.9940297758047028 1.2433449601374034 1.3865328802270462 
0.9936433242259612 1.2432946457117433 1.3864461816941902 
0.993094683843452 1.2431554176022561 1.3865315841794243 
0.9930139879179656 1.2431741911208447 1.3863014273031813 
0.992386626905218 1.2431278232755614 1.3865544957720712 
0.992007226540031 1.2432017000574915 1.386307241552978 
0.9916450660521048 1.2432177643398243 1.3862223177356858 
0.9912662667393703 1.2431589469115298 1.3862707018384164 
0.9909052055446357 1.2430344833876295 1.386741493330029 
0.9903517695294983 1.2428674767538057 1.3865986373836183 
0.9907263328777404 1.2428546458635499 1.3866878567389669 
0.9902898452781232 1.2427889839314277 1.386518671048541 
0.9897587369726336 1.242574274478636 1.3866095425536533 
0.989387143140108 1.2424707531632553 1.3865960848225405 
0.9888428581911954 1.242305258106231 1.3865616419763134 
0.9900497519591086 1.2425236423294188 1.3867565988244641 
0.9901545334998926 1.242383619524381 1.3863433148364392 
0.9895182186446254 1.2422318879868524 1.3861409793498871 
0.9896236789978721 1.2422328367687892 1.3858494431749329 
0.9891962835918693 1.2423031837872978 1.3858232491563482 
0.9893019245959098 1.242177117781813 1.385612130465598 
0.9887064659825266 1.2420745779895057 1.3856216564875288 
0.9883428776499921 1.2420430308582986 1.3857970354614872 
0.9884497986809171 1.2420121891665212 1.386092810997652 
0.9881040111492613 1.2418839250708495 1.3859591043620154 
0.9874993631666757 1.2418089896857822 1.3858423496146757 
0.9881352038315623 1.2418207397093093 1.3858770826680413 
0.9875493640972393 1.2415498765786734 1.3857982354773406 
0.9871159648509512 1.2413358524437845 1.3859554012570259 
0.986741667634252 1.2411773621014697 1.3865266133151573 
0.9862365492491358 1.240950802872902 1.3863482024541547 
0.9857165916292321 1.2408642466565443 1.3860825061020146 
0.9851246810632137 1.2406654477415084 1.385858094662264 
0.9844602768108885 1.2406995878540292 1.3857946383266508 
0.9849324086230395 1.240740989672002 1.3859287635160804 
0.9859184053858844 1.2407415591797837 1.385752694061369 
0.9854219041524093 1.2406141291124597 1.3856879515476288 
0.9854864841165245 1.240395340124711 1.3855416854288976 
0.9851558165018446 1.2404243971119073 1.385614723279466 
0.9847528602994085 1.2404001386296997 1.3855376020184247 
0.9862554791975191 1.240715918507048 1.3855011695872184 
0.9856899250184668 1.2406462273750818 1.385312547964835 
0.9862083642531749 1.2405229616300328 1.3853038552565768 
0.9856456107031755 1.2403809606018763 1.385004433622322 
0.985319670260053 1.2403138699262053 1.384996354072688 
0.9849942612363602 1.2403524383886215 1.3851730379164997 
0.9855931038355655 1.2404105901325417 1.3851251496584853 
0.9857037763371985 1.240396865864984 1.384969032532429 
0.9860724097525583 1.2404845701264973 1.3847452732314431 
0.9861655013573103 1.24044874250599 1.3846000190205192 
0.9862733039295031 1.240524052339726 1.384778903210328 
0.9863804231307965 1.2404776417749186 1.3846499704112238 
0.9864868646116242 1.2404664386942927 1.3845802812043069 
0.9860081607675533 1.2404050840385996 1.3843793074695867 
0.9861149182816579 1.2403332001246288 1.3842733104064493 
0.9857948896725972 1.240178191995415 1.384091789496464 
0.9861396465322223 1.2403695774842813 1.3838584335301904 
0.9857513339665704 1.240674701598935 1.3840440608904396 
0.9858572438163894 1.240759759834828 1.3838333975807728 
0.9853857908941712 1.2406800684756525 1.383830187537701 
0.9849157994568682 1.2405202276001877 1.3837627750559052 
0.9845318911329284 1.2403395396036843 1.3839153507267938 
0.9842184117756824 1.2402289868394092 1.383910475841347 
0.9838901538286224 1.2400241859619778 1.383838049539774 
0.9834256620071173 1.2400872149734012 1.3838330665265128 
0.9829625975599608 1.2400395589282271 1.3839985630166014 
0.9824861446584796 1.2397382201124894 1.3837560328996992 
0.9820261056068746 1.2397548249570387 1.3838004417408336 
0.9826744857311552 1.239839492799393 1.383925276704299 
0.982200945018844 1.2398557595166686 1.3842951428750985 
0.9832738871545033 1.2400667063402562 1.3844714775240385 
0.9828835239238397 1.2399612658231596 1.3845364539852503 
0.983396410128683 1.2400290329211572 1.38447631323586 
0.9830738269233134 1.2398918330218653 1.3845312172430537 
0.9835829720497804 1.2399462502368888 1.3847243099286841 
0.9836907136512542 1.239880180769 1.3847115722573606 
0.9833847191304887 1.2397135147728564 1.3846562895574752 
0.983888491183575 1.2397359201450715 1.3843793340915456 
0.9834381355888782 1.2397312782815384 1.3840812265228042 
0.983479997335962 1.2396924228450867 1.384252439091092 
0.9839635759129086 1.239649488865116 1.3844806391565398 
0.9836447583456033 1.2395224968629734 1.384185237178222 
0.9832626429675759 1.2393822433846406 1.3844236548702193 
0.9829447623598652 1.2392119386368525 1.3844762506775812 
0.9826432996065053 1.2390435905624524 1.3844979332355911 
0.9822637919203211 1.2389676110960393 1.3841773285759762 
0.9818231209152866 1.2387610087901293 1.3840092203731658 
0.9823046528453083 1.2389648852388486 1.3840133173378708 
0.9824107610320492 1.2390691221978227 1.3839161909196798 
0.9830230326190368 1.239124060012532 1.3837212654699051 
0.9826464062927608 1.2390669663640246 1.383611636048184 
0.9827516604503377 1.239218904253756 1.3834176329981176 
0.9823161607575521 1.2390398138062717 1.3833191856535354 
0.9827295959926199 1.2391183921940945 1.3834027658086796 
0.982416733792228 1.2389974708722113 1.383739691743533 
0.9821208022986956 1.23888974589091 1.3840610971677227 
0.982208842619203 1.2386762717710416 1.383973611517554 
0.982612810774937 1.2388158556355524 1.384238302906145 
0.9821663559716549 1.2385943321379642 1.3842149865670512 
0.9822710961023102 1.2385908441931552 1.3841916478950078 
0.9819609111116727 1.2384766199001696 1.3840767473908444 
0.9825665025625976 1.238413250059548 1.3838499629409926 
0.9822150325841166 1.2383396314200232 1.3836973792436593 
0.9825657345057448 1.2382041233951426 1.383379082255999 
0.9826688920886502 1.2382772853564874 1.3834010894778777 
0.982377409827304 1.2382676115259363 1.3834147626927127 
0.9820863900325654 1.238340579151664 1.383502773783933 
0.9826813402312558 1.2384440214326529 1.383323559446381 
0.9827839908395671 1.2384042730656473 1.3831653245137105 
0.9823629548018135 1.2382784942823912 1.383007389867652 
0.9824658031539468 1.2382870881317838 1.3826924858230714 
0.9820466992763224 1.238114393198749 1.3826453974545299 
0.9816852405862846 1.2378939714822155 1.3826047164348 
0.981341648357362 1.2379555777558184 1.3824840353820758 
0.9821314710071909 1.2379593674229046 1.382464207026642 
0.983347529501376 1.2381053237139565 1.3824642623264969 
0.9834471149911386 1.2381273065644485 1.382426964258871 
0.98316114611648 1.2379281422987867 1.3821582341382674 
0.9832605779927519 1.2379150427747956 1.3819299673226715 
0.9828306380163143 1.2377999246245208 1.3820201096314353 
0.9834049878587005 1.2378566517182696 1.3820824080439165 
0.9835038997167442 1.2377971598785604 1.3820960676691292 
0.9836022753529607 1.2378680391841448 1.3823443668345607 
0.9837001186022635 1.2379770473135705 1.3824779935108034 
0.9834165618608209 1.2378028239254164 1.3822735861173232 
0.9830621188852049 1.2377415388300321 1.3825127711309233 
0.9826545002034778 1.237498351470419 1.3822892472760044 
0.9827534616018214 1.2375694899468592 1.3821723226856446 
0.9832631832217842 1.2378260419030593 1.382148351557366 
0.982857272661821 1.2377151876734458 1.3823673653797708 
0.9833170323256061 1.23788937837728 1.3821397176083074 
0.9838557829081163 1.2379298247792558 1.3823370991397828 
0.9834516438913117 1.2377288026561772 1.3823496611854065 
0.9847359996469311 1.2378887787662092 1.3821286597023301 
0.9851346262592929 1.237817761226371 1.3819417627236463 
0.9859083032074019 1.2379866676777425 1.3820651995622137 
0.9855052302460366 1.2379292109841127 1.381995245538747 
0.9851032191156972 1.2378359432244395 1.3820300868743214 
0.9847723237972958 1.2378190916118108 1.3819222031083132 
0.9844953146720297 1.2378284540301216 1.3820067046894153 
0.984820952407913 1.237960774660756 1.3820189160487526 
0.9844060009169306 1.2377775941151339 1.3820646096618416 
0.9840087882123557 1.237549342430032 1.381994855777194 
0.9837348370856107 1.237575156460905 1.381903258029602 
0.9833232304934556 1.2374246206138284 1.3817839054592391 
0.9828763963730911 1.2373353979764037 1.3816730706103215 
0.9824302661483137 1.2373929870367297 1.3814426421504074 
0.9821070956676226 1.2373497273013725 1.381380806566468 
0.9818217897439907 1.2372579940515205 1.3813259965650764 
0.9823383226701001 1.237356786935195 1.38116014264783 
0.9820523883159713 1.237258045649495 1.3812940639106748 
0.9817666440309902 1.237134389705622 1.381298810932627 
0.9814465020330729 1.237036899192181 1.3813939043999228 
0.9811271150365033 1.2368237203474721 1.3815484565527014 
0.9812266256379558 1.2367670771335668 1.3815578864519886 
0.980790011896023 1.2366658823288852 1.3813808725667565 
0.9805239675206281 1.2365827099391242 1.3815638470607592 
0.9802583192786785 1.2365728228309119 1.3814177433077368 
0.9799767922221421 1.236493754518466 1.3813875496165722 
0.9796454530429614 1.2363783948950027 1.3811415153498263 
0.9797466990656515 1.2365035438609735 1.3809804272786677 
0.9794329253759103 1.2365786142647166 1.380889683260237 
0.9798653151878498 1.2365276871899502 1.3807144681189214 
0.9806726024949785 1.2366021967994423 1.3806237517735036 
0.9807702992622285 1.236586450384512 1.3809181395457673 
0.9803926640395507 1.2364757114284248 1.3809525516202434 
0.9801308430071074 1.2363976614753536 1.3808620383892727 
0.9798203974020383 1.236391971180621 1.3806823210288384 
0.9794614762352367 1.236377790647539 1.3805388195832007 
0.9791525061527971 1.236331343812694 1.380616233166254 
0.9792522238062442 1.2364037043367666 1.3805314357448946 
0.9793514525521767 1.23649232610888 1.3803998641071753 
0.9798200757288145 1.2365394679155837 1.3803934481524691 
0.9795126533792128 1.236439926798815 1.380159080096624 
0.9792546103566464 1.2363881120584286 1.3800700103871266 
0.9792088113748885 1.236346425578059 1.379867075456768 
0.9793076676242862 1.2364715752121573 1.3796683732225297 
0.9798017491278017 1.2365640973144714 1.3795957185247074 
0.9801896922884276 1.2365738808931932 1.379580333965906 
0.9802863618103995 1.236548706704544 1.3796478470501037 
0.979982301663856 1.236404910366503 1.3797103882852375 
0.9795672490355056 1.23629239571167 1.3799351870273469 
0.9796646279750316 1.236183805502085 1.379708025361155 
0.9792989309806484 1.2360921714305326 1.3797620054815076 
0.9789976459588374 1.2360798302053553 1.3796738757744689 
0.9786336310222223 1.2360662094815904 1.379477798739614 
0.9791206793624623 1.2360427338990239 1.3793545427382372 
0.9787576480836686 1.2360149380057073 1.3792003649902709 
0.9792073980076696 1.2361578628114278 1.379076467290931 
0.979163861114611 1.2361730663571406 1.379157339597559 
0.978802528636883 1.236074633608865 1.3790706687237464 
0.97890095473783 1.2360331625381664 1.3789031513725563 
0.9786037201996244 1.2359833309067014 1.378912180505212 
0.9783071431286877 1.2358482487415972 1.3789924853969424 
0.9779487770931301 1.2358861101694791 1.3789366741647775 
0.9780481461197141 1.2360172805519294 1.379185820859169 
0.9784777991655005 1.2361012179054458 1.3791710801069088 
0.9784663644818654 1.2360389304994022 1.379046124348681 
0.9781574521663541 1.2360624036443006 1.3789904575286887 
0.9793188449868893 1.2362512719766507 1.3790327486431462 
0.9794147061237826 1.2362643815088554 1.37886386941357 
0.9798358181585123 1.236300033447685 1.3787687104697968 
0.9794192330806273 1.236259400185376 1.378613265161537 
0.9791581248768079 1.2361791024466562 1.3784814109006363 
0.978866522802864 1.2361004459283325 1.378467445091137 
0.9789628852371078 1.236174206819561 1.3784504072609929 
0.97905880033322 1.2362304084749538 1.3785718776985139 
0.9787990445833288 1.236045356377359 1.3785178010432786 
0.9785549323312139 1.2360091717952137 1.3785987019542092 
0.9781599692828057 1.2359493479188803 1.3786509848116641 
0.978256635014278 1.23601265996248 1.378636708033263 
0.9786756924735383 1.236032471403864 1.378622410297993 
0.9783278506861968 1.2358756729409028 1.3784552489672537 
0.978041132270707 1.2358264648943398 1.3785189977332557 
0.9776798481876904 1.2357905793644899 1.3786635820024005 
0.9774395434278927 1.2356646473008284 1.3787424616855624 
0.9770949025541011 1.2356244495412816 1.378980198817448 
0.976691245921131 1.2354884623847135 1.378901240448046 
0.9763482828762988 1.2354906098432543 1.3788217686662045 
0.9760960077780626 1.2353610715034662 1.378741053828818 
0.9769052220760854 1.235516356140749 1.3787266138561136 
0.9766525741179102 1.2354686316449586 1.3786346543621217 
0.9762526804173814 1.2353455805962998 1.3787539347281355 
0.976602511581012 1.2354382213206363 1.3786381920331092 
0.977019558575049 1.2354872428236063 1.3786743607367191 
0.9767391536333261 1.2353424186609503 1.37875136689681 
0.97683638530181 1.235475830663975 1.3789192564832855 
0.976498222793648 1.2354199090090727 1.3788193026162279 
0.9776100000935252 1.2356096342539495 1.3787953224175045 
0.9773743933963284 1.2355484163347699 1.3789118299649812 
0.9774708720571663 1.2356937676148458 1.3788327363537132 
0.977821767616329 1.2357275450249703 1.378998153286913 
0.9782328649455878 1.2357419759926862 1.378947173174091 
0.9779830637824063 1.235624269334632 1.3790872772857246 
0.9780780062985306 1.2355927286718535 1.3791212720630934 
0.9777427498832387 1.2355176064609537 1.3789770939153425 
0.978816284514147 1.235570486014923 1.3790528698137232 
0.9785821711007665 1.2354983754768214 1.37910070736595 
0.9793513909876383 1.2356194345772795 1.3789176510911987 
0.9790019831070269 1.2354564363220422 1.3787996738381163 
0.9786534970048396 1.2353589434551793 1.3785533615227088 
0.9781781990322073 1.2352721552989343 1.378332950906821 
0.9782722636800145 1.2353345905204625 1.3783189557984012 
0.9779409486299371 1.2353018019443536 1.3781663721405215 
0.9776956013152773 1.2352740059290166 1.3781660813187446 
0.9780904144586589 1.2352982177294298 1.378013889864185 
0.977760605394856 1.2352961806585014 1.3782418558839868 
0.9775160993528857 1.2352839142932925 1.3781888216523623 
0.9771731363975737 1.2351283286003343 1.3782506539800714 
0.9775350468908195 1.2352594178412817 1.3781341558847315 
0.9779220790094834 1.2352455591952136 1.3783454645112105 
0.9779856447232448 1.2351188083634361 1.3783939812591717 
0.977659623866687 1.235009178265284 1.3784035973376643 
0.9779603909860832 1.2350956743855452 1.3781634272293681 
0.9776354647356646 1.235006395877379 1.378110930354015 
0.9780242243740873 1.2350018740174136 1.3779345536395822 
0.9777976766451548 1.2349063546235208 1.377884254557853 
0.977890359596963 1.2350157815749274 1.3778964369650515 
0.977552724763691 1.2349078274555318 1.3780564176098842 
0.9773273246037218 1.2347583662298793 1.3780295882141953 
0.977420273712479 1.234735455017016 1.378077253638868 
0.9771954037997708 1.2347610806524059 1.3779396348092001 
0.977937517790405 1.2349654649115467 1.3778266609140593 
0.9782215648727131 1.2351217222594049 1.3777635215213546 
0.9779561732389075 1.234958530454531 1.3777140178716034 
0.9777174267114157 1.2348677718042729 1.377640169068505 
0.9773980152580737 1.2348013546201269 1.3775663668745364 
0.9770503560602684 1.2347451195443062 1.377451475503506 
0.9774268343765817 1.234868706237276 1.377436680991483 
0.9771089810101892 1.234801649251579 1.377571878742935 
0.9767774503208033 1.2346612369249972 1.3776199971657812 
0.9765414756847237 1.234637634130718 1.377959312068555 
0.9763201927639461 1.2345911536177077 1.3782922614177315 
0.9767142293203971 1.2346054805797642 1.3780958218468227 
0.976453720294088 1.2345452767523946 1.3779636162076527 
0.9762187739717599 1.2344537791711792 1.3779372690400875 
0.9759198286849036 1.2343256259819662 1.3778271660860542 
0.9760138278018021 1.234412102082529 1.37786437389651 
0.975794563157447 1.2344314757247628 1.3777563565085538 
0.9754827625298585 1.2342894917182943 1.3778037549541964 
0.9752499661344469 1.2342507103346894 1.3777310195903099 
0.9756419667175945 1.234229035447886 1.3778364240128134 
0.9753174306078352 1.2341540300315752 1.3777298548944101 
0.9750080532234442 1.2341108553184053 1.3778236042826282 
0.9746993219196811 1.2339751325103396 1.3779141358536442 
0.9744688219873046 1.2338631282768562 1.3779232834903508 
0.9742528518935143 1.2337381261887441 1.3779105085866095 
0.9743479045016067 1.2337900286777976 1.3780141543392923 
0.9744425699540049 1.2338903356567097 1.3780000300074147 
0.9741222891978789 1.2337938270790978 1.3780173661903052 
0.9737787261543345 1.2337896089043319 1.3780271294665325 
0.9738738783676296 1.2337767767765953 1.3781143250345327 
0.9736219741693672 1.233880044313731 1.3780411294682424 
0.9732799023443293 1.2337473591895944 1.3781531067022001 
0.9729767961584886 1.2336982308526296 1.3780236751410198 
0.973072738488556 1.2336816599474578 1.377895464742389 
0.9733706664845823 1.2337881397753587 1.377709917237564 
0.9731593888934095 1.233707911223418 1.3777185249288153 
0.9729345720560194 1.2336153737120932 1.3779209336099476 
0.9726340504605853 1.233579755747623 1.3779261048003506 
0.9724238475614186 1.2335017252571785 1.3779678719030624 
0.972727330881492 1.2335467915527096 1.3779802299214101 
0.9723901922943213 1.2334968019847437 1.37776098982471 
0.9721673628080991 1.23354694902061 1.3777490356272981 
0.9719446781624388 1.233604019886409 1.3777370652988166 
0.9744682725774875 1.2345120384559205 1.377807470479111 
0.9741690887973891 1.2349139899074442 1.3778620864995843 
0.9758609933884765 1.2351881365952975 1.3777937010020453 
0.975649903307563 1.2357610870151905 1.3791585836404214 
0.9763423854498681 1.235898994471976 1.3790564701826693 
0.9761312725155755 1.2358855456183275 1.378987136178945 
0.9758181374000015 1.2358132948289084 1.3790854684328486 
0.975593528866411 1.2357914615379242 1.3791956207751437 
0.9752592098528199 1.2356937124902017 1.3791481455508476 
0.9756384635373954 1.2356941772544803 1.3792324625527648 
0.9754292190639839 1.2356681792801598 1.3792174752546698 
0.9755207568321391 1.2357097486678585 1.3791112054103003 
0.9752755867468013 1.2356678443217564 1.379039805106077 
0.9750530184771539 1.2356157690630145 1.3789700381098036 
0.9747442443802986 1.2356186397883446 1.379057783629415 
0.974522406435242 1.2356599534794812 1.3789903193608877 
0.9743150301909995 1.2356339469725695 1.379087882044773 
0.974107914429887 1.2355960833555173 1.3791280500493848 
0.9738866872498768 1.235494210757294 1.3790800666460927 
0.9736656169160338 1.2353653230450565 1.3789239831818931 
0.9734242142154161 1.2352327405377408 1.3788195209921343 
0.9731832533155241 1.235224435364305 1.3788811249046515 
0.9729284011837946 1.2351483798848881 1.3790537584964704 
0.9730221748352118 1.2351692916062846 1.3789317353965787 
0.9733991295456152 1.2352058444962606 1.3789183391647901 
0.973697110426454 1.2352209039122113 1.378927081008495 
0.9733941906625843 1.2351437179801814 1.3789147318884218 
0.9731062172477234 1.235033653551331 1.3787600170158245 
0.9733833823397101 1.2350292689741946 1.378769270655773 
0.9731657430744691 1.2349145624569347 1.3786348908037387 
0.9732094310722896 1.235026154045141 1.3785677088448862 
0.9729922901193708 1.2354898227844937 1.3791716455094858 
0.9739106190108043 1.2356724188421526 1.3791251762093606 
0.9735763260176973 1.2355307139638927 1.3793492188343728 
0.9736677371246484 1.235639069836004 1.3792267748314293 
0.9734656913232581 1.2356911928768528 1.3790922008291213 
0.9742797180038845 1.2359533029242205 1.3791744313930636 
0.9740779600961005 1.2360087020310608 1.3791610182879133 
0.9738622526287335 1.236460841736335 1.3797326487675943 
0.9742154995875213 1.2369073426451593 1.3796856189765667 
0.9743050660561775 1.237022195025114 1.3795303612603567 
0.9745542148718926 1.2370022902218856 1.3793552621222183 
0.974257768751341 1.2368851449163876 1.379255124713751 
0.9743466862779329 1.2369358822133487 1.3791327405081213 
0.9744352690707269 1.236956131050109 1.3789983447534853 
0.9741203100604336 1.2368655186240747 1.3790399574595644 
0.9738933281527642 1.236805770970213 1.3791017123635518 
0.9736133995568357 1.2366090640607812 1.3789475528745503 
0.9737025517401527 1.23664941017347 1.378869065120388 
0.9737913711952317 1.2366026959383398 1.3786825497640804 
0.973879859597217 1.23657388788459 1.3787239196881425 
0.9736680676252393 1.2365556556723059 1.3785155378095852 
0.9739474645745771 1.2365812652744343 1.3785768121331468 
0.9736698841745527 1.2365663227895598 1.3784787425887812 
0.9733928250645425 1.2364522407521796 1.3785104382896887 
0.9736374807400294 1.2364857426570306 1.378337451830543 
0.973725149374048 1.2365247944898967 1.3782724795592067 
0.9740008021734213 1.2365728975083663 1.3781004517883177 
0.974087468817901 1.236617493543148 1.3782700727812445 
0.9738120426702763 1.236551696850683 1.3782792171043237 
0.9735237568272475 1.2364828667182468 1.3783293339020406 
0.9732962594749999 1.2364434946386615 1.3782396721048205 
0.9733500281410461 1.2364201827968535 1.378214959551962 
0.9734370085471347 1.2364405536376721 1.3782252823540075 
0.973163746285859 1.2363752738063787 1.3782327770704723 
0.9728778457307474 1.2363014164472657 1.3782956266820192 
0.9726522045514032 1.2362760459313111 1.3781993813154503 
0.9723804860312464 1.2362127726679155 1.3782593190976145 
0.972109269797631 1.2361552761847947 1.3782226474829489 
0.9718849146140998 1.236028788924736 1.3780718652961594 
0.9716017936470505 1.2359147187751436 1.3780595895451229 
0.9714116251305882 1.2358743261855627 1.3779412872415957 
0.9712087317457292 1.2358137240689004 1.377982732970453 
0.971297726359609 1.2358861335476812 1.3777853257673591 
0.9710752436335288 1.2357918215725054 1.377604655961491 
0.970774282954793 1.235661943909302 1.3775837110480806 
0.9711282750211944 1.2356539262809985 1.3774568884254086 
0.971058914049376 1.2356301963106406 1.3772564887889998 
0.9711473568446378 1.2357105595736293 1.3772637604125204 
0.9714856756446886 1.2358727604511746 1.3772312593214777 
0.9715399668686835 1.2359556378478345 1.3772409726428694 
0.9713195577313629 1.2359393657066082 1.3771486073653012 
0.9710207813498799 1.235801100587255 1.3769997903849895 
0.9711084732042095 1.2357237012898732 1.3769567243538703 
0.9708436063947709 1.2356763066164569 1.3769137042540824 
0.9711920293195423 1.235676107165623 1.3768729290053203 
0.9714147986506321 1.2355865252271236 1.3768833580696318 
0.971150900803955 1.2354233187768693 1.3766873454878135 
0.9708541500724348 1.2354012129306011 1.3766488706110729 
0.9706365443431402 1.2354454457825919 1.376535054237444 
0.9707237477309876 1.2355290149636484 1.3765128831309854 
0.9704281157761294 1.235380258996265 1.376630718517808 
0.970683090642814 1.2354144582298228 1.3767658974888852 
0.9723954588907547 1.2360326280701848 1.3767436090569687 
0.9722114885845917 1.2360025351814874 1.376630583506102 
0.9720277217348248 1.2359048677757538 1.3766628873452986 
0.9717660975289386 1.2358510500123603 1.3765995395651487 
0.9715049407788219 1.2358603093602425 1.3764258060557284 
0.9711992627957643 1.2357830440078714 1.3762305760166944 
0.9710052658330139 1.2358173669780874 1.3762403626866102 
0.9707455996773099 1.2357115738683964 1.3763260348436122 
0.9708318942979168 1.2357534192370334 1.3764073294558217 
0.9709178915181149 1.2356666162845193 1.3763843284419233 
0.9710035927289716 1.235663912113136 1.376322957618048 
0.9710889993132052 1.2356555381132595 1.3761806124096547 
0.9708961766697722 1.235592781356862 1.3761708996463344 
0.9706385935418764 1.2355085615447448 1.3759995811517536 
0.9703371339128015 1.2354839286378438 1.375907314483155 
0.9704229998126674 1.2354930430931048 1.3759609527557426 
0.9704760448953598 1.2354576449509578 1.3759225504945305 
0.9702966576882905 1.2353672811614538 1.3759309004654976 
0.9700409824413987 1.2353745774630736 1.3758950805117542 
0.9703517371541556 1.2353530493342915 1.3759079126286402 
0.9701611516738642 1.2352511249411393 1.3760498054735244 
0.9702468321658045 1.2352724857601574 1.3760403647524901 
0.9703322223217917 1.2353242372577238 1.375982274507401 
0.9700780690087607 1.2352819975128775 1.375890861256977 
0.9698883512947469 1.235228979762683 1.3757998326414795 
0.9698983522246236 1.2351808884228368 1.3759122193745943 
0.9697209015502046 1.2350515729116611 1.3759733618133965 
0.9694567527240283 1.2349863960038423 1.3760167370135072 
0.9692047460592146 1.2349949147040535 1.3760074217055152 
0.9694803121806828 1.2350860554822856 1.3759980950596966 
0.969217243659467 1.235079077261244 1.3761874802496195 
0.9690296409534458 1.235035800190652 1.3760992988853438 
0.9691158786614831 1.2350117390791842 1.3759827078729452 
0.9690840043360598 1.2350045599035562 1.3758641190738143 
0.9691381871933035 1.2350187337408336 1.3758150726200487 
0.9694409536776312 1.2350372611402578 1.3758470460430088 
0.9692344486867447 1.2350060571347343 1.3759072087554491 
0.969059926942097 1.2349898103626913 1.3758509081695518 
0.96884270480704 1.234916110411667 1.375843770616625 
0.9686371987027493 1.2348459671330223 1.3756855548294906 
0.9683892324167378 1.2348054938709487 1.3755718892144133 
0.9686617319854058 1.234867420779878 1.3757792466140384 
0.9684884215698808 1.2349076753434178 1.3758089439851002 
0.9683152945711605 1.234958512468281 1.3757999833357488 
0.9680685662303559 1.2348218589475888 1.375976474324035 
0.967896020945548 1.2348050481161934 1.376065240103863 
0.967723658114533 1.2347341105914984 1.3761043984307697 
0.9674669055272205 1.2346888101557707 1.375951781069298 
0.9682316077708955 1.2347833590545931 1.3757620067126108 
0.9680288433148471 1.23486067952132 1.3757644262741633 
0.9678574749976083 1.2348833809697912 1.3756778130461518 
0.9676020567835877 1.2348319963403855 1.3755909950981011 
0.9679221745651078 1.2348979090543448 1.37542576788081 
0.9680074537514591 1.2348495312775405 1.375369615198489 
0.9677529711254595 1.2348100826026962 1.3754291272870365 
0.9678382115089154 1.2349006546643957 1.3752670002168395 
0.9675537643347014 1.2347979640378848 1.3753461057482075 
0.9673729614165469 1.2347607601993846 1.3752510714217918 
0.9676114835256274 1.2347980722891194 1.3755025229635165 
0.9673587471059785 1.2347457977710325 1.3755523087837918 
0.9670758400324619 1.234628729237746 1.3755435811946124 
0.9668963160872122 1.2345804989642786 1.3754882178832744 
0.9666450140543004 1.234492118047957 1.3754240035801055 
0.9664355904710791 1.2344100833968823 1.3755502556396542 
0.9662265121647893 1.2343317335503514 1.3756359628891008 
0.9663130404549041 1.234296795165076 1.3758073658489298 
0.9661456383222211 1.234167081034468 1.3758644827103683 
0.9659674061559462 1.2340911396007885 1.3758081283220303 
0.9657293899511783 1.2340439911924261 1.3757717141474348 
0.9655626852423114 1.2341403745535335 1.3757166119479942 
0.9656495325947647 1.2341168808228813 1.3756133157899257 
0.9654015797879119 1.2340523913548327 1.3755485902067695 
0.9657001178559511 1.2340856932352473 1.3755114515783766 
0.9654229505282308 1.234008056357025 1.3754942918732782 
0.9651462450961268 1.2339677414944068 1.3754102087989823 
0.9649812575588167 1.233878703490206 1.375561403253276 
0.9648056443337985 1.233821603973773 1.3755537736167238 
0.9645708715525502 1.233752518100289 1.3755186153981367 
0.9643769070670316 1.2337173863658806 1.3755100038715065 
0.9642021270757317 1.2337228460679166 1.3754550190919266 
0.9642896142786638 1.2337280296961024 1.3753255868954182 
0.9640856762137882 1.2336360625674057 1.3754295351303005 
0.9638712935324558 1.2335829945150167 1.375532129504574 
0.9639588329315536 1.2335965506512085 1.3754779426828123 
0.9640460999133973 1.2336132720372233 1.3755804631016373 
0.9638032600902802 1.2335323278759416 1.3754890801396908 
0.9635424150391949 1.233559614329 1.3753888588698047 
0.9633694763111873 1.2335108379045499 1.3753522791438693 
0.9634570725868518 1.2335206153335532 1.37534379706142 
0.9632264201523566 1.2334619881371176 1.375354124460526 
0.963552150937194 1.2334746224977247 1.3751979024463736 
0.9641136353333893 1.2335692310047888 1.3751609842616195 
0.964199476409829 1.233632641323462 1.3751160527114656 
0.9640091651507189 1.2335586260648363 1.3750362429634855 
0.9638084757841481 1.2336369816277906 1.3750271681644661 
0.9636367746868131 1.2335855189470544 1.375111044215978 
0.963408058213042 1.2335622228391745 1.375065397417349 
0.9634656581091241 1.2334834892876796 1.3750118022944302 
0.9632375032008537 1.2334259638722704 1.3749601297950194 
0.9630097134313407 1.2333527590677456 1.3749992188957711 
0.9627822879630306 1.233326266078794 1.3750379757809934 
0.9626230467923045 1.2332570423056788 1.3749758842131388 
0.9623676296652202 1.2333507351288318 1.3748498310416741 
0.9638870590892923 1.2340099734183512 1.3753276090359992 
0.9636310269756361 1.234269720793788 1.3760360351825747 
0.9634041495558484 1.2345297673799194 1.3759832863483774 
0.963177633460099 1.2347129149253635 1.3758836911139576 
0.9630091316876641 1.2346390928895274 1.3759290818118828 
0.96281208942851 1.2345501649584008 1.3759207304557242 
0.9626542272782201 1.234521143884634 1.3758678117214427 
0.9624861906235818 1.2344147690947227 1.3760123909083117 
0.9622409226765523 1.2343869485465824 1.3761121895009252 
0.9620836475912509 1.234384419091956 1.376030398698892 
0.9619161368094034 1.2343008328180818 1.3758871556126246 
0.9616926918200149 1.234293576246145 1.375923292408793 
0.9619466416273506 1.2343311461620927 1.3757545977187422 
0.9620333572202348 1.2343634994188757 1.3756121808511899 
0.9621198135260155 1.2343341004848052 1.3755952178832191 
0.9618589498566614 1.234280154674846 1.3756045045273062 
0.9616266195741376 1.2341680862393563 1.3756598080957727 
0.9614048724163708 1.2341129989491775 1.3757505609260003 
0.9616380371834211 1.2342025973839639 1.375689194359203 
0.961406580995408 1.2341908231720764 1.3756981639932755 
0.9612518394515286 1.2341535576525469 1.3758858370039213 
0.9610311464329526 1.2340981399914799 1.3758517045437195 
0.9608107979804232 1.2340603300724204 1.3759933709132617 
0.9605907933202082 1.2340268283469518 1.3760290910804351 
0.9606784412017315 1.2340253162831119 1.3759059707375951 
0.9607658303819013 1.233962670531221 1.375783301038036 
0.9605745587692769 1.2338724939794248 1.3758192756611376 
0.9603556513731827 1.233856666634141 1.3758020939867275 
0.9606524368714577 1.2338634210935613 1.3758717231455049 
0.9607397232225734 1.233923414579364 1.375775866093062 
0.9605869034776563 1.233943200988826 1.3757234698994436 
0.96036881339382 1.2339305661112814 1.3755586947944969 
0.9601886950692173 1.2338944208359315 1.3754367807890997 
0.9599712436574918 1.2338922727842516 1.3754736399315082 
0.9600589118354849 1.233881445998505 1.3754566928970118 
0.9598322531951675 1.2338145333026926 1.3754050978943693 
0.9599198496332872 1.2338195979920816 1.375501460721309 
0.9597035056930382 1.233812401626172 1.37555519950547 
0.9595248696555483 1.2337521389823916 1.3754256164216467 
0.9598215495244738 1.2337800108300454 1.3754612261695853 
0.9596060592710081 1.2338003676962888 1.3756341081966226 
0.9594556215886446 1.2337846815230464 1.3757727535566815 
0.9597608350135055 1.2337685161829834 1.3757201282991174 
0.9598475571522945 1.23383033868343 1.3756695839420965 
0.9600962451831527 1.233808888200725 1.3756526041446995 
0.9599365174886754 1.2337708847100868 1.375488591265145 
0.9614484255027617 1.2344464902038859 1.376103194330364 
0.9612336509832626 1.2345455962244338 1.3760948518555411 
0.961543333112072 1.2345628602438525 1.37613895192088 
0.9613290044274851 1.2345167387959228 1.376085987528429 
0.9614133287347035 1.2344726407712043 1.3760094111431684 
0.9612535101691528 1.234456552951449 1.3760518425623738 
0.961337681857835 1.234424489921745 1.3759504818900008 
0.9611611304965555 1.2343716297686773 1.3760435239899835 
0.961001744451353 1.2342950965820276 1.3760106696378922 
0.9607792622216755 1.2342502928854104 1.3761031320083656 
0.9605670094152547 1.2341394765837927 1.376085598032355 
0.960651537834764 1.2341266743783676 1.3760855001283652 
0.9606993759409987 1.2341562944985018 1.3761781267510629 
0.9610141699333761 1.2341775766249332 1.376229123943168 
0.9608556005666533 1.2341081059826564 1.3761950354063246 
0.9606971126601942 1.2340179451148499 1.3761179209086924 
0.9605387067174105 1.233949436336975 1.3760990402453888 
0.9608247558188219 1.2340855501142416 1.3760255814041469 
0.9606503220041309 1.2339861050723395 1.3759516591136736 
0.9604761298706657 1.2339480714778088 1.3758180168840712 
0.9603182515702781 1.2339226183088186 1.3758498457428165 
0.960098680380542 1.2338543648971847 1.3760662558960681 
0.9601831816332129 1.2338871417704218 1.3760503141949765 
0.9600099328961378 1.2338129282652621 1.3760328347372426 
0.9598011323590965 1.2336918873114557 1.375933428398635 
0.9595827893873119 1.2336315334008823 1.3759257460800778 
0.9593648334627126 1.2335575850059732 1.3757862601069415 
0.9593427839424088 1.2334680164297585 1.3757543817898912 
0.9591611571274998 1.2334770965889237 1.3757397475098954 
0.9591587186431663 1.2334764912496754 1.3757896995908834 
0.9589873095920545 1.2334470068693895 1.3757831917979593 
0.9590722702843995 1.2334203343927443 1.3758147051332448 
0.958927098228751 1.2333432250171128 1.375657676641694 
0.9591705068645902 1.2333740414089749 1.375829984398747 
0.9590160132156084 1.2333089475255343 1.3757717629792723 
0.9588712747329657 1.2332618911723947 1.3757401727409697 
0.958630442590265 1.2331455843584822 1.3756914454586249 
0.9583994788125213 1.2330939598436987 1.3756452461455577 
0.9582460730837097 1.2330434215633599 1.375628424353974 
0.9580671576935984 1.2329744316322417 1.375555670052885 
0.9578980243603917 1.2329081099237846 1.3755889197707931 
0.9576940330525904 1.2328718771712244 1.375652693300832 
0.9579887309951096 1.2328597414060871 1.3756625653524552 
0.957810706451533 1.2327334336021007 1.3755881464824906 
0.9576329405921726 1.2326315088042068 1.3756945319567064 
0.9579148406762048 1.2326629720469313 1.3756898336232033 
0.9579997886811201 1.232671444069678 1.3756414732863642 
0.9577970000117791 1.2326504893364163 1.3754880164499013 
0.9580739860749554 1.232664365815071 1.3753585937050208 
0.9579222879061471 1.232639451716254 1.3753104089071222 
0.9577202041255841 1.2325468525344432 1.375279352962897 
0.9575594323846985 1.2324459122617097 1.3752059101250118 
0.9573485643449688 1.2324097848800617 1.3752319406790163 
0.9571820193525229 1.2323807973814476 1.3753442047654623 
0.9574145066340161 1.23246197717215 1.3752988065481846 
0.957489577809814 1.2324223111342538 1.3752520974956626 
0.9577894373149365 1.2324693708109702 1.3751823477286949 
0.9575890835173786 1.2324576383271642 1.3750951581014283 
0.9573796490031368 1.232449226742649 1.3749419087174026 
0.9574636824125775 1.2325509993088262 1.3748454946781823 
0.9572391301788976 1.2325021711238267 1.374797495323874 
0.9570398264028976 1.2324476742327242 1.374669914910923 
0.9569000435718962 1.2324321461556966 1.3746220725555904 
