0.0 0.3755676480814567 1.0397207708399179 
0.0 0.957769981474532 1.5275023899559335 
1.15374194270109 1.4462590259479846 1.5741030017371853 
1.3114896151301974 1.515682624588587 1.5850119151461488 
1.4562710893424626 1.555216978938563 1.5890269151739727 
1.4667380565426176 1.5676390392645707 1.595136942771889 
1.5045379153521508 1.5755463178533355 1.598194320971445 
1.5287294742024564 1.5798890162029242 1.5999714209268676 
1.5390417309031288 1.5823206520898494 1.6006723559007408 
1.5431857788005294 1.5827516135921214 1.5989898943843945 
1.545060216086413 1.5859836923015087 1.5994657118825 
1.5507535560189427 1.5876084272688997 1.6002822796222744 
1.5483541481826955 1.5876179190505981 1.6007151152452765 
1.5474758562976296 1.588317177789691 1.6012226737352477 
1.5491258940557844 1.5882144763800077 1.601134004940832 
1.5496759535128273 1.5884335530431484 1.6015251395315617 
1.5509094305959628 1.5883865947575961 1.6012806902821906 
1.5537118642895311 1.5880418672092034 1.6010628858645886 
1.5519549482245147 1.5881781629853386 1.6014039988679254 
1.5511602715261366 1.5885803084073018 1.601365924014839 
1.5512715815728182 1.5895615715028335 1.6017069931862893 
1.552844378651112 1.5891383334524707 1.6015080207585692 
1.5535519713651311 1.5890975075840768 1.6020990267318185 
1.5548439271989098 1.5886114573468144 1.601944308707927 
1.553098977516038 1.5882799872506899 1.6024029151218573 
1.5521042687306406 1.588112184405934 1.6022811864047164 
1.551555059018708 1.5877704707453877 1.602674308800571 
1.552520287651948 1.5878313114712646 1.602803071972258 
1.5541583524963616 1.5883232904925746 1.602624752146232 
1.5546227666181107 1.588794145885502 1.603008203662889 
1.5550495105180027 1.5890041867407887 1.6028369509058453 
1.5541993219750714 1.588904814676392 1.6026755089564815 
1.553680286728678 1.5890456757789562 1.602610750977639 
1.5549896217432455 1.5893840851958887 1.6025044421853103 
1.5540725485449354 1.5892104935083204 1.6028322611086487 
1.5548894179447796 1.589589856469175 1.6027265327467275 
1.5548299539059407 1.5893799145029501 1.602825130536005 
1.5547658611260358 1.5895198313420709 1.6029141100309627 
1.5564479649123666 1.5896520706963826 1.602816200278936 
1.5591325697164784 1.589956140935358 1.6026878635309412 
1.559326207671353 1.5895756591404289 1.6027503639306047 
1.5588076561317636 1.5893582137025137 1.6028389306663482 
1.558490873780443 1.589374237776381 1.6029483650249121 
1.5593517052099952 1.5896745619665456 1.6031917606643658 
1.5601642834262708 1.5896154155007434 1.603256683226603 
1.5612461575117818 1.589520241177244 1.6031575080059726 
1.5619688335525375 1.5894342985207603 1.6030587350253804 
1.5639723098497846 1.589907450683435 1.6032878134481703 
1.5640175277986612 1.5899308476665606 1.6031770814147153 
1.5647434069527792 1.5902174753298337 1.603406251831907 
1.5651577124535279 1.5904996108308136 1.603482273375167 
1.565339099935647 1.5905048792102716 1.6035394690923725 
1.5649776553777666 1.5901688169540718 1.603433849939694 
1.5650011510819872 1.5900999000477714 1.6033316585839024 
1.5645193818662246 1.590024285752391 1.603380003747081 
1.5644302839826412 1.5898498401639667 1.6035530368301134 
1.5649435561607623 1.5897734345577217 1.6036174964954406 
1.5654348307674915 1.5897655792727543 1.603643474700375 
1.5653336076052997 1.5897388596159523 1.603703726135497 
1.5651202173622245 1.5896034253018916 1.6036092300001896 
1.565235024341073 1.5893814557294659 1.6036448386901623 
1.5649326425691235 1.589099639034727 1.6037013342588629 
1.565285013319677 1.5890457579120416 1.6037244452786115 
1.564870935206716 1.588792249302181 1.6037460266269827 
1.5646817572961964 1.588488007217709 1.603766189593618 
1.5640788686563032 1.588284745623343 1.6036800835343699 
1.5641123006308975 1.588156187383833 1.6037105457933953 
1.5646400888437306 1.5884377898860682 1.60363640599688 
1.5641743258974248 1.5885526291270349 1.6036573566588954 
1.563912045221666 1.5884801062946359 1.6037838475295783 
1.5646161811574728 1.5886674369315208 1.6037274341269254 
1.564444843492011 1.5885630046294903 1.6037672166275172 
1.5651089060607102 1.5885465261807048 1.6038046736370872 
1.565126223288068 1.5887117872580572 1.6038399492424582 
1.5650263212300715 1.5886917847519249 1.6038841407583209 
1.5650450036851264 1.5885722269636102 1.603909139643255 
1.5661888401173925 1.5886664712259502 1.6039326518810229 
1.566119542749141 1.5887007173484913 1.603866417783966 
1.5670986992495202 1.5887349959021977 1.6037941487965977 
1.566247266623509 1.5884701180237655 1.6038103225526201 
1.566219868575284 1.5884024124160443 1.6037403353014952 
1.5661904406307954 1.5883815413821913 1.60368919545166 
1.5660086375864977 1.5883257799276385 1.6037225060057063 
1.5662122199700732 1.5884374144940439 1.603820959950078 
1.5657418840615882 1.5883545735866251 1.6038507959474082 
1.5655743519644063 1.588171088655681 1.6038641299999443 
1.5650197164488078 1.588107744194361 1.6037984941536494 
1.5650122944803937 1.588231316895658 1.6039040367448836 
1.5655049933963547 1.5883598851299814 1.6039906825151116 
1.5647671204825904 1.5883519707939733 1.6039372701425865 
1.564376395758202 1.5884537407726438 1.6038887654014324 
1.5645085564125762 1.588521489522654 1.6039139436048178 
1.5645155387512413 1.5886125854144086 1.6040100790654839 
1.5650399747162702 1.5887219580267198 1.604032023713393 
1.5646134407471988 1.5887519097371983 1.6040410294715324 
1.5652586459209994 1.5888779573337533 1.6040042842277074 
1.5652719761967813 1.5889056681298193 1.6040137344134706 
1.5657654161033934 1.5889622186850132 1.6040341790204957 
1.5666217700803733 1.5892249571651789 1.603997943730426 
1.5669838457723837 1.5893538556194629 1.604017644967779 
1.5672105100479472 1.589480437651491 1.60396028282509 
1.5667954128931076 1.5894846081563903 1.603981482323356 
1.5667236167430647 1.5894389564562792 1.6040008026380796 
1.5661224597300705 1.5893700353401847 1.6040099729911614 
1.566407398088408 1.5893661822438003 1.6040187157836425 
1.5659985202680045 1.5894214958184658 1.6041110160465708 
1.5656861808908533 1.5894256653607441 1.6040656919020124 
1.566452794822748 1.5895349769841158 1.604143828549703 
1.5668485124184905 1.589615431474908 1.604159142588163 
1.5670396417891563 1.5895750580065204 1.604105876379901 
1.5666336800068985 1.5894244462201197 1.6040730156336542 
1.5664851470687762 1.5894003833928951 1.604080893229256 
1.565887340761245 1.589274183573657 1.6040959757397828 
1.5662103887000263 1.5892755362892357 1.6040449628625282 
1.5657267182694015 1.5891845982997264 1.6040598136668514 
1.5658698777327926 1.5891238285328344 1.6040860600399818 
1.5661846719918135 1.5891821148800696 1.6040426702542714 
1.56600432415558 1.5891794968390864 1.6039993846914287 
1.5667136065683764 1.5893426161363835 1.6039678005409894 
1.5675139719114497 1.5894925707969343 1.6039248078486517 
1.567349715132465 1.589604500193689 1.6039501805995129 
1.5676550525977464 1.5897370885383901 1.603974908139056 
1.5672825749131094 1.5895746645430617 1.6039844088348327 
1.5672506545696654 1.5895238870557484 1.603997651606347 
1.5670869730382302 1.5895218851355455 1.6040066219635065 
1.567864172271404 1.5896499927475236 1.6039649176274209 
1.5678462625423994 1.5896318318195515 1.6039342563305319 
1.5675536839993622 1.5895364803894998 1.6039975865732017 
1.567533691945005 1.5894815322733726 1.6040062746398553 
1.5673653871850177 1.5894263837467126 1.6040182901643494 
1.567358332143718 1.5894709314775524 1.6039886711387754 
1.567381398885321 1.5895813308470492 1.6040079055793421 
1.5676775880171343 1.5896345463374115 1.6039748333278716 
1.5675122359048796 1.589636855721156 1.6039416981716066 
1.5667838448662768 1.589448138644323 1.6039030341719063 
1.5669233495454817 1.5894993850240295 1.6039125959800125 
1.5672450396055009 1.5894622046518043 1.6039218419518146 
1.5671048442285926 1.5893657323839103 1.603884122058664 
1.5665206666322669 1.5893053276275633 1.60390278164192 
1.5663820321288495 1.589230186262742 1.6038745824815934 
1.566933546408527 1.589308094807476 1.6039333540016034 
1.5671899775225153 1.5893203289692193 1.6039420667029511 
1.5664715815198338 1.5892241363329291 1.6039593716651201 
1.5667275241682166 1.5892960149511368 1.6039197928575102 
1.5667057041289179 1.589247754112375 1.6039282450696553 
1.5669546245642745 1.5893032688307078 1.6038893444873243 
1.566678673880252 1.5892117759910334 1.60394837684295 
1.56623893135021 1.5892013718466491 1.6039099439712103 
1.566528731211052 1.589242171253532 1.603917971543429 
1.5668085838286023 1.5892870942341148 1.603934496682546 
1.5668079092801461 1.5893117312860938 1.603905212222987 
1.5666721734262161 1.5892381336477657 1.6039661116986348 
1.5670739748898685 1.5892863502605306 1.603977843080107 
1.567229990117525 1.5893315252120765 1.6039892204062616 
1.567825554286017 1.5894981812211608 1.6040043808519446 
1.5674529660861005 1.5894829637421093 1.6040112086819185 
1.567345169882095 1.5894982140318703 1.60406512435644 
1.5667247766515038 1.5894322445667135 1.6040409314425312 
1.5668732170312718 1.5894835267604992 1.6040086773274602 
1.566722575430783 1.5895557696969742 1.6040271157120427 
1.5664685406531618 1.5895914088495244 1.60408372631513 
1.5662156616705936 1.5895720892196166 1.6041013704535756 
1.566595875022588 1.5896693960772268 1.6041111579355682 
1.5667401748714616 1.589711066263731 1.604117157402179 
1.5669653739090754 1.589792969547529 1.6040896018997868 
1.567061290850195 1.5897979338662074 1.6040548275677857 
1.5671572700553165 1.5897472002180335 1.604027544003458 
1.5670338286456518 1.5896315233678986 1.603993401970478 
1.567029186175867 1.5895876644062805 1.6040038078858747 
1.5668996268358149 1.5896371034706647 1.6040103488259825 
1.567255077031799 1.5897607547867394 1.6039875114880373 
1.5673243740268215 1.589821584642904 1.603961076373806 
1.5672039813312768 1.5898777033161555 1.6040141223183544 
1.5676140242145513 1.5899760353830186 1.6040269100212918 
1.5678314224848555 1.5899869689055295 1.604043362831213 
1.5678036322214506 1.5899255956580758 1.6040495749105008 
1.5677727414255078 1.5899292090963322 1.6040939498855757 
1.5678878070268232 1.5899954832310303 1.6040614918228464 
1.5677637593823268 1.5899878663400053 1.6040775196328625 
1.5674373147199443 1.5899365601903976 1.6041247196886468 
1.5676486898508668 1.5900248236602814 1.6041670866573872 
1.5671153686570594 1.5899452907040788 1.6042190702232175 
1.5674311227117776 1.590056439614739 1.6042638347224178 
1.5673211488065824 1.5901002918191582 1.6043103714524314 
1.567527585131176 1.5901436723990086 1.6042824511409113 
1.5677265154201228 1.5902490563348792 1.6043218327388553 
1.5678331564280517 1.5902061622197259 1.604294138061234 
1.567722807543033 1.59021568753837 1.6042979175696952 
1.5681351184025314 1.590284300133885 1.6042732603325711 
1.5685131538064052 1.5902996494417339 1.6042771094973167 
1.5679880136369422 1.590257383302527 1.6042526232133678 
1.567765268348819 1.590205149579794 1.6042626562870632 
1.5674663355960035 1.5901990409496367 1.604272435096767 
1.5673829112080984 1.5901893190909138 1.6042478382263998 
1.567083907157273 1.5901866742224766 1.6042899520650136 
1.567573488970147 1.5903132981676134 1.6043328469185103 
1.5670862987724272 1.5902991671801086 1.604336139177157 
1.567193725774145 1.590341936363315 1.6043449655666107 
1.5674797923062234 1.5903784786049362 1.604348086451185 
1.5677588278142682 1.5904174619366949 1.6043566239013507 
1.5679459842997205 1.5904342928252029 1.6043642088992613 
1.5677557527902055 1.5904471489301337 1.6043770993712383 
1.5680187033907789 1.5905221351500014 1.6043843798931317 
1.5684538415140539 1.5906313118874276 1.604396958591001 
1.5687836441900875 1.590724034209041 1.6043773751580996 
1.56867316181705 1.5907712759318378 1.6043804244823772 
1.5686564128624996 1.5907437270731664 1.604383377251024 
1.568093768569746 1.5906738673699725 1.6043914918870508 
1.5679980093026953 1.5907001424144416 1.6043942928200132 
1.5679887257218708 1.5906447466623326 1.6043659786661921 
1.5684324074759983 1.5906720843896243 1.6043739483123487 
1.5685113777108637 1.5907094699593434 1.604407376596817 
1.568212094800446 1.5906706516437044 1.6044142832024695 
1.5686318501789378 1.5907990332555442 1.6043915603152317 
1.5684486460134477 1.5907700298267615 1.6044286491385262 
1.5681720075740113 1.5907163975381355 1.6044651204805482 
1.5681727179079132 1.590721645671701 1.6044469003819581 
1.5684345166292646 1.5907475989810163 1.6044787668004754 
1.5686876079629726 1.590788784950007 1.6044514239531222 
1.5687478272001592 1.59081114936908 1.6044334914446035 
1.5686281230531331 1.5907938488570506 1.6044065073866025 
1.5682983659648608 1.5907568315533815 1.6044089630711356 
1.568298673561228 1.590769583990507 1.6043862684350143 
1.5685216698458606 1.5908091404785525 1.604417709594685 
1.5684290299053039 1.5907388529810453 1.60442392407569 
1.5684865265963932 1.5907347530000053 1.6044261546273535 
1.568892702477526 1.5907812121153455 1.6044618396658832 
1.5688184410848685 1.5907813523865353 1.6044356390064836 
1.5690595045454017 1.5908347105961442 1.6044468238855372 
1.5694537195402551 1.590898104454173 1.6044538935718815 
1.5696758543865623 1.5909283968762185 1.6044598756574844 
1.569834696526624 1.590990446194982 1.604470734667128 
1.5694947290775159 1.5909782708703 1.6044499320404235 
1.569725032226245 1.5910400832817357 1.6044244251721371 
1.5696914785863698 1.59105751736397 1.6043990889013298 
1.5698236451636491 1.59108955008297 1.6043785887355377 
1.5699465083164477 1.5910918313995916 1.604385575969803 
1.5697695228695976 1.5910273676684914 1.604391888169179 
1.5698306396780932 1.591027703495285 1.6044026069659196 
1.5699746854063448 1.591057730467644 1.604377848403401 
1.5697932112072617 1.5910168913604397 1.6044072272344434 
1.569936193772701 1.591018542664922 1.6044094379078584 
1.5700084185645313 1.5910233287547009 1.6043932993684396 
1.569911632605484 1.590995247855793 1.6043993445052316 
1.5696549302249547 1.590984445563419 1.6044097606966763 
1.5698474451313058 1.5909819869640305 1.6043855979750894 
1.569891977467206 1.5909446927900135 1.604365127537341 
1.569878575884469 1.5909177042050096 1.6043412653698605 
1.5699337018987958 1.590892414914468 1.6043472747754772 
1.5697564554021812 1.5908397867528747 1.6043498132701113 
1.5698504556534856 1.5908250443946772 1.6043262785915577 
1.5696887882260533 1.5907904183256627 1.6043028918987667 
1.5696259157961339 1.5907647125798037 1.6042796519817104 
1.5694517618948884 1.5907518500379296 1.6042868196602473 
1.5693854551726476 1.5907585149197954 1.6042671834478686 
1.5694207960598368 1.590802652197326 1.604295604253772 
1.5693525708146812 1.5907914959143075 1.6043026112581433 
1.5695485545238257 1.5908847725215438 1.604338265448681 
1.569742430187615 1.5909420704309587 1.604323138382317 
1.5698735894222706 1.5909750456443992 1.6043079443259933 
1.5699620419015987 1.590968587157086 1.604338998415432 
1.5701515023150254 1.590997682876072 1.6043196232392078 
1.5702393422776368 1.5909862238734986 1.6043264296167845 
1.56997285724476 1.5909554993746653 1.6043331064308686 
1.569805180481076 1.5909280729747677 1.6043180172908404 
1.569993009395539 1.5909738483628053 1.6043277287188777 
1.5699832781803615 1.5909896896359867 1.6043125356078094 
1.5699710970066165 1.5910242509968295 1.6042935070867894 
1.5700006065177488 1.5910208447841536 1.6043001941072317 
1.56999078210529 1.5909812611197973 1.6042784306198614 
1.569924586702782 1.5909894540705571 1.6042879909222512 
1.5698170439727284 1.5909967737679733 1.604266415742487 
1.5699025809427218 1.5910232994638467 1.6042759240022237 
1.5698895405876236 1.5909968858181922 1.6043031711199989 
1.5697434831490735 1.5909928979800978 1.6042854176580783 
1.5695853451392472 1.590931383608476 1.6042670202182276 
1.5693819467858203 1.590905665866901 1.604273544394615 
1.5691022826828722 1.590873143339372 1.604258753485546 
1.569078465953326 1.5909021474088054 1.6042439159844 
1.569126853023969 1.590918483570814 1.6042263481689096 
1.568920876231613 1.5909125439677525 1.6042328184705694 
1.568983526901234 1.5909370361203987 1.6042121328900747 
1.5686525121315171 1.590861891367257 1.6041946694783424 
1.56890015732225 1.590887698654233 1.6041772151808977 
1.5686971109823529 1.5908632744731812 1.6041596496475303 
1.5687652535321401 1.59088132118423 1.60416615022937 
1.568958397508985 1.590915934021064 1.6041932708555176 
1.5689387178391232 1.5909147992878299 1.6041788255042908 
1.5689126895258059 1.5909332840993347 1.6041587604223413 
1.5687155311049392 1.5909010574217997 1.604167882432758 
1.5689060179254004 1.59092352708055 1.60417417951435 
1.5689003168109532 1.5909500887302883 1.6042064200649433 
1.5687689073690272 1.5908979125029885 1.6042328111557278 
1.5686405946186066 1.5908698375143662 1.6042387311211797 
1.5686902025254648 1.5908547071902561 1.6042216504236564 
1.5684765240363132 1.590817367025314 1.6042276876515622 
1.5683294659760005 1.5907639247445284 1.6042080690580884 
1.5682065680616188 1.590722152346816 1.6042139493171188 
1.5683431586204366 1.5907454965755687 1.6042199535061432 
1.5682689132333454 1.5907713727968313 1.604203291316337 
1.5681941775571118 1.5907560459585515 1.6041893172008987 
1.5681936888540258 1.5907615416087557 1.6041952496653935 
1.5678804292888362 1.590732612622185 1.6042209078333183 
1.567879149388301 1.5907614529284326 1.6042293579665394 
1.5679266140686017 1.5907929069990903 1.604212797170266 
1.5679780043175124 1.590824172724325 1.604240605156283 
1.5678573198283372 1.5908003006163431 1.6042488730906121 
1.5681500601995464 1.5908532533850248 1.604254626533586 
1.5680783645481862 1.5908393350782624 1.6042381583113752 
1.5681930227292322 1.590834788869805 1.604221702883744 
1.5681188652929734 1.590790622636384 1.6042466528159478 
1.5682364199515013 1.5907657456600754 1.604230267348959 
1.568109481549553 1.5907574245869047 1.6042138956131167 
1.5682929664307 1.590789706475594 1.60420031229387 
1.5684068908596518 1.5907964691144494 1.6041839872763797 
1.5681421310632615 1.5907614844510654 1.6041893397127454 
1.5683233073190133 1.5907655024399279 1.6042161309132013 
1.5682542017359373 1.5907290197493615 1.6042435030967215 
1.5681844271938483 1.590705006319896 1.6042493220823912 
1.568294680604793 1.5907597045639887 1.6042311010985317 
1.5682763618043032 1.5907495584933429 1.604215688023134 
1.5682041984676451 1.5907488378905863 1.6042208788705028 
1.567957958908023 1.5907454397946548 1.604249768074265 
1.568137046629505 1.5907437319935984 1.6042736369732506 
1.568072706865944 1.5907206946432664 1.604276457051826 
1.567936572027999 1.5906927662792874 1.6042813248313734 
1.5676893819091178 1.590647889938753 1.6042654580559763 
1.5674416490845062 1.590633961802299 1.6042682753829363 
1.5673767657650495 1.5906104105533179 1.6042730400389407 
1.5671441432899547 1.5905905735651462 1.6042757859763197 
1.5671341478087568 1.5906047152440341 1.6042804529138055 
1.567084034906908 1.5905955600488162 1.6042860334890405 
1.5672011311015064 1.5906368233695454 1.6043108258496712 
1.5669614025977756 1.5906133846566397 1.604298078665923 
1.5668894279713088 1.590594387362525 1.6043226456961612 
1.5668303688688967 1.5905761924998134 1.6043070068182306 
1.56670958790165 1.5905525745087137 1.604289617566344 
1.5668178203017882 1.590553531297415 1.604292236816823 
1.566674390455967 1.5905580556813592 1.6042948126181784 
1.5668535639420458 1.5905977670510894 1.6042991773380926 
1.5668424899045097 1.590589863606691 1.604321321913231 
1.5667704113583312 1.5905838909903216 1.6043255333580841 
1.5668166516445872 1.5906028532180503 1.604330938684091 
1.5669692099352412 1.5906420762708753 1.6043350971569512 
1.5670739776576341 1.5906642655005163 1.6043210649719644 
1.5671902790851464 1.590676614833161 1.604326390598613 
1.567407496973581 1.5906899022810308 1.6043316394288312 
1.5671744772828342 1.5906451576635243 1.6043368125121167 
1.567046558781143 1.5906778557397 1.604321852654945 
1.5670581027569275 1.5906737129431332 1.6043097145411382 
1.567229844027327 1.5907095284537471 1.604293014339834 
1.5673419330200837 1.590735576487344 1.6043000654655626 
1.567464551848483 1.5907852833083158 1.6043215541368523 
1.5673029049684766 1.590760866312753 1.604323908492845 
1.5672352902854212 1.5907819968382177 1.6043289947567356 
1.567402209672284 1.5908244945620091 1.6043143410981415 
1.567232358210119 1.5907981391175785 1.6043381779124077 
1.5670050749145492 1.5907406020964507 1.6043217548048947 
1.566903643194502 1.5907036228449614 1.604305403890515 
1.5667454135881944 1.590670998225392 1.6042909657319646 
1.5668570809370974 1.5906871626543664 1.604276539638933 
1.5667441027667768 1.590686325648318 1.6042992827724514 
1.566586621330332 1.5906453080570286 1.6043033519624519 
1.5664863896645693 1.590650728255935 1.604307362645398 
1.5665197696160789 1.590644714048906 1.6042941209399144 
1.5663427735341946 1.5906174322251303 1.604279775157241 
1.5662222954511489 1.5906029160714499 1.604283796690319 
1.5662324023773062 1.5906061749659977 1.6043060130451254 
1.5662412637475165 1.590584410513182 1.6042901503056106 
1.5660208864526655 1.5905690592006745 1.6042925030133348 
1.5663320026306375 1.5906117341715686 1.6042782859410534 
1.5662218034306816 1.5905768006948906 1.6042806591519996 
1.5662247535295968 1.5905817105436977 1.6042874002179086 
1.566369883054018 1.5906149569985102 1.6042912307262447 
1.5663587817755042 1.5906288110160565 1.6042935461569423 
1.5661439414821112 1.5905981417700552 1.6042973068418391 
1.5660705744468375 1.5906048857422022 1.6043010148483476 
1.5662139468918403 1.590621310020854 1.6043032639922858 
1.566041823579012 1.5905915502001027 1.6042878339305182 
1.566043774637272 1.5906024210300425 1.604310606136197 
1.5661094834883464 1.5906036667241157 1.604315666738389 
1.5662714021702602 1.5906232849876119 1.604320661882528 
1.5660471065375734 1.5906053302713168 1.6043053572627404 
1.565940986790342 1.5905703624739953 1.6043103177457407 
1.5659431952911467 1.5905808889786601 1.6043140181793258 
1.5659963013493987 1.5905761145834576 1.604316130414602 
1.5660945233637484 1.590611568446336 1.604319765371313 
1.566055144232373 1.5906107392480484 1.6043074733793061 
1.5661072392071513 1.5906367780217319 1.6042924248256998 
1.566056387130001 1.5906390448718633 1.6043160092695592 
1.565795473994918 1.5906027071274147 1.6043180840166713 
1.56595408957398 1.5906228928018908 1.6043228918561496 
1.5657479900239244 1.590600146120694 1.6043264912473754 
1.5656041412955843 1.59057795076517 1.604328500262547 
1.5655134670023805 1.590548824569952 1.6043136485440206 
1.565725450750078 1.590588470449981 1.6043003998476406 
1.565822249369797 1.590603326270082 1.6043052212675828 
1.5660184752996134 1.59063041099087 1.6043072633023947 
1.5662260176887939 1.5906639303505539 1.6043120047142096 
1.5662277064138406 1.5906933811687805 1.6043333010960559 
1.5662892179800172 1.590704781169239 1.6043213121271462 
1.5661872640249057 1.5907058288129179 1.6043249053321962 
1.5663795476287328 1.5907173428375339 1.60434595386643 
1.5661401768068917 1.5906821397703224 1.6043520880661202 
1.5661820768352177 1.590705043254257 1.6043581734304817 
1.5661324792842946 1.5907033671596227 1.6043805501082826 
1.5663223113919986 1.590723644362866 1.60438489282732 
1.566362803880455 1.5907379616582606 1.6044028615267178 
1.56644902589629 1.5907508827719214 1.6043925907812397 
1.566488911932209 1.590783562228689 1.604412076991247 
1.5665411108345717 1.5907977180698105 1.6043976835456362 
1.566333993279527 1.5907568664799971 1.604384936657607 
1.5663240722818192 1.5907413734949127 1.6043882446578377 
1.5662634851469524 1.5907306571229312 1.604389980375386 
1.566344105691834 1.590737198105066 1.6043942625485852 
1.566307310016388 1.5907194503978679 1.6043816242146451 
1.566359510570768 1.590704212618694 1.6043674841180815 
1.5664110324489502 1.5907212283776944 1.6043891776535548 
1.5663128937946353 1.590694961228996 1.6043776117052124 
1.5663147270709308 1.5906779701679703 1.6043833860896013 
1.5662675615653867 1.5906737986470143 1.6043851313590396 
1.5661318822121766 1.5906513638792927 1.6043726677169723 
1.5660287249056914 1.5906387887689224 1.6043769066758238 
1.5659821425739306 1.5906536298497789 1.6043826160694974 
1.5661095121782465 1.5906797255128413 1.6043687419451387 
1.5661112482211548 1.5906545251043704 1.604357321045772 
1.5662552914499688 1.5906780058037535 1.604359132492088 
1.5661522604429714 1.5906553022219128 1.6043453853151424 
1.5662959814193798 1.5906547899102192 1.6043472002892099 
1.56610657395731 1.5906308399386018 1.604335902201678 
1.5662494489374328 1.5906380176914556 1.6043400667425713 
1.5663421877619925 1.5906660917182645 1.6043264694444161 
1.5661903734028035 1.590646172180198 1.6043283089182283 
1.5662281549929429 1.5906348072077372 1.6043147892746603 
1.5663507129891592 1.590671413825527 1.604334232349347 
1.5662605727819654 1.5906760641679973 1.604320765210677 
1.5664040453810282 1.5907159100752324 1.60434169020921 
1.5664977308691137 1.590722743171608 1.6043585673979937 
1.5664500999752757 1.5906963776676482 1.6043602387870406 
1.566450547739343 1.5907095646975884 1.6043618869224572 
1.5663699415579182 1.590689395808602 1.604348535249846 
1.566462371592915 1.5907255405093745 1.6043667822315977 
1.566462832135358 1.5907423861350878 1.6043723640811107 
1.5666020331681523 1.590787883195219 1.6043607009272112 
1.5667274447640107 1.5908187256610862 1.6043474742125112 
1.5664647935354015 1.590774317296943 1.6043678726664148 
1.5663774697937816 1.5907672376346604 1.6043694747742028 
1.5664214717486582 1.5907506797157709 1.6043710547168182 
1.5662520224451393 1.5907291768550196 1.6043872630786282 
1.5663878906728792 1.5907422064304346 1.604391100871016 
1.5664774824119336 1.5907379707079645 1.6043819606453908 
1.5663971692619165 1.5907501194871951 1.604401957672383 
1.5664398523348428 1.5907804011608857 1.6044034270535943 
1.5664310044032683 1.5907812884830996 1.6044087946999597 
1.566299495651699 1.590762403423867 1.6044269347161384 
1.566289122293159 1.5907504374573258 1.6044139429893227 
1.5661928502003881 1.5907397252279838 1.6044169911275743 
1.5662801899274978 1.5907516501624483 1.6044343095359648 
1.5662028577300213 1.5907625518574136 1.6044229787427378 
1.5663701699366865 1.5907945688750407 1.604410108835968 
1.5662468456466576 1.5907652160450403 1.6043988276563652 
1.5662845057672727 1.59073625267077 1.6044167886029599 
1.5661958227803208 1.5907324010807864 1.6044040098845165 
1.5661173224247262 1.5907284633632364 1.6043950931605988 
1.5661092041245865 1.590716030271793 1.6044129374676492 
1.5663201948155117 1.5907408875261586 1.6044165699666868 
1.566232081463253 1.590726528746537 1.6044335709828823 
1.5663467158816011 1.590723732069444 1.6044371367474024 
1.566254925606552 1.59069565695865 1.6044266903961755 
1.5662124749932715 1.5906906991249556 1.60441408782661 
1.5662648141031017 1.5907122008247634 1.6044154657493257 
1.566360372305899 1.5907158804168469 1.6044306919373172 
1.5662399396419162 1.5906928568260925 1.6044336062249338 
1.5661980167180412 1.590673081878267 1.6044348935104784 
1.566077692128842 1.5906361572881482 1.6044361623962224 
1.5659086036206624 1.590582397562549 1.6044374130851828 
1.5658998490867728 1.5905864533251128 1.6044561589334472 
1.5661064998720478 1.5906389654686304 1.60446119209276 
1.565904687643565 1.5906270097529984 1.6044503786716766 
1.565702840784899 1.5905875697959817 1.6044531665668602 
1.565854728907373 1.5905922082777446 1.6044543793421069 
1.5658898547423117 1.5906096850569478 1.604469060766762 
1.565804917948098 1.5905756127681923 1.6044567523603184 
1.5658516422917736 1.5905635383014323 1.6044444835642755 
1.5660886315357487 1.5906037572229184 1.6044344822868093 
1.566057881707143 1.5905949612301915 1.6044356973162013 
1.5661838035160929 1.5906246250765916 1.60444070002603 
1.5661266451539309 1.590623678994202 1.604444087422638 
1.5661191131285443 1.5906287783591515 1.6044474384541307 
1.5661090520439673 1.5906309178166353 1.6044486135741973 
1.5661014181899415 1.5906316217204441 1.6044497719469597 
1.5661842537479929 1.590627667587712 1.6044377084435888 
1.5662614448627314 1.590642689158417 1.604440498400436 
1.566341076588158 1.5906467923588816 1.6044300872381978 
1.5665386105428265 1.5906835905220882 1.6044181210910575 
1.566530296481811 1.5906712720582887 1.6044077512741592 
1.5665311287146393 1.5906659999109252 1.6044089947803193 
1.5665367099095278 1.5906670062974426 1.6044248472214875 
1.566580746196499 1.5906750282538267 1.604414507453025 
1.5665361619278193 1.5906947562423106 1.6044172185979304 
1.5665055395584446 1.5906857746893204 1.6044199000034192 
1.5665689664347169 1.59069112143279 1.6044081181959757 
1.5665269549028407 1.590696585160781 1.6044093368455452 
1.5665755567971078 1.5907122777792684 1.6044271672187125 
1.5665221923336814 1.5906935211480313 1.604430558259523 
1.5665849680383288 1.5907162950470846 1.6044331869455881 
1.5665855639476258 1.5907255760947971 1.6044251694026603 
1.5664367044349805 1.5907127923846343 1.6044285429731477 
1.5665160712308104 1.590736247834511 1.604420520382011 
1.5665473130409946 1.5907584114059439 1.6044231537441471 
1.5665088920411145 1.5907479037120087 1.6044371063968634 
1.5666992516459668 1.5907660173705167 1.6044255366018252 
1.5666546643049457 1.5907600917576281 1.6044303033320135 
1.5665069367738176 1.5907448234857262 1.604447718084667 
1.5665791802939766 1.5907616662791209 1.604450251824697 
1.5663516937416002 1.5907231692759627 1.6044513731486991 
1.5663217375168388 1.5907302832405914 1.6044412860429442 
1.5663244945005492 1.5907272401269488 1.604443785790589 
1.566331755639506 1.5907282103228528 1.6044345418949442 
1.566222139456738 1.5907140160907032 1.6044392056834176 
1.566361628867779 1.5907356941232509 1.6044403591457215 
1.5664372199535626 1.5907667999012014 1.604430349293504 
1.5665041860949835 1.5907577270128024 1.6044190344340568 
1.5664226662612684 1.5907404867975292 1.6044098851573387 
1.566469140828819 1.5907364153228738 1.604411098098528 
1.5665018891784859 1.5907417721162278 1.604401193261638 
1.566542527940849 1.5907504474869216 1.6043934112033313 
1.5666133808457783 1.5907648911809862 1.60438224330061 
1.5666568313625495 1.590768017970341 1.604385614383303 
1.566435265630996 1.5907449141535712 1.6044005591553803 
1.5665806716771375 1.590774374083629 1.6044038770921556 
1.566420896769738 1.5907699266905584 1.60440716308058 
1.566486612708205 1.590786311481522 1.6044104174067384 
1.566669176569025 1.5908100369167433 1.6044136403537994 
1.5666300745804267 1.590809357625114 1.6044181919700995 
1.5666318283001461 1.590809147180518 1.6044091422411921 
1.5666028309574163 1.5908384665902227 1.6044117008207515 
1.5665357867178615 1.59083499266573 1.604412904941929 
1.5664687847998415 1.5908281969200262 1.6044052461798148 
1.5665384644626092 1.5908245879170628 1.6043943107928487 
1.5664287917830415 1.5908118524728532 1.6044089987425059 
1.5663230083572233 1.5907890685458623 1.6044101987471817 
1.5662136827846773 1.59078526441398 1.604426743714498 
1.5659972649157619 1.5907680630620933 1.6044418824303883 
1.566041351216425 1.5907715236997142 1.6044323339848923 
1.5659609569651263 1.5907641322416972 1.6044334694181797 
1.565991393816049 1.590777438180459 1.604449821090924 
1.5659500438223382 1.5907802194875198 1.6044390008612956 
1.5660908655258028 1.59079357154047 1.604428211349997 
1.5659133055890933 1.5907708436631807 1.6044306454215507 
1.5659730776147665 1.5907765170325976 1.6044218667699566 
1.565862382404382 1.5907746189844563 1.6044143847530374 
1.566002261613924 1.5907938725961326 1.604403698797043 
1.565854989318539 1.5907665354357423 1.6044068071496937 
1.566063207521244 1.5908043024238048 1.6043974520609994 
1.5659900814955185 1.590789401058147 1.6043999261082564 
1.5660223607516088 1.5907999250853637 1.6044023759395791 
1.5661603485097058 1.590819420535277 1.604405495102664 
1.5661958809479488 1.5908323447495307 1.604398078563774 
1.5661683869361744 1.5908200450665466 1.6044011784011594 
1.566105186993911 1.590796329954654 1.604392517811346 
1.5659538324200812 1.5907947717979813 1.6043832668473086 
1.5660639762453923 1.5907957096648115 1.6043740203449517 
1.5660562626588057 1.5908033895772493 1.6043783508447844 
1.5659938032099059 1.590801224485985 1.6043808148117988 
1.5660288159714435 1.5908067230138125 1.6043704119026172 
1.5660960848160386 1.5908123502963984 1.6043735409713307 
1.565962499921923 1.590793737817607 1.6043649990904814 
1.5658193131412228 1.5907705203862954 1.6043576494658183 
1.5657863869281539 1.5907631768968076 1.6043607553134132 
1.565681751012575 1.5907519427777388 1.6043620723396819 
1.565641625166695 1.590743355042799 1.6043761402858523 
1.5657368453518017 1.5907627870901941 1.6043901204810784 
1.5659100108404989 1.590788053697679 1.6043913501152673 
1.5657422057667245 1.5907543985429775 1.6044058306626157 
1.5657735519211264 1.5907675238019117 1.6044082134639455 
1.565631702093636 1.5907500712401947 1.6044111930244744 
1.565633856237739 1.5907577632383032 1.6044267316917953 
1.5657422829148855 1.5907664652030504 1.6044177075587425 
1.5659414142423358 1.5908147326029902 1.6044313721586367 
1.5658029365886472 1.5907828763175247 1.6044324930819982 
1.5657679214666607 1.5907807623716046 1.6044347743859637 
1.5658399295306793 1.5908039105724758 1.6044482762961858 
1.5657772154768073 1.5907947585624056 1.6044411104209597 
1.565666299078171 1.5907922340312526 1.6044328031553456 
1.5656038163769026 1.5907770620882586 1.6044469168346542 
1.5655915276781895 1.5907781598491535 1.604459152248227 
1.5655292906658163 1.5907649291178467 1.6044490637718543 
1.565560585630109 1.590776736033827 1.6044390019490615 
1.5655976294975562 1.5907860160037681 1.6044289666897793 
1.5656065462930826 1.5908026658191612 1.6044318426554147 
1.5656791859191759 1.5908242941216606 1.6044230240747757 
1.5656200271932228 1.590832733150325 1.6044363463476343 
1.5654822923416858 1.5908197971853764 1.604429319595831 
1.565448448967426 1.590828784511036 1.6044321883489239 
1.565353586708384 1.5908164562535476 1.6044361867866677 
1.565356385116691 1.5908157893208572 1.6044262727545324 
1.56521928731895 1.5907873366815186 1.604438345754871 
1.5652231494001623 1.5907766761115343 1.6044302104317412 
1.5650892081642467 1.5907497016242793 1.6044330226571797 
1.5651263793391437 1.5907387152991652 1.6044369867036585 
1.5650199447430033 1.5907173477128616 1.6044506585692075 
1.5651178035358506 1.5907304377070042 1.6044533897490376 
1.5651607674479942 1.5907430697606832 1.6044572944024063 
1.5651559083397613 1.5907313567520098 1.6044595066890424 
1.5651868315017152 1.590732160666556 1.604460531367812 
1.565129569864224 1.590729440044679 1.6044723162837375 
1.5652598390111878 1.5907405293070553 1.6044749825271623 
1.5652271121160835 1.5907351909944505 1.60447714863996 
1.5652300330154427 1.5907299683022498 1.6044809848581751 
1.5651376658567702 1.5907209093045045 1.604483120997572 
1.5652090480718996 1.5907242882671573 1.6044745587327898 
1.5651377288384607 1.590734147716785 1.6044766751850448 
1.5651062287700646 1.590719588786288 1.6044681167229176 
1.5650740088875947 1.5907113538157105 1.6044691110294769 
1.5652290465156056 1.5907492106256238 1.6044818133215324 
1.5651965359604934 1.5907452594402485 1.6044827659931542 
1.565385700678893 1.5907855771863373 1.6044848147964115 
1.5653619773716034 1.5907843752877795 1.604497374683767 
1.5654914731293372 1.5908097569454924 1.6045087708553993 
1.5654616541600195 1.5908154506490866 1.604520090481908 
1.5655280587666545 1.590831325409982 1.604511606418451 
1.5656272027626565 1.5908344694932233 1.6045228675828405 
1.565522161869778 1.5908320766401207 1.6045265777996922 
1.5655617230162724 1.5908376558685795 1.6045170320887967 
1.565532309340241 1.590835957850128 1.604509273120732 
1.5654108415759902 1.5908179797204784 1.60450261058921 
1.5653683334978075 1.5908020622036372 1.6045034884417273 
1.56539503347767 1.5908060509477628 1.604516414568799 
1.5654561866953518 1.5908100680844124 1.6045183575900805 
1.5653925388532504 1.5907762699940393 1.604519190205115 
1.5653634978365214 1.5907929734855124 1.6045114876972277 
1.5654903133513893 1.5908209058087261 1.6045048875152732 
1.565615006679062 1.5908539944191173 1.6045057515068044 
1.5657718288861373 1.5908766739682456 1.604497461938866 
1.565804434193557 1.5908774123191463 1.6044881059860185 
1.565836591351324 1.5908902822692805 1.6045002806595743 
1.5659086124907136 1.5909097802531378 1.604502208108277 
1.565910303127542 1.590912690358622 1.6044946160486433 
1.566033400488381 1.5909368859663133 1.6044954886313563 
1.5661293911855205 1.590940682157872 1.6044980621444882 
1.5662823372304442 1.5909801520371691 1.6044999948779295 
1.56630969811781 1.5909867023978403 1.60450191024513 
1.5662104775053542 1.590966561174271 1.604503808378306 
1.5662741615415916 1.5909589756592766 1.6045147103007025 
1.5663322851655193 1.5909611103523467 1.6045072119435524 
1.5662691695663877 1.5909598212034277 1.6045097502886991 
1.56629610708378 1.5909766201268192 1.6045122677184034 
1.5663571896633117 1.5910018555151422 1.604505835404755 
1.566302623026362 1.5909770635014022 1.6045083391712227 
1.5662038521796275 1.590959579065389 1.60450025491705 
1.5662061238485547 1.5909458046196978 1.6045011061967538 
1.5662426449897118 1.5909549803040632 1.6044947003849745 
1.5663287513966386 1.5909668989741772 1.6044972062514224 
1.5662726387302541 1.5909493865922326 1.6044980640726234 
1.5663644571713733 1.5909679720011394 1.6045005436032875 
1.566480217823444 1.5909917002471743 1.6045024568675537 
1.5665331906026763 1.59099325167959 1.604493409473108 
1.566561223005757 1.5909935469055356 1.6044860013250424 
1.566621752576699 1.5910078504953158 1.6044967296061452 
1.5664998152748573 1.5909960187335237 1.604507390277237 
1.56650093094443 1.5909870606911485 1.6045098167636662 
1.5663570834579936 1.5909665060895066 1.60451061598489 
1.5663583619682597 1.59097198803052 1.6045016421380152 
1.5663948904845975 1.5909644673390428 1.6044942930488848 
1.5662738217808823 1.5909396493325638 1.60448694376678 
1.5663001058653618 1.5909366499416993 1.6044780287399927 
1.5663587340519252 1.5909315154018127 1.6044804459313282 
1.5662465193090633 1.5909309011592312 1.6044936885540775 
1.5661278793594688 1.5909348430358046 1.6044971798851684 
1.5661875445302442 1.5909493590150894 1.6044894110003272 
1.5661586679920805 1.5909536569708669 1.6045014731977054 
1.5661042316698675 1.5909408596533523 1.6045022834230536 
1.5661222262443926 1.5909444019243792 1.6045057394921585 
1.5661585263634672 1.5909601522801253 1.6044980109037972 
1.566129766904945 1.5909490002765976 1.6044988289786892 
1.566154225697166 1.5909652383720414 1.6045022704363643 
1.5661482017141948 1.5909564399419882 1.6044934881855881 
1.566116006941806 1.5909455567716277 1.6044969231945827 
1.5660939440619979 1.590951363695208 1.6044988173390384 
1.5661434996217547 1.5909615341321748 1.6044915998425406 
1.56619926971069 1.59098111326676 1.6045019725358909 
1.5662886896761083 1.5909785814824993 1.604502774955103 
1.5663163118428853 1.590975535288675 1.6044951451450358 
1.5663949819921401 1.5909928525582053 1.604506968555512 
1.5665603745155632 1.5910221526105308 1.6045103519804909 
1.5666706256892025 1.5910480890480136 1.6045137191154362 
1.5666648227527298 1.5910579006433776 1.6045155664196786 
1.5667823326790509 1.5910848826622475 1.6045173982829624 
1.566860962897002 1.5910996230401868 1.6045181746386246 
1.5668608140639535 1.5911081976007506 1.6045095465036365 
1.5668382383482995 1.5911071445830285 1.6045034933469027 
1.5667219855982364 1.5910873341096017 1.6045042927915838 
1.5666304001499145 1.5910738704472416 1.6045154842703302 
1.5666549865831967 1.591073857834729 1.6045162515696352 
1.5667085525234423 1.5910792124185846 1.6045087182624316 
1.5667085486169947 1.591069870131767 1.604509493602821 
1.566645591868575 1.5910595184532375 1.604511284766547 
1.5666173009008684 1.5910619306343459 1.6045228616016556 
1.5666416727351844 1.5910664574039524 1.6045328464451225 
1.566557573784876 1.591031554536444 1.6045335576303084 
1.566535404817675 1.5910032168146704 1.604534260902211 
1.5664732264254864 1.5909915795393434 1.6045257687377734 
1.5665889327156726 1.5910018335163119 1.6045172952015683 
1.5665902036535617 1.590989522273235 1.6045103733772463 
1.566567996469744 1.5910007011078986 1.6045044992682134 
1.5665160119774313 1.590998611152834 1.6044971099050835 
1.5665684981429615 1.5910234887926114 1.6045080620229806 
1.5665335411453993 1.5910262590642812 1.6045098217124207 
1.566556645108959 1.5910270166991873 1.604503961579709 
1.5665346520220282 1.5910185819987397 1.604506238347691 
1.5664772879173046 1.5910180551716042 1.604517608248718 
1.5664482876515446 1.5910206995427925 1.6045299436259879 
1.5665258765053207 1.591038603014369 1.6045230750314876 
1.5664908179688033 1.5910274750891873 1.6045338773681823 
1.5663791747364266 1.5909951288528419 1.6045355913206454 
1.5664092108559275 1.590997836327123 1.6045468077103917 
1.5664862982349326 1.5910173060740491 1.6045499898150268 
1.5665129251428342 1.5910335356651382 1.6045441563735576 
1.5666184809931456 1.5910541247843297 1.6045368478483604 
1.5665833494159394 1.5910465128866225 1.6045300331896153 
1.5664728538437356 1.591039436666327 1.6045421862203035 
1.5664196093670661 1.591047212005751 1.604543873366831 
1.5664971749245726 1.5910517847797827 1.6045535188041162 
1.5665817633074617 1.5910705446796864 1.604555175214951 
1.5666075973917202 1.5910718426097754 1.604557321455257 
1.5665798907323818 1.5910708517775454 1.604557990718358 
1.566552600353008 1.5910764288935761 1.6045685060134778 
1.5664742272496393 1.5910655788338788 1.60457012256935 
1.5664750961052734 1.5910588447866019 1.604580558868095 
1.566529774988254 1.5910616903918056 1.6045821354335774 
1.566530160023423 1.591068452963106 1.6045915399587267 
1.5665839180696817 1.5910803957379316 1.6045848590772454 
1.5665779706110123 1.5910777152778508 1.6045781777249448 
1.5666748654387967 1.5911017052866223 1.6045724610735268 
1.5667785785051345 1.5911319545268579 1.6045740498377465 
1.566829264354647 1.5911454000548704 1.604577099043623 
1.566780236011755 1.5911363963272789 1.604580134421492 
1.5666498384625416 1.5911150785329808 1.6045822197897768 
1.5665632660597206 1.5911090279438032 1.6045755590770299 
1.5667161262666642 1.5911421406597324 1.6045688981697546 
1.5667387895661895 1.5911492853851912 1.604560829030912 
1.5666830873947366 1.5911522194315937 1.6045624401762328 
1.5666335437473353 1.5911483543949843 1.6045631003899208 
1.566605671376998 1.5911383391019012 1.6045550683920022 
1.566657871225242 1.5911488892539376 1.6045484676575885 
1.5667816569143753 1.591181389845263 1.6045500898036975 
1.566826855439237 1.591194996512691 1.6045516991420607 
1.566778472930669 1.5911788640791489 1.6045451314539154 
1.5666501419245922 1.5911596114162871 1.6045394931278465 
1.566701449910899 1.5911657169374425 1.6045497568576985 
1.566703447412333 1.5911636289623232 1.6045527557999384 
1.5665982480956229 1.5911568659239608 1.604545721782096 
1.566599371271868 1.5911533318634752 1.6045464156788483 
1.566678938307618 1.591160836142289 1.6045480012472026 
1.5668069685256047 1.591178407332202 1.6045581539514693 
1.5667012092401869 1.5911595584267857 1.604569681637523 
1.566625191684417 1.591159387442363 1.6045788619070405 
1.566647605290065 1.5911740463747264 1.604573274550163 
1.5666000682423127 1.5911661309313572 1.6045662729275991 
1.5664675217920947 1.5911570899454812 1.604566927180573 
1.5665669490523615 1.591170969621259 1.6045783596542809 
1.5664913164097263 1.5911632497407024 1.6045798598433152 
1.5665630090531018 1.5911841646245886 1.6045804879659618 
1.5665158942204898 1.5911874562896144 1.6045833960205949 
1.5665382171844127 1.5911942825430203 1.604584017368809 
1.5664611197043607 1.5911817776332033 1.6045953374435427 
1.5663639625562336 1.5911732521914659 1.6045959358144628 
1.5663101408170228 1.5911618117572672 1.604597941597055 
1.5662835522579295 1.5911558243186357 1.6045924210080764 
1.566285165421739 1.5911550520151865 1.6045846428159245 
1.5662865976327303 1.5911657533198673 1.604576880073643 
1.566310111385093 1.591169251656347 1.6045783662907502 
1.5663044177750212 1.5911598250443864 1.6045789867417624 
1.5664304610535806 1.5911812143904216 1.6045726528898978 
1.5664873976372378 1.591194131489582 1.6045649384456082 
1.5665161231955589 1.5911851383763291 1.6045572392564822 
1.566496628504269 1.5911854085687458 1.604550413209359 
1.5663882146338102 1.5911712146953279 1.6045435896244118 
1.5663420547649374 1.5911651138712333 1.604535936135571 
1.5663910127723566 1.5911708908509787 1.6045374528152923 
1.5663929400552759 1.5911638997230986 1.6045403513826892 
1.5663190343822824 1.5911510766511001 1.6045424120641318 
1.566313850324532 1.5911650605274754 1.6045513621294256 
1.5663418861467657 1.5911758949239552 1.604554233270655 
1.5662413856037367 1.5911572767325963 1.6045548841069395 
1.566222420215337 1.5911482849693335 1.6045472908758636 
1.566100274127372 1.5911248026110147 1.6045570060534495 
1.5660537661915024 1.5911153919353336 1.604567229326407 
1.5661035264739978 1.5911220675902815 1.6045760245905494 
1.5660037386229522 1.5911079392145469 1.604587016850206 
1.5660058699756814 1.5911203650175327 1.6045884437023807 
1.566007421210785 1.591132486942963 1.6045831068327587 
1.566110417786779 1.591156249138595 1.604576934199807 
1.5661598402708166 1.5911781790598094 1.6045775374229314 
1.5662620644307612 1.5912025368898302 1.6045722127383442 
1.5662102268342806 1.5911845900453978 1.6045728248316404 
1.5661915248447167 1.5911811871176973 1.6045742629125548 
1.5662141211253482 1.591182880810306 1.604574866397785 
1.5662152502339892 1.5911774064345674 1.6045754637521445 
1.5660951497771598 1.5911619253390445 1.6045782567128795 
1.5660230165388138 1.5911573625820388 1.6045890934450242 
1.5659990512531445 1.5911472275684002 1.6045985288649895 
1.5659477619058886 1.5911283011924346 1.604592431778201 
1.5659295657670764 1.5911237323536154 1.604594356119917 
1.5658101311964776 1.591118860298026 1.6045869156032446 
1.5659322695993128 1.5911339003796996 1.604595483279651 
1.5658531582540864 1.591120158016269 1.6045960380038657 
1.565876231788372 1.5911212391659444 1.6045899715906073 
1.5658990818386607 1.5911368414092386 1.6045927170036631 
1.5659671820497234 1.5911518756433127 1.6045941157348982 
1.5658958635155154 1.5911302803333665 1.6045946733145595 
1.5657513501097817 1.591096710196629 1.604595225076825 
1.56575336602758 1.591088516849686 1.6045979540250994 
1.5656363617175226 1.5910719036015022 1.6045985000065635 
1.5657124088932426 1.5910766142779003 1.604591147835205 
1.5658004886482402 1.5910902452223168 1.6046004145185246 
1.5658282854699532 1.5911077954601767 1.6045952528815781 
1.5658705557545245 1.591119976984134 1.6045887499340332 
1.5659182524231516 1.5911324997478309 1.6045993264350633 
1.5659656527828276 1.5911497297293395 1.6045941610493373 
1.5659398519963434 1.5911467840529911 1.6045960452800294 
1.566052124287092 1.5911641459932027 1.6045974086744685 
1.5660729706683107 1.5911662520352605 1.6045901299123386 
1.5661405739500296 1.5911750520503396 1.6045836616360285 
1.5661878180392679 1.5911798366512246 1.604584234811896 
1.5662140289667286 1.5911933312193984 1.604585594841822 
1.566284581700165 1.5912025313976454 1.6045861601302982 
1.5662552700260177 1.591186307613422 1.604580261745003 
1.5662305562707104 1.591175584624899 1.604580831762877 
1.5661995951960155 1.5911627429254307 1.604581396135052 
1.5662019278654402 1.591171248941871 1.604582753167763 
1.5661590153126488 1.591166079388352 1.6045854318613415 
1.5661857703305757 1.5911687616214243 1.6045859884350453 
1.5662758371925705 1.5911720008781827 1.6045942564220181 
1.5662701371023646 1.5911571331780303 1.6045870849542687 
1.566290433820499 1.5911659039549466 1.6045889538144897 
1.5662459709033696 1.5911645049676177 1.6045916157024975 
1.5662671559855583 1.5911742796381982 1.6045844710934256 
1.5663133999596541 1.5911839186540435 1.6045850157895152 
1.5663343777096699 1.5911783999813363 1.6045940134856127 
1.5663105977300658 1.5911693592155831 1.6045882130994022 
1.5662866420996497 1.5911808772315317 1.6045971836775432 
1.5662690204517036 1.5911777659857833 1.6045998196081916 
1.5662265030704732 1.5911717109217671 1.6045935083602028 
1.5660878291787368 1.5911431141450245 1.6045940380909942 
1.566158652306333 1.5911513647489168 1.6046029423942125 
1.5660400484453578 1.591141712913273 1.604595867988639 
1.5661305179079872 1.5911510941581493 1.6045888063367726 
1.5660383900731842 1.5911304702133136 1.604590654142828 
1.5660841819052682 1.5911371979420978 1.6045836118268142 
1.5661298756691733 1.5911446206954243 1.6045930084821367 
1.5660629229187415 1.5911471395325263 1.6045867720021376 
1.566039262899465 1.5911439134162866 1.6045805375158781 
1.5661291742966221 1.5911590441899324 1.604581846261457 
1.566131489587769 1.591153155938946 1.6045761638154734 
1.5660192468288292 1.591126820986164 1.6045855322533062 
1.5659265466200663 1.5911042151063768 1.6045785506155912 
1.5658962581634892 1.5910891853231988 1.604571581441556 
1.5658287916523128 1.5910730384631082 1.604573419741139 
1.5659382370865451 1.5910779298913647 1.6045677537498775 
1.5660070033061366 1.5910852304354226 1.6045628741025446 
1.5659161757232687 1.5910669761204024 1.6045559461534613 
1.5658485806392126 1.5910522370572677 1.604549806863222 
1.5658016159786494 1.5910391107342805 1.6045511558682457 
1.5658467367266287 1.5910477454412557 1.604552495557352 
1.5657303140152055 1.5910282203894657 1.6045543484273876 
1.565801757577836 1.591047115583303 1.604548224205284 
1.5658280925303172 1.5910417036364777 1.604541354710331 
1.5658113414913317 1.591033242528636 1.6045419452809435 
1.565807492560042 1.5910328087105374 1.604543284253733 
1.5658330907358464 1.591035220301832 1.6045458925875575 
1.565835058800794 1.5910397716096507 1.6045403237515918 
1.5658560257744996 1.5910550583331164 1.6045342405125784 
1.5658152497439717 1.5910411971797225 1.6045348433859 
1.565748979222591 1.591032971504282 1.6045367035793285 
1.5656390221603131 1.5910223753569634 1.6045306448693721 
1.5656841851014816 1.5910247980990504 1.6045312495971953 
1.5657480923740335 1.5910319279490261 1.6045244692186647 
1.5657877626165986 1.5910383017368848 1.6045196913074706 
1.565715228248284 1.5910310065719446 1.6045222913352832 
1.5656939097949214 1.5910361230789452 1.604516262527858 
1.565670059622482 1.5910274219545175 1.6045181361843208 
1.5655861809738107 1.5910107925685133 1.604511402531343 
1.565521342383319 1.5910059777892873 1.6045127571314854 
1.5654564445324595 1.5910059654207236 1.6045226890912643 
1.565429242938418 1.5910064723548518 1.6045240209782994 
1.5654321307238823 1.5910109394081935 1.6045246369866684 
1.565341115190524 1.5909906758003696 1.6045264920090463 
1.5653878914004253 1.5909985571202205 1.6045278153931728 
1.5653458881373825 1.590977707392415 1.604528420882661 
1.565304964754588 1.590963340283943 1.6045290212739225 
1.565301837970062 1.5909616149659105 1.6045296165974612 
1.5652860195364973 1.5909504298128838 1.604524195131813 
1.5653114813256606 1.5909479204435109 1.6045247942189738 
1.56526939384448 1.5909517717289257 1.6045326221863982 
1.5653101894203905 1.5909603744834828 1.6045351737671905 
1.5652035690382937 1.5909555743068748 1.6045369875091784 
1.5651878536039638 1.5909614816955115 1.604530354427579 
1.5651721556539193 1.590956434731492 1.6045328971824968 
1.5651066667051716 1.5909503401498724 1.6045413968054252 
1.5651507030829637 1.590953814977948 1.6045498624441814 
1.56511156625609 1.590947633814803 1.6045511353060982 
1.5651583252557368 1.590956037369509 1.6045445317979714 
1.5652283184237494 1.5909660320174221 1.6045463303583305 
1.5651891832728948 1.5909492447497624 1.6045468853049107 
1.5652141296871656 1.5909507623199015 1.6045486700805853 
1.565252098067345 1.590952946119145 1.604557060909688 
1.5652292335642726 1.5909500330147541 1.604565418418026 
1.5651892440157409 1.5909378876189888 1.604574264190019 
1.5652354470298722 1.5909478432757065 1.6045838080971033 
1.5653394149393565 1.5909587000902627 1.6045862659830388 
1.5653180663135695 1.59095517984796 1.604587482998717 
1.5652534308365738 1.5909462927276983 1.6045879754486658 
1.565256453885564 1.5909445477299264 1.6045826619684909 
1.5653439083168441 1.590961253181026 1.6045773480356527 
1.5653884056592786 1.5909746680152304 1.6045715433911165 
1.5653912117315878 1.590977984536887 1.6045657405323412 
1.5654110515690207 1.5909801706283921 1.604566970624664 
1.5654113777998817 1.590979625123099 1.6045764348123037 
1.565472524374046 1.590985178350611 1.6045769457404435 
1.5655151059048715 1.5909814379616125 1.6045851446880763 
1.5654949055229177 1.5909713793656983 1.6045863359437613 
1.5654722250398203 1.5909711427133713 1.604588753735465 
1.5654932839825357 1.5909867421106259 1.6045968946140192 
1.5655370621919467 1.591002605419002 1.604598057747706 
1.5655806012715656 1.5910176514249021 1.6045928284580797 
1.5656250824233537 1.5910192173054227 1.60459454201352 
1.5656444630913398 1.5910207485781007 1.6046019500581665 
1.5656469773775543 1.5910159201244984 1.6046024173965305 
1.565626755684818 1.5910152146314585 1.6046035744218654 
1.5657148814789321 1.5910263597846037 1.6046047236923486 
1.565686922925995 1.5910218923570074 1.6046071021352286 
1.5657691966703973 1.591046857284533 1.6046163515631002 
1.565746663081438 1.5910532238443174 1.6046236622802668 
1.5657487580557992 1.5910476771590492 1.6046240961747023 
1.5657968891326552 1.5910494791064849 1.6046264466069728 
1.5658974530629088 1.5910560987522164 1.604627557693141 
1.5658518066864104 1.5910506128795978 1.604622389252358 
1.565871586416715 1.5910612702292322 1.6046240481861052 
1.5659371676548124 1.5910784547706605 1.6046256973168174 
1.5660190171575685 1.5910899309215587 1.6046268162929902 
1.566037638886045 1.5910907944894404 1.6046211240158548 
1.565998565850376 1.5910863986719421 1.604628355828074 
1.5658975610279626 1.5910753434184208 1.6046355553576317 
1.5658532219445962 1.5910705352521266 1.60462988086439 
1.5658152243602599 1.5910675922963606 1.6046377342211222 
1.565862617377005 1.59107559053157 1.6046448829924267 
1.5659045300838974 1.5910877870559745 1.6046459521076364 
1.5659408569577935 1.5910950527301166 1.6046475799571682 
1.5660039354499944 1.5911057115305698 1.6046491982151108 
1.5661069084116774 1.5911170880055625 1.6046495836648047 
1.5661090006123821 1.59112240010204 1.6046439486192559 
1.5661093546845466 1.591115021981715 1.604644339164985 
1.5659863150797368 1.5910905049263413 1.604638039309439 
1.5658988758870804 1.591073361601921 1.6046317494859719 
1.5658142103415071 1.5910565894478386 1.6046261454164519 
1.5657535911284155 1.5910399794959296 1.604627779854864 
1.565732031873628 1.5910349684473901 1.6046288603730876 
1.5656270470428741 1.5910207190451957 1.6046311589105104 
1.5655844847538485 1.5910119256082345 1.6046382141412157 
1.5657052306315364 1.5910316702949463 1.6046319638782216 
1.565785609102615 1.5910475034110938 1.6046408899112354 
1.565741365219015 1.5910452601565397 1.6046424954940404 
1.5658038546616404 1.5910506047315613 1.6046428794954588 
1.5657040293373787 1.5910387914131499 1.6046498606148416 
1.565599752813212 1.5910174602655953 1.6046502268303502 
1.565562519374803 1.5910071446134564 1.604652495087454 
1.5654855661920013 1.5909983721964 1.6046594269547179 
1.5654813255589426 1.591009369033993 1.6046670171706598 
1.5655237712756045 1.5910150895258035 1.6046627139105842 
1.5655881988171454 1.5910145485504423 1.604656514797225 
1.5655461702441433 1.5909995256530747 1.6046568687425045 
1.5655267199074068 1.5909965512990558 1.604650685499493 
1.5654679146160952 1.590994342032159 1.604652940039951 
1.5654482135300702 1.5909861412079782 1.6046532965746794 
1.5653673422288723 1.5909685091182928 1.604661373937587 
1.565431655768572 1.5909801858853552 1.6046552131480265 
1.565495733558075 1.5909860149816257 1.6046574557746913 
1.565452276971911 1.5909775700850841 1.6046578027149059 
1.5654152636403158 1.5909668265657546 1.6046581460045273 
1.5654134337581098 1.5909590165689256 1.60466038113403 
1.5654708078939965 1.5909733498307643 1.6046607209365873 
1.5655718073011313 1.5909889419024517 1.6046617432387056 
1.5655961921123085 1.5909942334867335 1.60466207827166 
1.565498469830079 1.590981596457779 1.6046578556998987 
1.5654792796131596 1.59098529172666 1.6046581969337919 
1.565460081058148 1.5909864617710705 1.6046539798312118 
1.5654455307587591 1.590986649400254 1.604655522787867 
1.5654043692565232 1.5909788556073252 1.6046565462069662 
1.565422126547255 1.59098170582621 1.604657562921193 
1.5654401033051577 1.590976844930983 1.6046591016450167 
1.5653603782077443 1.590961574052224 1.604659442139925 
1.565241625489221 1.5909509881538277 1.604660453303326 
1.5652833130911403 1.5909511848407079 1.6046619833012525 
1.5653076301205675 1.5909590067862327 1.6046635046269624 
1.5652715841477274 1.5909527683256213 1.6046638359543266 
1.5653279376876856 1.5909739875752766 1.604670524151261 
1.565422900542602 1.590986944270909 1.6046644881283751 
1.5653650007738626 1.5909765737476103 1.604673027436754 
