0.0 0.3755676480814567 1.0397207708399179 
0.8675632284814612 1.1641200236424656 1.3579778549873245 
0.923840705630872 1.1295835958704132 1.3261058289572614 
0.9012262508973273 1.1295905149771948 1.3976460561128872 
0.9456265295441996 1.174900827529298 1.3799859772365857 
0.9493756939617898 1.1571742969951102 1.345528503539621 
0.9802243141498874 1.1624208895974593 1.3390952643900016 
0.9683760381530021 1.1462922667171624 1.3332910067430093 
0.9755326540452338 1.1498482790466622 1.3332884958527855 
0.9976140257544251 1.170878764912825 1.3360120858685185 
0.9894968053121325 1.158036265601159 1.3288611353847744 
0.992713870700209 1.1667618205700505 1.3255822555596204 
0.9949236325717751 1.1758619010118996 1.321397665663032 
1.0081274503273567 1.176370175511416 1.3238941460988418 
1.011246503628917 1.172683516842125 1.3177002760486003 
1.0169698933297258 1.1711534410052087 1.3190633410209596 
1.0230682951200614 1.1757209312126802 1.34292409259856 
1.0239287996389363 1.1913459104611008 1.3402217622662465 
1.023382879277896 1.1947602717338002 1.340488100311461 
1.022881541103244 1.201809979454264 1.3381597067069446 
1.0187215037890267 1.2005837509835042 1.3473167098996612 
1.0219929405264678 1.2029527987141146 1.3450295480993775 
1.027067668391635 1.2090321961589774 1.347524083255732 
1.03072325078648 1.2113024822044833 1.349258371153792 
1.0300668932208836 1.2160203802627847 1.3616105638931588 
1.0576280611385418 1.217530925487638 1.3587872123625289 
1.0589016261609696 1.2172770465295382 1.3567405238382522 
1.059892923466333 1.2205206226793448 1.3625608436122456 
1.0639568511561515 1.2186279917337475 1.3618850646716023 
1.0661870214431284 1.2163587855137024 1.3614205205318552 
1.06632654011885 1.2174590966580765 1.3641467173664907 
1.0678518267105122 1.2160046987647113 1.3639803125062815 
1.0677022586961034 1.21217125719525 1.3624976034147234 
1.0673661463613697 1.2123564534877305 1.3593311817713134 
1.067622217110277 1.2106870094262434 1.358888411557143 
1.0648539366636003 1.2095601857363432 1.3560436093932782 
1.0666390192865154 1.209999803717284 1.355723402637416 
1.0644104901489155 1.2108860129365886 1.356731747295536 
1.0638678293224937 1.2098191792513657 1.3575911161581895 
1.065718297670951 1.209503596508675 1.357286582707175 
1.0637091520228361 1.2091673304965256 1.353623657858808 
1.060645004370724 1.2064649583792117 1.3512101802037761 
1.0600344147237788 1.207215448311713 1.3475984637530853 
1.0594278377554254 1.2089632485557904 1.3473511737083315 
1.057795950036862 1.209332039836302 1.3473933813356518 
1.0583317899049003 1.2130499315387453 1.34929195368318 
1.058654130532687 1.2180675702021457 1.3521949756249882 
1.059580471884818 1.2269022970001702 1.363748374641966 
1.0588679163364714 1.2321657759224496 1.372203716507768 
1.0594874379201829 1.2323699271776078 1.3699053763444153 
1.057300814562922 1.2309869375818696 1.3686448809602556 
1.0542784600302486 1.2287819044965471 1.3682044189445324 
1.0529366189590053 1.2280732613317955 1.3686636136551895 
1.0508155284045735 1.2270742283619147 1.3663910245279336 
1.0505779987614705 1.2262804317188813 1.3634532089451945 
1.0502658043684128 1.2249081209606887 1.3604250261748547 
1.0465016714128854 1.224535178418561 1.3585122883070493 
1.0547991160371293 1.227988591235078 1.359553850160772 
1.0552562688282783 1.2270118703678952 1.3584396672351338 
1.052305452826224 1.2251186558896436 1.3581777532279302 
1.0493766068159354 1.2247192379248142 1.3598485578909036 
1.0472614120275623 1.2230713608414407 1.359721780221281 
1.0451664910662246 1.2212698398497048 1.3594460131083137 
1.0458901299505603 1.2207343899632004 1.3585325155943162 
1.044062487115594 1.220245322806852 1.3577543174266011 
1.0438255039848519 1.2206827465754508 1.35754188057278 
1.0428084439009924 1.2202678354666077 1.3574522254364507 
1.0408613273192429 1.219521985773394 1.35648856318795 
1.0396843668955742 1.2193594390810296 1.3557851368348266 
1.046820758138178 1.2193553007879212 1.3569134228903172 
1.0448368201188876 1.218695160347818 1.3619895493261105 
1.0442809522647822 1.2184454765128458 1.3699770764186392 
1.0437039998441409 1.219338802866216 1.3780840613419771 
1.0434018445728874 1.219758915739803 1.3858636884129534 
1.0424862940837716 1.2212613895651467 1.3875535608185476 
1.0418738660465279 1.2211748083528644 1.3897658792512422 
1.0403154229809854 1.2204032600863157 1.3918185959250655 
1.0394638256589663 1.2206273739849895 1.3979115446892518 
1.0376773008944202 1.2214481817320733 1.403794521615305 
1.0381267411738284 1.222029439305754 1.4051776724619311 
1.037608315834735 1.2211224150951456 1.4089532685932071 
1.0370761731294607 1.220990747873257 1.4094167418706405 
1.0375360880203284 1.221872807838191 1.4133640774132925 
1.0357575084313102 1.2215225320941705 1.4158397763040158 
1.0346944808043155 1.2211372689386912 1.4161052924907325 
1.034877040088517 1.2211072838812413 1.4193859831790305 
1.0329510213888093 1.2203743509569485 1.4210996697743916 
1.0310627004281412 1.2198766385940343 1.420997381130289 
1.0318085049466859 1.2198651286187543 1.42135976135937 
1.0308465758274394 1.219531615802713 1.4224075020094638 
1.0304769528751092 1.2188757341341838 1.423245870909063 
1.02927262053213 1.2178774627484998 1.424123628874614 
1.0286522665316977 1.2175136338864223 1.4266056734764638 
1.0272085948710348 1.2167511216623956 1.4293163344021105 
1.0263409865450144 1.2163599342684006 1.4308658936582943 
1.0243889821088357 1.2155410223441767 1.4303886293990482 
1.0246526792052542 1.215666335641506 1.4312826835632837 
1.0243289410809022 1.2149594585227959 1.4308758875744252 
1.0229678464163616 1.2138728224693955 1.4301822738333017 
1.0208488480056785 1.2127175566038175 1.4291311320880729 
1.0213570380573258 1.212310756507304 1.4296475013649688 
1.0195208402422136 1.2114441218240235 1.4312910366992102 
1.018221256834142 1.2107147108279084 1.4312405807220374 
1.018043038003516 1.2102076355639533 1.4311757402402807 
1.0175758923121463 1.2099143159497834 1.4315652250736233 
1.0188762558491602 1.2097246161494486 1.4310058453028698 
1.018588534413018 1.2087425635471316 1.4307796973714904 
1.0177989478122975 1.2080766739016524 1.4310381876119902 
1.018567798418503 1.2085926477374531 1.4313956763541087 
1.0184010277545787 1.208011454717583 1.4330120151248158 
1.020359155921327 1.2085045085915316 1.4347065739593758 
1.027882485393687 1.2106215817948622 1.4345035419987124 
1.0273855766288071 1.2100072190690017 1.434292724704919 
1.0275907290876511 1.2099803670712233 1.4353877619688782 
1.0261954841904117 1.2092074567693214 1.4359925906713473 
1.025271333339927 1.2095389701786206 1.4361562102817056 
1.023466744592179 1.2087552982355403 1.4375676913691682 
1.0223347088786265 1.2081629450900775 1.4375707035303924 
1.0227440363270421 1.2078193474238865 1.436860540445768 
1.0223087484047713 1.2074607813623452 1.436032390256516 
1.0214450283790741 1.2067854589847273 1.4356152800924993 
1.0214188258319052 1.2064200602039057 1.43479176879777 
1.021147550861629 1.2065403339307963 1.434818401673721 
1.021666855274105 1.206635935901987 1.4341073569241582 
1.020587729856559 1.205922561537864 1.434169454810044 
1.0204342459390894 1.2057221295282123 1.4341231465949376 
1.0199860795480853 1.2052348539304982 1.435182904706937 
1.0210182094342457 1.2052669194588592 1.4350038521159718 
1.0209763700061307 1.2051759971024354 1.434486491420405 
1.0195374943675761 1.2045671513298253 1.4339689789378578 
1.0194013748221333 1.2045003031740515 1.435024149373831 
1.0192643163720279 1.2041330306951248 1.4344619607703468 
1.0182625865730484 1.203663720657416 1.4344714449645979 
1.0182431587658383 1.2034375737747374 1.4341095108635815 
1.0174946485122396 1.2034512403013826 1.4340502669920707 
1.0179943758841383 1.2036644474182654 1.4331599844874006 
1.0186926545568737 1.2033381773203633 1.4324346962876828 
1.0191676218400456 1.2040714830047112 1.433349335684397 
1.0176902228998088 1.2034317683363882 1.4338703593271154 
1.0175690226168201 1.2030718227577606 1.4334919090977432 
1.0168603462396202 1.2032781439926301 1.4343283101529862 
1.0161601923795343 1.2029035977284344 1.435419724263947 
1.0176795600284 1.202933284780554 1.4346802255451578 
1.018682438094294 1.203736686479748 1.4350067593840126 
1.0185453607968422 1.203312192416338 1.434646887341556 
1.0193349497946231 1.2029083365214774 1.4346120503291617 
1.0200587942136687 1.202696460781248 1.435360788756169 
1.0207598361951584 1.2024849865753775 1.4354800037913251 
1.0227694677983223 1.202316638481904 1.4357543055536082 
1.0234071485987715 1.2020399877922585 1.4353142780230184 
1.0245018300394428 1.202463023482284 1.4351652581247187 
1.0257354838021286 1.2033585190136677 1.43534985110561 
1.0263011918394587 1.2032578752538297 1.4347812356838552 
1.0280575774362934 1.203945155464758 1.4349192062388583 
1.0290006929899125 1.2043861552950736 1.4347595277753404 
1.029687676481482 1.2038472943686542 1.4347107845194242 
1.0306875175847396 1.2037416505310046 1.434215486948249 
1.0312385722950863 1.2035518956524665 1.4340769068752441 
1.0321513954194366 1.203518045535952 1.4336594844443864 
1.0327776448164068 1.2037475020144783 1.433167349038741 
1.034224879587352 1.2037606290212781 1.4329306076264912 
1.034588180923377 1.2041909714425965 1.4334193820666392 
1.0349385793269539 1.2040962572462788 1.432695039925599 
1.0360957586788473 1.2041549923610482 1.4326070198137681 
1.0376763926863322 1.2041843042063427 1.431741492383115 
1.0385436954380682 1.2045397698508387 1.4305737776021885 
1.0388287793125388 1.2043725352307035 1.429860478950077 
1.0391029449482063 1.2047606933064547 1.4303827433986638 
1.0394707953373739 1.2041906189273135 1.430283061270483 
1.0397172072172898 1.2036878340000459 1.4295092466981902 
1.0400068123917359 1.2036471548422465 1.4280019217160707 
1.040492580777756 1.203883760060345 1.4273068426485418 
1.0412579521105307 1.2039689234688633 1.4268341368486979 
1.041228350157811 1.2036247820618824 1.4263529250131444 
1.0414347181814723 1.203215446812611 1.4256020984227695 
1.041665593498335 1.202884560870185 1.4251634001860065 
1.0416480100363987 1.2023196909481049 1.4247256298262 
1.0415950104711893 1.2019406151636973 1.4245508639280884 
1.0422930068703806 1.201823616678895 1.4244256556278398 
1.0432431259531063 1.2019500482028787 1.4236376553934709 
1.0468507556048943 1.2025736021813092 1.4249507623548032 
1.0474898136176352 1.2026008621712108 1.4253979755519262 
1.0478403778001246 1.2023803425232074 1.4243206213570354 
1.047948956814662 1.202335648448364 1.4241704436514566 
1.0485521806562095 1.2020729590073784 1.424012264033124 
1.0490740623756163 1.2021646606347007 1.4239348057227943 
1.0494388201547025 1.2017004707903935 1.4237704063591368 
1.0497109488173295 1.2014950299006801 1.4236905317304411 
1.0493734272611617 1.2008829481215684 1.423813144514691 
1.0494364535659035 1.2005778105431626 1.4236781395630498 
1.0497869725728448 1.2002836391827505 1.4232534891434705 
1.0494538523437345 1.2000399060138363 1.4233491818474602 
1.0493048467567627 1.1997699324593545 1.4229781506463972 
1.0493448508214975 1.19939058894257 1.422761164732727 
1.0498372557004574 1.1990604972795142 1.4223927834130492 
1.050326717483386 1.1992700678642594 1.4219776989960584 
1.0508019618233508 1.1990122294749284 1.4218903185979384 
1.0506580401126182 1.1988790473146893 1.4214790496414862 
1.0509763993099204 1.198588894179442 1.4210728195274822 
1.0509712665199813 1.1985064023621772 1.421445019351253 
1.0509819852262057 1.1984549855135562 1.4213546325505857 
1.0509638442637261 1.198765376742124 1.4216682096319295 
1.051536135143388 1.1988437808786048 1.4225439098597745 
1.0525629873503195 1.1994071890826712 1.4223126379809519 
1.0557876381967661 1.200125590366563 1.4215036295059016 
1.0557569719357567 1.2003151356395825 1.420569569407025 
1.0555921408678413 1.1999799144664576 1.4201774210512994 
1.0558628224167614 1.199786072122777 1.4198259967049083 
1.0557915887535487 1.1994239309355368 1.4193863484167615 
1.0555535623561845 1.1989657702694627 1.4193024272507415 
1.0553899259586483 1.198449170288387 1.418916097514006 
1.0552273113095028 1.197963485510365 1.4185308381084982 
1.0551462621771948 1.1979923284963816 1.419112157864909 
1.055173000351032 1.198173947170192 1.4187219208288582 
1.0583955080852974 1.1986278182345231 1.4191229074637215 
1.061066789480779 1.1994076876378428 1.4192743587267285 
1.060886011824069 1.1994278694344271 1.4190401047798138 
1.0611811807562246 1.1991071890396494 1.418448886510552 
1.061261125365263 1.1987169855820823 1.4179733307756435 
1.0610891899855412 1.198248409596064 1.4180367866563302 
1.0610084069251011 1.1978880235461928 1.4183464542847601 
1.0607799443613577 1.1973792394930443 1.4182218667440631 
1.0609571756487697 1.1969785481452302 1.4182738229781806 
1.0610373446515828 1.1965312230118468 1.418284280264553 
1.060810473881295 1.1961387859063786 1.4185676443035071 
1.0607115558316926 1.1960032982383608 1.4177159046598315 
1.0609645926364937 1.1957536711249572 1.4172049116113756 
1.0608703420173033 1.1956239719223412 1.4168750831173014 
1.0605578481700495 1.1952995140754 1.4165469019528332 
1.0603830059117973 1.1949679973160368 1.4157084952145695 
1.0602092683711686 1.1945660089755716 1.4157168963297515 
1.0605058794500146 1.1946178866990373 1.4159838698916816 
1.0604300159107687 1.1943374889788232 1.4152830756558972 
1.0602727944708676 1.1943856562624748 1.4156134127789364 
1.0601001547078643 1.1943543026648205 1.4158370913749658 
1.0600082448488244 1.1941432840922324 1.4149565319835211 
1.059836820870571 1.1937291465684439 1.4144083966522265 
1.059666476166965 1.1936245996835082 1.4140950969003012 
1.0599460583155886 1.1936522417497968 1.4135511130322362 
1.0597759757981722 1.193499728928901 1.4130932232488664 
1.0600445427095675 1.1936970967175136 1.4122903016174975 
1.0599844490958485 1.1940254792140867 1.4119864198150556 
1.0598045686874016 1.1939577140154833 1.41179037630853 
1.062163173791968 1.194044114682153 1.4120372697445467 
1.0624080915499918 1.193772376820435 1.4119439797661435 
1.0622328978087547 1.194007429596859 1.4122648333732637 
1.0619926390261765 1.1941339436436416 1.4119645895087247 
1.0668475903518284 1.195377297605995 1.4118677339028285 
1.0667069642944291 1.19523116559212 1.411547729554507 
1.0668134778217657 1.1951355360412614 1.4114000539248117 
1.0666424163691899 1.1949781537018533 1.411655670565351 
1.066388334105424 1.1947423182859052 1.4117866702929756 
1.0661729750946853 1.1946077498312042 1.411085339099941 
1.0662391755855274 1.1943771846590503 1.4102965207489118 
1.065913585661361 1.1941339681925927 1.4102033719029803 
1.0656929370800807 1.1939982358658452 1.4103160685692389 
1.0658663178020704 1.1938771092887959 1.4102211039719554 
1.0659344654679626 1.1936075768377017 1.4096898801953857 
1.0657570239577772 1.1933240344821745 1.4094901895394718 
1.0655085555975197 1.1927792973908926 1.4094108729020904 
1.065129827927646 1.1922884141091326 1.4093271382446222 
1.0649145444572548 1.1920718408100794 1.4093492654495094 
1.0650682707292534 1.1917716991722478 1.4090202110884464 
1.0652379932399505 1.1916331592894078 1.4088224469505448 
1.0651146253349275 1.1920209361057414 1.4090298376969046 
1.0695294108812634 1.1932712054365047 1.40893636922731 
1.0696823913690614 1.193524828084539 1.4094892541009727 
1.0694446619900195 1.1934560693212735 1.4091596953061774 
1.0691880410483086 1.1932868258287124 1.4090485794528465 
1.0690088492948675 1.1929790325513236 1.4087566054242533 
1.0686786209107713 1.1927978501109489 1.4086787198902488 
1.0687717510984132 1.1926475357062731 1.4084644868318208 
1.0685462693974477 1.1925598085128022 1.4081918318484674 
1.0686324487265082 1.1928743319623571 1.4082642080804129 
1.0684576647836268 1.1926754982330157 1.4082290763941567 
1.0682942941042948 1.1927186681486186 1.407943068657279 
1.0681307833924274 1.19302366964107 1.408674825872053 
1.0682902719436536 1.1929677535955636 1.408561664913569 
1.068032312878416 1.1926674564083979 1.4082398347535419 
1.0681822771153795 1.1923809084640116 1.4081271907085942 
1.0683304895950174 1.1922077854326105 1.407624802131691 
1.06816043765793 1.1921214924475305 1.4074451275418727 
1.06792763980747 1.192408787119555 1.4076890225007834 
1.0676864684192509 1.1922680859139922 1.4079049202846232 
1.067446915000644 1.192095603683178 1.4080992393812701 
1.0672029445448832 1.1917534370781682 1.408106545520619 
1.0668762890708787 1.191507667299776 1.4080947870127167 
1.0669455397994392 1.1911137938768988 1.4079811234056783 
1.0667828733922613 1.19085757986204 1.407915384507829 
1.0665373123871158 1.190628367775168 1.4078019058437816 
1.0663766856425705 1.1903886151111447 1.4077162059624209 
1.066140640091148 1.1902167317252634 1.4074571372629616 
1.0658978078460253 1.1900021574287258 1.4067804824437153 
1.0660430260272586 1.190446598044248 1.407640909341354 
1.0657833312148641 1.1907514209896424 1.4086442139042799 
1.0659328567078072 1.190725928966597 1.4083877179108917 
1.066080756168983 1.1906453334189169 1.4082929883572448 
1.0660656819295244 1.1904001152442227 1.4082948334802667 
1.066109371735014 1.19027163113533 1.4078866190286576 
1.0661724674756181 1.1902841829685682 1.4072925067782664 
1.066303525904061 1.1906792481741628 1.4075481559983865 
1.0661497661786492 1.1910616121003679 1.4081856288847598 
1.0659704306327804 1.1915284657199627 1.4084110333605286 
1.065788912361817 1.1917359457488947 1.4083585906576073 
1.0655225069493024 1.1915538916370858 1.4079691350791732 
1.0653548715708865 1.1913654595680196 1.4081368255666278 
1.0653772412227773 1.191101565241068 1.4078894101931618 
1.0651033286977618 1.1911147078217286 1.4079752051512064 
1.0648941441906579 1.1909298016355492 1.4075464067917491 
1.064642519208686 1.191152951721135 1.4074840591683937 
1.0646803401861866 1.1910545088959237 1.4071776294721892 
1.0648001427390934 1.1912934909118496 1.40687260268349 
1.066476613892024 1.1918890345626287 1.4073264893706312 
1.0665894751454472 1.19196373097268 1.4070707205457773 
1.0663320743020406 1.1920667887480856 1.4066943423143827 
1.0664692999042567 1.1919274446188077 1.4063174672380196 
1.0662972030194642 1.1917027987871578 1.4058751763015995 
1.0660125435549468 1.1918200215682209 1.4057820206639944 
1.065868983586171 1.1916460096732586 1.4053557828558552 
1.0656975978460288 1.191313026472399 1.4052735547275435 
1.065499576176152 1.1909517858065797 1.4052007509909143 
1.0653583603476675 1.1908566577219664 1.4052550421231318 
1.065133888413725 1.1905974283051473 1.4051663824644989 
1.0649105117442228 1.1902464173410905 1.405073317722831 
1.064604447890148 1.1899324257282633 1.4049928323656027 
1.0644377585667522 1.1902369750180104 1.4052834186269387 
1.066013754327025 1.190375821828344 1.4055059950374147 
1.0675434714893965 1.1909435874859282 1.405706858877715 
1.0674014287066285 1.1908449302277284 1.4056396757383205 
1.0674184299814493 1.1908098592869345 1.4057565570000297 
1.0671930810723822 1.1906352712049226 1.4058713378073673 
1.0669688192301132 1.1902960384074275 1.405641488658915 
1.0687458301013584 1.19067531424691 1.40553444695492 
1.068550669460096 1.1903826160699 1.4054482785340696 
1.0684093324988826 1.1901058405879243 1.4053402476180636 
1.0685371981790435 1.1899603124522167 1.4051130601825221 
1.0685178345915718 1.190109345976449 1.4051476439511865 
1.0684766308709182 1.190040950543404 1.4049028164985624 
1.068550963322238 1.189732975765619 1.4045037302171852 
1.0682966350373186 1.1896192274686137 1.4041250774172447 
1.068158801748046 1.1894652137102462 1.4037894290134632 
1.0679888538501883 1.1893703183377533 1.403705822569948 
1.0683255911653127 1.189315240377764 1.4033292566280702 
1.0680241033949758 1.1891127987466752 1.403093434294953 
1.0677728702667255 1.1889490050836782 1.403011156120777 
1.0676383466661759 1.1887662035418902 1.4031248111954684 
1.067612472474963 1.1886152606156901 1.4028911189772968 
1.0675242286244662 1.1884883044780434 1.402808863226534 
1.0673917539369324 1.1884341424341571 1.4026491971351605 
1.0671894939020161 1.188625117322489 1.4022795615512131 
1.0670585232605974 1.1884356431080705 1.4020130723069038 
1.0669281177722925 1.1884568149360053 1.4021394806659684 
1.0667627116602107 1.188388376287048 1.401772281629455 
1.0666336046114775 1.1881757027307862 1.4016767231601261 
1.0663874396190645 1.1880606784507453 1.4015174168788558 
1.0664395884789488 1.1880789023697198 1.4013572041915316 
1.066236889087116 1.1878525529359096 1.4013388176202652 
1.066159068798741 1.187607056079695 1.4011653405445808 
1.066244847942688 1.1876758851011182 1.401199041304127 
1.0660799412697606 1.1879602375443894 1.4012301433080976 
1.0659153665243288 1.187890292359757 1.401500610321595 
1.0659996705791899 1.1876816699168438 1.401492150407482 
1.0657940876018002 1.1875300615554345 1.4010799707921184 
1.0671781858645673 1.1878435679787458 1.4015331349317874 
1.0672586258634096 1.187773768874329 1.4014475329202705 
1.067092908565364 1.1878413024742975 1.4016212528844443 
1.0670898009507335 1.187720115386528 1.401590702788984 
1.0670426486278786 1.1876270943617784 1.4013867562859352 
1.0671624215128876 1.1875301496045298 1.4010335764078532 
1.0669146009198467 1.1873207872167826 1.4010988675752507 
1.0666670626999943 1.1872684120697574 1.401034570088598 
1.0664198131883582 1.1871395591526628 1.4006850040765864 
1.066413165553591 1.1869920059848322 1.4005176378405282 
1.066450983065009 1.1867284032960432 1.4003606928479941 
1.0661584396679133 1.186624740810825 1.4004990581782601 
1.0659222844702565 1.1863678580830395 1.4001525500985652 
1.0657592463533907 1.1864770140043417 1.4000708691695034 
1.0657515125715737 1.1864473424503947 1.399904045045171 
1.0654241753189555 1.186255024188652 1.3997465426296962 
1.0651309797727682 1.186135968655421 1.3995703998993774 
1.0649687961537657 1.1860599599374488 1.399559516148582 
1.0646744663085084 1.1859823328880825 1.3995477962265748 
1.0644801359165723 1.1860605844770054 1.3993528735802565 
1.0689928889187825 1.1871339692336647 1.3995335534445745 
1.0687079227146492 1.18694211967814 1.399452920294052 
1.0685902880247964 1.1870032540682658 1.3994045350852249 
1.0683405777406374 1.1868495602286586 1.3992388974680745 
1.0682718813752865 1.1866280117192105 1.3992172493261414 
1.0679704683626445 1.1865928111521962 1.3990250864487146 
1.067720653891029 1.1863369489080369 1.398672433312834 
1.0675446451957957 1.1859853549706338 1.3981695539374734 
1.06738002885494 1.1860245331714954 1.3980938318845328 
1.0672676686704754 1.1857546890278874 1.398224509943444 
1.0671978134286668 1.1856010763328246 1.3980621972108302 
1.0672618463442118 1.1855635750591929 1.397874145874049 
1.0671509228766498 1.1854372199259482 1.3975715863383331 
1.0670491713834551 1.1852583560241647 1.3975509186619512 
1.06672091046006 1.1850268864084819 1.3973807192426757 
1.0665584335496785 1.1847850834853741 1.3971861995970636 
1.0664504150262262 1.1846803261571976 1.397139667192206 
1.066314107128159 1.1844939242688661 1.3969549848330236 
1.066206855737964 1.1843453849017822 1.3968980315152528 
1.0659650919658477 1.1841955042509604 1.3970212854701898 
1.0658055613812163 1.1839996395896102 1.3969612776729083 
1.0656720199164225 1.1838062453663538 1.3967777489597275 
1.0657617508934576 1.1836411708466616 1.39659482196467 
1.0655230003018092 1.1834847572551337 1.3964124937196414 
1.0652846398416043 1.183242041117614 1.3966361119090718 
1.0649924768576362 1.1830511556154426 1.3965740413465542 
1.0649758143124215 1.1830349872490746 1.3965480595128688 
1.0646825239773117 1.182916773660211 1.396354450095788 
1.0644446806050527 1.1827690071760268 1.3961228558310863 
1.0642072503833557 1.1826412646101354 1.396058693304262 
1.0642144138620409 1.1827459009572963 1.3958535295834207 
1.063919502382796 1.1828783267420535 1.3958020771003858 
1.063982454893526 1.1830061236316913 1.3953552809990988 
1.0641025808578326 1.183091069123718 1.3949092543663673 
1.063866079633137 1.1831167629679709 1.394947449794484 
1.0637694811155036 1.1832897646059801 1.3950126967672618 
1.0651713677250234 1.1834223274712508 1.3949274275195476 
1.064911149434725 1.183336528098874 1.394916310843525 
1.0646165962815393 1.1833356407227964 1.3949045639999196 
1.0644615985371704 1.183240429192764 1.3948643017312947 
1.0644763715555228 1.1832200512799014 1.394563169926565 
1.0671277744566188 1.1843728944645975 1.3943618682789118 
1.0698540358005864 1.1853460960998028 1.395193210196307 
1.0699025686343853 1.1853063183385195 1.3950523370518122 
1.0697879519985838 1.1850643078936602 1.394743970961685 
1.0698709257547208 1.1849784263612735 1.3944278888107218 
1.0697681869288869 1.1848195232560306 1.394406888226372 
1.069676542338019 1.1847235463926713 1.3942371370800877 
1.069516377515607 1.1846135140744547 1.3937970929251908 
1.0692759368898739 1.1843141030638038 1.393902520671042 
1.069035958466654 1.184070626375528 1.3941607911775755 
1.0688174118128655 1.183926392614587 1.3942706171433863 
1.0686587909173504 1.1839662263089568 1.3941898912120414 
1.0685005645904835 1.1839102888738482 1.394129601278174 
1.0684671955344855 1.1838532863183637 1.3941153467835161 
1.0682487017994002 1.183926651289454 1.3940750461806375 
1.0682953251511802 1.1837864413303978 1.3939373033440328 
1.0679337643033484 1.1836584838652695 1.394034796903596 
1.0677581310575746 1.1834612984430133 1.3941298944804195 
1.0675831735473778 1.1832338033915581 1.3940732484658525 
1.067470653004896 1.183240224768485 1.3942297885137256 
1.0672969416052789 1.1832111058682846 1.3941595583634299 
1.0671423310887476 1.1830939534429294 1.393983469581242 
1.067049665686031 1.1829690836348852 1.394073613520043 
1.066895957056801 1.1827549954446366 1.394161486928399 
1.0667667062528505 1.1824921566293558 1.3939967665298634 
1.06667545203689 1.1823446460718496 1.39397924491449 
1.066723336062827 1.182184670195341 1.3938456194906268 
1.06639518881481 1.1820247226551968 1.393566292433689 
1.0665046576513684 1.1819803348291358 1.3934217126789588 
1.0664730419922708 1.181850959221806 1.3932772469165862 
1.0663218686906077 1.1819548134417708 1.393354357370346 
1.0663686898296452 1.1818632070834618 1.3934305488818952 
1.0664702932957846 1.1818446482651952 1.3931436051795245 
1.0662406955644717 1.1817654268398659 1.3932291161636923 
1.0659482602905737 1.1816328985676148 1.3930852438283354 
1.065798130346698 1.181479335823365 1.3928005787570696 
1.0659069525209328 1.1814764566506482 1.3928763101750072 
1.0659517593716619 1.181302664787426 1.3927172073354652 
1.0659176314530854 1.1811371798157233 1.3924347361205984 
1.0660756195461643 1.181098799523243 1.3921633748623368 
1.0658621831968302 1.1811974896466442 1.392397799175272 
1.06684612833974 1.1812668639935882 1.3925954092179698 
1.0667301867747443 1.1811745500553434 1.3925564786017008 
1.0665151787951705 1.1811891323714452 1.3925022556457702 
1.066477325057562 1.181175994820595 1.3925844477999458 
1.066491599193483 1.1810581928004305 1.392315344359217 
1.0665965522731442 1.1810555235928886 1.3920466974932801 
1.0665125272409122 1.1809883180814593 1.3920063301951062 
1.0665522218435657 1.1811175380945047 1.3918218814592302 
1.066468628426285 1.1811408175971987 1.391767397784884 
1.0667589754062892 1.181188178451165 1.3917126298857956 
1.06698277234478 1.1814002384262827 1.3917921276818785 
1.0670839641962553 1.1812425724167235 1.3915258797013645 
1.0669363717211429 1.1812357839435408 1.3915973065031784 
1.0667891392239575 1.1811021005079116 1.3915579618760816 
1.0665534647549446 1.1810936437180208 1.3916285213067958 
1.0664071727880398 1.1809304647691778 1.3914616022275494 
1.0663254186746909 1.1808262709871553 1.3915185401945447 
1.0663630867112426 1.180638591377474 1.3912408268336813 
1.0662817464113785 1.1804973771649632 1.391200721969782 
1.0661884487656794 1.180475237176672 1.3911602089692272 
1.067052046911192 1.180395480731859 1.3911072358977918 
1.0669702409911657 1.1803133661296104 1.3909575888878107 
1.0670577244618746 1.1802796969149967 1.390830096117321 
1.0676511920640683 1.180554586099373 1.3909078277369709 
1.0678119178952126 1.1813279021093313 1.390854636672025 
1.0679713283119416 1.1817447566469654 1.3916117903967644 
1.067893171171566 1.1819014351105968 1.3918739801368738 
1.0680512899405337 1.1818929913593412 1.392005103707402 
1.0681492129401675 1.1818761207009345 1.391956451561375 
1.068275683911986 1.1817291415867777 1.3916929953121935 
1.0682273237910742 1.1817420391281774 1.3915232584284136 
1.0681789363376213 1.1820115527840984 1.391787882780236 
1.0683336328586583 1.182027105813349 1.3919228851945011 
1.068226632389012 1.1818666551234183 1.3918821576575913 
1.0683210123424471 1.1818197683832736 1.391924323591847 
1.068413682162169 1.1818583802231672 1.3918686254771488 
1.0683965447908885 1.1818869023206025 1.391804948039569 
1.0682886158590954 1.1818348006457822 1.3917474652775397 
1.0683797365454004 1.1817286832594849 1.3916018277353508 
1.0684691946494103 1.1816657274693372 1.3916509333512899 
1.0684228665279742 1.181546793321288 1.391393914741614 
1.0683452251998011 1.1813617058886725 1.3911376287658224 
1.0682317196406246 1.181301084873747 1.3910968756039668 
1.0683054221083128 1.1812333932662207 1.3909445571710417 
1.0682166973336928 1.1811506145470145 1.3909034063879597 
1.0681384052296279 1.1811368445608679 1.3907832828287658 
1.0681596724876774 1.1809378128244679 1.3906405638340658 
1.067925467725332 1.1807154768542016 1.390681598237895 
1.0678375816250938 1.1805583780159679 1.3908548978811557 
1.067698091101004 1.1804022174055682 1.3908273524367818 
1.0674237222013725 1.1801971647860392 1.3907763831628694 
1.0672122143761547 1.180078461478206 1.390625223760682 
1.0670011250763691 1.1798885071320853 1.3905743628334422 
1.0670970680448475 1.179821936282915 1.3903339006157458 
1.0670026187533392 1.1796109668576558 1.3904057828348555 
1.0667306775478496 1.179518312199631 1.3903778013529855 
1.0665937531389873 1.1794479909086235 1.3903277784973902 
1.0665459145144993 1.1794046009842103 1.3902015468856246 
1.0664352090333817 1.1793307278223217 1.39003511497426 
1.0665221725592322 1.1793487104688016 1.3897889197202615 
1.0681326055794464 1.180099145511128 1.3896324570891068 
1.0680575338854625 1.1802467935936651 1.389387559854487 
1.068348318170852 1.1804112872105175 1.3891518060257466 
1.0680758238352153 1.1805091904323102 1.389094899122587 
1.0681686049930579 1.180520224828909 1.3888653834380222 
1.0679990017774006 1.1805482970851486 1.3888091416403472 
1.0691030288439305 1.1812236245797207 1.388760913739308 
1.0692140464666182 1.1813421877249544 1.3887912137949883 
1.0691389021318491 1.1811902270933776 1.3886561885221154 
1.0691845250520389 1.181023705127974 1.388521509121856 
1.0690778889772297 1.1809419600351054 1.3885060700643173 
1.0690347434792091 1.1808253075410953 1.388385114689286 
1.0689601298525857 1.1806460921409003 1.3882513429921082 
1.069037374467153 1.1805503520522647 1.3883170970732908 
1.0689297516341996 1.1803710261728575 1.3882621342633275 
1.069772799819832 1.180417947231866 1.3883340266228004 
1.0696197498806017 1.1802219562180714 1.388382834835857 
1.0694141206330303 1.1801435307769377 1.3883363218860858 
1.0693405902451887 1.1801161870055101 1.388288941576611 
1.0694200514662358 1.180024220298784 1.3882636061669924 
1.0692855406016917 1.1798204342644323 1.3882245371569146 
1.0692124534797962 1.1797058025126197 1.3881851789077562 
1.0691395222896167 1.1796165640685665 1.38826102080149 
1.069006020042175 1.179396076971612 1.3882108981943608 
1.0688036031673465 1.1792534208439813 1.388170335827453 
1.0686015746971247 1.1793026257749526 1.388129499966991 
1.0683999343542685 1.1791033605286387 1.3880776238156032 
1.0681986818502498 1.179002461356843 1.3879465182241866 
1.0681574519982113 1.1789703505501938 1.3878403559836388 
1.0678877966572762 1.1788089284151018 1.3876200415118578 
1.0686108338815405 1.1790242061535896 1.3876677019032175 
1.068540794198358 1.1788865078605866 1.3877149259245511 
1.0684635393457829 1.1786830698069086 1.3876637784371342 
1.0682564177744134 1.1785268329933012 1.3877251460610138 
1.0681257638848454 1.1783707021435874 1.3875075325701736 
1.0680567452491607 1.1782556004891789 1.3874912906007941 
1.0680846254501808 1.1781339144491736 1.3874499252455925 
1.068173326273871 1.178039322365227 1.3873214280662824 
1.069166097597544 1.1781777079445113 1.3871815536028318 
1.0690962629052552 1.178051749419939 1.387131196953481 
1.0689586863382647 1.1779564919422671 1.3870800851328444 
1.0690452369153816 1.1778470692811989 1.3870533919735135 
1.0689357122339729 1.1777155132948303 1.386842410000187 
1.068670953549157 1.177635806710687 1.3867048133011004 
1.0692410865280797 1.1785676191586874 1.3872850047406775 
1.069415498800729 1.1788098246271947 1.3870505179426527 
1.0704721313137038 1.1791648296156132 1.3870858970840325 
1.0703608059018803 1.1790676133252245 1.3870352726656487 
1.0702491780071448 1.1790230420939443 1.387105732327569 
1.070213195271203 1.1788554764005188 1.3868945594641662 
1.0701396625212136 1.1787785521845353 1.3868546669765234 
1.0701038513221188 1.1789445643006375 1.3869240847876054 
1.0702489112888203 1.1789775054550526 1.3866917263032725 
1.0701853643889698 1.179056631301814 1.3866513205694622 
1.0701127940991872 1.1790029302021354 1.3865274099743643 
1.0700135386307417 1.178920309871101 1.3864870657319384 
1.0699052905747315 1.1787445668691157 1.3865324730999453 
1.0698332996828022 1.1786439730087999 1.3865177360388647 
1.0697614825730304 1.178515323279266 1.3864170931936401 
1.0696898386656857 1.178590036066044 1.3865350536069645 
1.0695816391469046 1.1784379203932445 1.386488145271325 
1.0694731497004777 1.1782594163415772 1.386365687395583 
1.0705966548050472 1.1781911314301876 1.386318244504626 
1.0705240284049042 1.1780408867697718 1.3861962544190254 
1.070413458699868 1.1779426448363814 1.3861482890343817 
1.070302619189069 1.1778624234246646 1.3861092590828161 
1.070167047255295 1.1777581650925055 1.3860112290062492 
1.0700950825501079 1.1776175040716104 1.3859966718611496 
1.0700620989931264 1.177544823546583 1.3856894092760514 
1.0699905293964131 1.1774359770363472 1.3856751308056219 
1.0701997167437385 1.177516398787727 1.3856382769112587 
1.0701505941533482 1.1773648003301243 1.3855085454172493 
1.0699614791764944 1.1771802636867759 1.3854843913375365 
1.0698372150883058 1.1770600503071011 1.3854471681736638 
1.0696425157564724 1.1769307357191676 1.3854099858517877 
1.0697231390340551 1.1769114926594395 1.3851989461528698 
1.0696812654380643 1.176853638539777 1.3851849530026732 
1.069551896836697 1.1767039130230885 1.3851707328221035 
1.0693708654606064 1.176622673031495 1.385227891166925 
1.0700828270177054 1.1767960446442498 1.3851814525281783 
1.070017597260061 1.176859881256067 1.3851350167026517 
1.0698306875211774 1.176883702379155 1.3850984520036418 
1.0696383097757554 1.1767517276160697 1.3850644724679764 
1.0696023791686102 1.1768937771113352 1.385018075962057 
1.0703304719280042 1.177499638731121 1.384971684689647 
1.0702742998069126 1.1775387957081258 1.3850981098287467 
1.070204559615568 1.177484909648621 1.3849707945320762 
1.0701723644797312 1.1774151675101474 1.3847645810127678 
1.0701029954453154 1.1772667543894204 1.384558851363082 
1.0700709393183754 1.1771196529517634 1.3843626381555445 
1.0700019384724917 1.1770588445502979 1.3844511419497525 
1.069895859380186 1.1772190632105815 1.3844952172065752 
1.0698271359326776 1.1771239829361537 1.3845508998203457 
1.0697585725580774 1.1770195892078867 1.3846149041883926 
1.0696061165375472 1.1768774436857563 1.3846580635718473 
1.0695003406496535 1.1767911735081016 1.3846233614712016 
1.0695544438540352 1.1767182572931412 1.3845793356122535 
1.0696233191867122 1.1767644924229033 1.3845440535064406 
1.069570437691433 1.1767031754257395 1.38442991267108 
1.069540206831124 1.1767256165719613 1.3841610521607475 
1.0695468024352601 1.1766490183257814 1.38396857716466 
1.0694425949614792 1.1765274581860434 1.384012105167088 
1.0693381539487288 1.176398293208624 1.3839985864653161 
1.0692334828442553 1.1762842943830079 1.383984864559392 
1.0691442152648656 1.1763989866719458 1.3841178447685587 
1.0690175284555865 1.1761980168506494 1.383996336806895 
1.0689288844807583 1.1761667787850425 1.3839618958493125 
1.0688626523062754 1.176021717215312 1.3838497180085114 
1.068774492544975 1.17588237742717 1.3838059018438456 
1.068746125383583 1.1758655828092115 1.383714923013407 
1.068695356654511 1.1757612735123941 1.3836805987227705 
1.0686299803243982 1.1757391481001696 1.3837435929325939 
1.0685647519574881 1.175551852860354 1.383632406053709 
1.0685365321856721 1.1756014445501708 1.3836861200525816 
1.0684716360195219 1.1755610118546302 1.3835664546976147 
1.0684435290342948 1.1755223005759519 1.3833790314328598 
1.0683789625293003 1.175432496379643 1.3831918171836202 
1.0682924146273027 1.1753518825021838 1.3832553130007748 
1.0682282254614157 1.1752626152278272 1.3832329054640804 
1.0681641798422432 1.1751195079917922 1.383123233638007 
1.0681002773172077 1.1750439589481076 1.382937393427301 
1.0680868655681117 1.1750006231819694 1.3828474283566203 
1.0679874103475355 1.1748329298689733 1.382833918207135 
1.067844099224886 1.174791190576651 1.3829912744381407 
1.0678991538962113 1.1747620273140371 1.3830343081487018 
1.067968377667015 1.1746933699013085 1.383001424500485 
1.0680222329870461 1.1745774245182392 1.3829595117525773 
1.067922246987671 1.1744906272324436 1.3830872009992994 
1.0678220518610797 1.1743629013049275 1.3831394416175622 
1.067721650600574 1.1741812732387595 1.3831057120389372 
1.0676210461699451 1.1741559634099012 1.3831466037633975 
1.0675960721138154 1.1740072101828365 1.3829555995853868 
1.0677943764780444 1.1740564157122437 1.382921449594376 
1.0677388445026699 1.1740303671258892 1.382887120776922 
1.0683000720383493 1.173944813790811 1.382855736595549 
1.068236931162764 1.1738689147435655 1.38283182158788 
1.06817393020097 1.1737623552636067 1.3827247934066962 
1.0681489716611452 1.1736611868138112 1.3824441641746268 
1.0680862774386135 1.173671400609693 1.3823378095921925 
1.068115475816025 1.1736121593109339 1.3820770080639624 
1.0682578892064758 1.1736654329835507 1.3821361242073853 
1.0681427907794199 1.1734532110275293 1.382103509453355 
1.06803144951957 1.1733031669903322 1.3820504123761777 
1.0679941274432803 1.1732156821456212 1.381955443796619 
1.0678831444181194 1.1731495444340743 1.3819016755534077 
1.067709911175898 1.1730948727205022 1.3817258355638928 
1.0683450596773199 1.1732592809372808 1.3816875848937253 
1.0682901484747984 1.173153532409744 1.38174497264675 
1.0681794472510604 1.1731004555722877 1.3818017853988576 
1.0680859417692323 1.1729715074045615 1.3816070997043064 
1.06791645581995 1.1729167527373634 1.381573059492082 
1.06785963152704 1.1729103879043428 1.3813192654218427 
1.0678057746801062 1.172885811495994 1.3812118877143282 
1.0678773708145732 1.1728139065169343 1.380939021393125 
1.0676537532688566 1.1727976947911913 1.380846715120076 
1.067544649757372 1.172810458134695 1.3807441893823702 
1.0673771606848776 1.1726760527014448 1.3807017532584434 
1.0673242971587005 1.1725186191393053 1.3806689433176222 
1.0672131165975727 1.1724898847579452 1.3806428596378948 
1.0671576554770876 1.1723583075303687 1.3805409955141108 
1.0672356880976452 1.1723631457452988 1.3804596873669461 
1.0671279316307958 1.172305030188403 1.3804273883815248 
1.0672027841831668 1.1722370514441942 1.3802570173913755 
1.0671503134413993 1.172148547412764 1.3800771735291544 
1.0670979200274848 1.1720909517055866 1.3799963810334221 
1.06700808967735 1.1720849359023429 1.3799846815717556 
1.0669012608921071 1.1720111529217456 1.3798057335935228 
1.0669759015740379 1.1719044791108035 1.3795579177186164 
1.0669211724015533 1.171753167853395 1.379458222685602 
1.066869370189993 1.1716782671032286 1.379418423107726 
1.066706184728141 1.1716226992008123 1.3793940567805023 
1.0666718556113697 1.1716956786249288 1.3792259661130368 
1.066748904524125 1.171703699580254 1.3790590621961971 
1.0665319503953197 1.171576000418853 1.378882463691919 
1.0671967622765843 1.171616195192205 1.3788496272170903 
1.0671425139956003 1.1715137729362173 1.3789080390608348 
1.0670371402606604 1.1713769827328273 1.378809957251577 
1.0669831085471682 1.17128085021476 1.378712074669617 
1.066931961274137 1.17121071578826 1.3785458893033413 
1.0668413732878386 1.171339706257196 1.3784450534823027 
1.066790590796554 1.1713096554412292 1.3784215504689938 
1.0667370215358787 1.171218135232801 1.3783245599725595 
1.066686348239232 1.1711058558654663 1.3782925200035447 
1.0666357475448565 1.171043671726721 1.378264282276486 
1.0666025233483936 1.170971703362967 1.3781590520386169 
1.0665492718669547 1.17096851421007 1.3781306539093816 
1.0673261077047553 1.1711207780820079 1.378335349887211 
1.0672223929750018 1.1710188249366218 1.3783707850686815 
1.0670630765499873 1.1709713877543213 1.3782746565951922 
1.0669040181082596 1.1708676530463262 1.3782459438796586 
1.0667452173273553 1.1707989705448596 1.3781411238734598 
1.066695305005897 1.1706592888563498 1.3781122597041073 
1.0667706596283903 1.1706212341479658 1.378084419304407 
1.0667930182295906 1.1705680794421078 1.3778379770601608 
1.0666905560818138 1.170581147953804 1.3776778640696754 
1.0667101362108484 1.1705056212339773 1.377580621773209 
1.0666605925553867 1.1706062205545145 1.3775525043941226 
1.0665586516571122 1.1705097721322781 1.3776198679031584 
1.0664042644949348 1.1706089735306582 1.3775914359866412 
1.0664792216016028 1.170678488050634 1.3775821865482698 
1.066498854656472 1.17058876687909 1.3774881089876194 
1.0664658939790426 1.1705927434907888 1.3773384959978576 
1.0663646542044354 1.170578457560341 1.3772634781890063 
1.0669661654724683 1.1707343951879037 1.3772423868096326 
1.0670375956859175 1.1706726504480185 1.3771491049280287 
1.0671109616204733 1.1705825215244416 1.3770655939577274 
1.0669002610467373 1.1704150943219314 1.3769726928197732 
1.0668665211725026 1.1702790361813302 1.3768713613655057 
1.0668180967077079 1.1702385528352317 1.376850796833553 
1.0667697372558684 1.1702462338834816 1.3766939007042724 
1.066616821169998 1.1704565309724464 1.3770371890852346 
1.0665688445975925 1.1704310082203735 1.3770079654496732 
1.0665209319217324 1.1704263483714024 1.3769812677813378 
1.0663666673649101 1.1704435085972342 1.3769544245734655 
1.066317021080024 1.1703966691702505 1.376724183286811 
1.0663904793073617 1.1704924519956408 1.376707353187685 
1.066305730258596 1.17046097300878 1.3766160442854076 
1.0662564439915077 1.1703931823087783 1.3765164067119322 
1.0661014990745041 1.170367569078442 1.376489941476917 
1.065948848238338 1.1703335557961299 1.376261661671592 
1.0659166802499667 1.170267621492864 1.3761711472510327 
1.065884417262124 1.1701924140409607 1.3760175930219989 
1.0656801609050721 1.1700834851275148 1.3758629835118645 
1.0655282512267914 1.170071859070127 1.3756902412115621 
1.0654961652888253 1.1700981569423208 1.3756712964639262 
1.065290990090249 1.170080448543128 1.3756464521296996 
1.0653126400906985 1.1700812609599083 1.375721196187245 
1.0653340981720225 1.1700281749494281 1.3756319542851645 
1.0651831221693513 1.169981067739139 1.3756164038712733 
1.0649797423692156 1.169909493065689 1.3756727593138471 
1.0649484982140915 1.1698920672108077 1.3755755915148529 
1.0647980171342164 1.1698033497883547 1.3755419336938388 
1.064647221078195 1.1697474915059936 1.3755258645472135 
1.064550712092304 1.16973485160349 1.3753742082547955 
1.0646246791556222 1.1696668530090568 1.3753480877804214 
1.0644752359707657 1.1696342229251495 1.375393310476407 
1.0643260280205822 1.1697225952621353 1.37535958851575 
1.0642818884090834 1.169599332020813 1.3753248603625499 
1.064238143318458 1.169527007653336 1.37523704270901 
1.0641935565288083 1.1694298700278345 1.3751408056704202 
1.0640977467588422 1.1693365140492304 1.375071479175602 
1.0638982253080895 1.1693242132332435 1.374851041369789 
1.0637509044715774 1.169262182105261 1.3748358352538668 
1.0635511430347162 1.169202475436224 1.3747320802687997 
1.0635091386903879 1.169135532919679 1.3747164750456067 
1.0634270393561844 1.1690855967307483 1.3745590434883113 
1.0640389246383821 1.1692556898722313 1.3746737321306766 
1.06394467919329 1.1692289011152888 1.3746588590981084 
1.063850594363859 1.169136108331782 1.3747138084931116 
1.0638727498682727 1.169008515381629 1.374619376625108 
1.0638300154166547 1.1688780998594652 1.3745334364862678 
1.0637875948625999 1.168875759205864 1.3744476558116516 
1.063642183696025 1.1687999927371813 1.3743620341543772 
1.063600575307814 1.1688120177330086 1.374337444965157 
1.0634556360948373 1.1688349874752726 1.3745298293910788 
1.0633112658491146 1.1687988263343314 1.374461838797555 
1.0631664259501477 1.1686400772229424 1.3743685307626723 
1.0630737669050565 1.168544281541826 1.3743536481770886 
1.063097097638788 1.1685350648602943 1.3742858831886196 
1.063056468988529 1.1684421352506305 1.3742011134673202 
1.06301588521839 1.1683591201281798 1.3741691296821865 
1.0628724923757646 1.168224949589605 1.3741623848898252 
1.0626778411361208 1.1681032587880407 1.374130069165942 
1.0625348369627499 1.1680226211507838 1.3740973783959392 
1.0624951387471397 1.1679669078295727 1.3740306912467575 
1.0624040537014872 1.1679498091347889 1.3738955392249017 
1.0622617110677204 1.168147198954898 1.3743071632793051 
1.0622855910988682 1.1681957205545823 1.374283204885156 
1.063010837763654 1.1684836680483468 1.374131157753634 
1.062919678620758 1.1686263229758147 1.37424278690289 
1.0628286715231945 1.1688890025425573 1.3742186294022658 
1.0626865314605785 1.1688169401461719 1.3743291396194228 
1.0626473817794908 1.1687220331728674 1.374297655126823 
1.0624543957008314 1.1688668366634394 1.3744084538950359 
1.0623755727850057 1.1688907726715936 1.374341954133467 
1.0636782836742618 1.1693991281961649 1.374250093235714 
1.06353590276471 1.1694099954738086 1.3742333613280746 
1.0636095817598266 1.1694285425326112 1.3740833711268947 
1.0635701516987472 1.169404843767563 1.373866435705779 
1.0634287480084283 1.1692567169011412 1.3736572894476542 
1.0635022109566452 1.1691497769210597 1.3735679134433354 
1.0634629684716261 1.169096366109962 1.3735456424044654 
1.063434225161352 1.1690669396229374 1.3733969898944909 
1.06351736906692 1.169085604745744 1.3732560284068813 
1.0634783553636982 1.1689820735816716 1.373226618780259 
1.063439730565278 1.1688316189208527 1.373196846644127 
1.0634007622760158 1.1687621008248592 1.37325012506559 
1.063311423198412 1.1686938702564207 1.3731780385932018 
1.0632219601589832 1.1685800048789106 1.3730307685298777 
1.0631832995668895 1.1684942748250122 1.3730086039613623 
1.0631550935980274 1.1684529833064263 1.3729279726439323 
1.0631166090750317 1.168366091671569 1.3730389743301286 
1.0630276917394563 1.1682188415678751 1.3728925483769743 
1.06298972071733 1.1681108600787338 1.3729451377004938 
1.062901137044022 1.1679854875868059 1.3729727824209916 
1.062873401151486 1.1678738226798613 1.37288462455898 
1.0627351266175693 1.1677934117551019 1.3727965666191095 
1.0627079980034293 1.1677866131674484 1.3726593052790157 
1.062780477181686 1.1678504688290021 1.3725221542182013 
1.062642771227273 1.1678851313533123 1.3724594989778616 
1.0626648623156782 1.1678487021129174 1.3723225233878995 
1.0626867895177905 1.1678609225972394 1.372310053263115 
1.0626581935188262 1.1678859270810868 1.3723701728684814 
1.0625705955522877 1.16782702786205 1.3723649703229543 
1.0630953428093624 1.1680496551322774 1.372408572230396 
1.0630592099465632 1.1680696455658097 1.3723383253964987 
1.063686808888032 1.168206800944926 1.3721945703955065 
1.0635988823981755 1.1682351944246354 1.3721012818237508 
1.0640630570293843 1.1683814234518055 1.3720873452160602 
1.0645226272337187 1.1685204976830181 1.3720014868406751 
1.0643848047753142 1.1684753602062559 1.3720377320038755 
1.0643467765676777 1.1684269765976238 1.3721446154024624 
1.0643094014143144 1.1683096043910335 1.372123895206073 
1.064271414012187 1.168211357203581 1.3720460851096472 
1.0643423458065409 1.168165236706863 1.3719113527492255 
1.0644123687509863 1.1681741778641153 1.3718972400249068 
1.0642759706389882 1.168194972796865 1.3718128002407237 
1.0642471904076753 1.1682265514130787 1.3716785415331016 
1.0642183427690386 1.1683828064968096 1.3716645642520144 
1.0642876682767457 1.1683556221129276 1.371459670080017 
1.0642504709892207 1.1682304741485292 1.3713122179210904 
1.0642127617498462 1.1681726550845692 1.3713652976601676 
1.0642331650467247 1.168123640467683 1.3713604425367638 
1.0641465613371661 1.1680457023567863 1.3712772612333954 
1.0641179670206231 1.1679904465211794 1.3712732813680435 
1.0639347105272898 1.1678544948351748 1.3713257659773908 
1.0638492268862898 1.1677987155211078 1.3714267104995719 
1.0637632306933162 1.1678218039155228 1.3715804375419203 
1.0635798981544364 1.1678746641649087 1.3717494044694163 
1.063495053060921 1.167721195354811 1.3717283199863428 
1.06345861147495 1.167657448485781 1.371772396418569 
1.063373223239856 1.16757503391942 1.3718154142427414 
1.0632879685714507 1.1675136688722465 1.3718586607111762 
1.0632037323770018 1.167409496404331 1.371823135218228 
1.063167698529929 1.1673475232360364 1.371630255642843 
1.0631316977394032 1.1672982350667844 1.3715705234510394 
1.0630470135560959 1.1673330597854987 1.3715500241290874 
1.0629145600366434 1.1672543779116566 1.371536638100164 
1.0628789288069804 1.1673034751953861 1.3714613976135854 
1.0628520260470107 1.1672759832110824 1.3712623605743826 
1.062872814277064 1.1673621595321484 1.3712491502586936 
1.0627409843450857 1.1672613708321125 1.3712291488424555 
1.062811431312145 1.1672046381690466 1.371217465374979 
1.0626313104624487 1.167090718562283 1.3712517604051606 
1.0625963050794212 1.167021532432731 1.3713558877963423 
1.062512748000708 1.1669311167979952 1.3712270483178388 
1.062478957354729 1.1669251594762262 1.3712696772795177 
1.0623008760101322 1.1667876296200093 1.3713117804019404 
1.0622189430477174 1.1667121665395763 1.3712997199276116 
1.0621360353609999 1.1666180883236144 1.3712795322489373 
1.0621016819739633 1.1665179527155367 1.3713282957320625 
1.0620285246025285 1.166442360067434 1.3712468249393936 
1.061954044595361 1.1666178469185027 1.371296275538551 
1.0617757507948555 1.1666519594116445 1.371390151479607 
1.062218883008197 1.1666370335450147 1.3714385921749224 
1.0622412168477249 1.1666829044068123 1.3713648276441053 
1.0635650275715978 1.1671795310832942 1.3717024515488456 
1.0635301291457941 1.1672924511444696 1.3717878274039004 
1.0634952607655461 1.167225070557005 1.3716538850373485 
1.0635642138130974 1.1671899107694297 1.3715272979286086 
1.063530348202123 1.167125004011655 1.3714020787705579 
1.0634475936773344 1.1670159330190957 1.371441835990647 
1.0635151382284822 1.166959736427517 1.3714299329185957 
1.0635347038912362 1.166909152927019 1.371402267509519 
1.0634999191938035 1.166834730484822 1.3714346134878581 
1.0634651646830289 1.1668951877284985 1.3714738135791662 
1.0634314084963683 1.1668053045342375 1.3714689907402633 
1.0633493017229685 1.1666984200936046 1.371441542077543 
1.0633235896001156 1.1666225884405477 1.3713616746563564 
1.0631964142850099 1.1666223598186756 1.371393396196057 
1.0631620589006254 1.166624138920891 1.3713729681185878 
1.0631277331243068 1.1665666421243521 1.3713682403643275 
1.0630463037336435 1.1665126647155863 1.371356164718345 
1.0629728086104397 1.1664187109402708 1.3712839308373188 
1.0629399212397663 1.1664361300620472 1.3713307241469255 
1.0627655656202633 1.166371915331619 1.371361964620714 
1.0627419168416934 1.1663824084161676 1.3713569984065401 
1.063214734320234 1.1664165720585025 1.3713367753471082 
1.0630876952773327 1.1663656333011854 1.371308648632823 
1.0629620704403557 1.1662663535275297 1.3712293783269016 
1.063028993537215 1.1662001820326084 1.3711577115461124 
1.06309567606416 1.1661274122952556 1.3712119470862634 
1.0629222422797433 1.1660752297568713 1.3711921280454291 
1.0628430992019373 1.16612470254031 1.3712816528451772 
1.0628122392315325 1.1660717589877883 1.3712691529711565 
1.0627321275373616 1.1660181884016538 1.371256552123565 
1.0626521344279292 1.166035391628095 1.3713016422993247 
1.0624811304151809 1.1659045105247052 1.3712728215438021 
1.062355890183754 1.1658966597741391 1.3713686161358158 
1.0622835388489782 1.165859621646927 1.371348586039759 
1.0621615906406157 1.1657502932477304 1.3712775681586429 
1.0620823346381008 1.1657366917789242 1.3712149423129287 
1.0621111311831455 1.1658189681125193 1.371145428646762 
1.062131182715321 1.165837559005898 1.3711413503401302 
1.0621040666371087 1.165840113029636 1.371006080462157 
1.0619797513952702 1.165800475053927 1.3708785176105942 
1.0619009088701135 1.16580992965185 1.3708579188178647 
1.061875587371335 1.1657196923772968 1.3707802207772795 
1.0618521194044535 1.1656505452577268 1.3707026025740414 
1.0618267462056992 1.165608453620245 1.3705833301525494 
1.0617561778179334 1.1656141009436367 1.3705642834346483 
1.061724963879755 1.1656090224066316 1.3705526740207081 
1.0616996217524108 1.1655693972567376 1.3704987338815409 
1.0616292076209843 1.165523246414105 1.370486800175819 
1.0614633667297655 1.1654864609870237 1.370376127729767 
1.0613855342071468 1.1654646572606804 1.3703148742884597 
1.0614053219413875 1.1654979355728807 1.3701396731469377 
1.0612850383883936 1.1653828122705518 1.3700707377252972 
1.061259995233717 1.165355492181358 1.3699382773802635 
1.0611377742937853 1.1652607117716995 1.369869611900925 
1.061204677145478 1.1652876519856927 1.3699663017708132 
1.061085277200195 1.1653217200153183 1.3700545131332775 
1.0610626800822172 1.1652305923798785 1.3699227336561364 
1.061129391647198 1.1651620336054571 1.3697982234136539 
1.0611983280135036 1.1650604796653106 1.3697871397009393 
1.0611260815530397 1.1649817725181035 1.369711948654596 
1.0611923445938622 1.164952313748374 1.3697010683120385 
1.0611625073703823 1.16488885397543 1.3697387961471628 
1.060997058363866 1.1648285137584062 1.369670908517119 
1.0609693363876644 1.1648001330928923 1.3696181873938726 
1.0611309672449791 1.1648259089019155 1.3695653679855961 
1.061057141128153 1.1648397037548317 1.3694489881195275 
1.0610318631372984 1.164858376779908 1.369332685132267 
1.0610975622912167 1.1649244606618099 1.3692164591834664 
1.0609331052504507 1.1648512280569985 1.3691003104307913 
1.0610494843929508 1.1649224418155506 1.3689842390299343 
1.0621925129479886 1.1653921802627767 1.3689737623251093 
1.0622101226411178 1.1653551030069078 1.3689637202934741 
1.0621334584772117 1.1652624620773637 1.3689459457200763 
1.0621035797969345 1.1652734326933327 1.3688801172179752 
1.061983171101453 1.1651901002850398 1.3688142538425507 
1.0619534748873016 1.1651299749131059 1.3689092635023745 
1.0619738729215533 1.1650979093591578 1.3689615412296512 
1.0618544791712659 1.165127565010689 1.3689027045672622 
1.0618748942956489 1.1651778329527502 1.3687749597438896 
1.0623202719349496 1.1652870769721955 1.3688207323771011 
1.062244071154501 1.1651935847441601 1.3686996708681884 
1.0623078250048361 1.1651662480953076 1.368647457586642 
1.062231779808145 1.1650966503142477 1.368686302964349 
1.0621586704885626 1.1649745098786424 1.3686689963302414 
1.0621292814649457 1.1648687512370957 1.368694296061944 
1.0620100139586621 1.164762063873703 1.3686767377343354 
1.0619808028073159 1.1647050360872022 1.368714489632751 
1.0619981723971035 1.1646052893909502 1.3686563786722739 
1.061925597195867 1.1645722841773578 1.3686464919059198 
1.0618965178606097 1.1646476084072281 1.3686777621456203 
1.0618674562567474 1.164609851603439 1.3686674929840752 
1.0617954601644577 1.1645241268317599 1.3686022137325211 
1.0618617634371366 1.1644587216747166 1.3684894690995184 
1.0617436415983679 1.1643927477676157 1.3685268079296187 
1.0616717137961034 1.164340980895705 1.3684757145132063 
1.0616026746600924 1.1642430675467061 1.368410794909829 
1.061531105123665 1.16415728455459 1.3684485973923906 
1.0615027241119779 1.1640506206440224 1.368377256501088 
1.0614773046104362 1.1639533422024877 1.3683125715894242 
1.0614518121927128 1.163908781029448 1.3683561405519586 
1.0613805968900063 1.1639235106511685 1.3683401540936226 
1.061446797174848 1.1639050407244442 1.3683307064572825 
1.0613329599955743 1.1638427474731874 1.368313238032711 
1.0612163773683392 1.1638256240207545 1.3682356128579491 
1.061191295779204 1.1637929473400699 1.3681713645213747 
1.06125732790278 1.163800761620955 1.3681555448095586 
1.061320259342529 1.1639527147609798 1.3681463157231195 
1.0613857772624686 1.1640305231485901 1.3684583140958717 
1.061403095234748 1.1640434378505333 1.368543329710963 
1.0615559322708141 1.1640810227501737 1.3684261818705177 
1.0616179543279647 1.1640603666199305 1.3683166297417677 
1.0615474369499793 1.1640841225509848 1.3683071552392074 
1.0615219613861553 1.164026897633484 1.3681438374413393 
1.0614964483581897 1.164006892083083 1.3680409207103226 
1.0613389702998177 1.1639157653941206 1.3679775258267803 
1.0614008929284724 1.163845939268119 1.3679079695495346 
1.0613730920629234 1.1637655758495171 1.3679514314234278 
1.0613002984962896 1.163709023488105 1.3679946362992113 
1.0612329653108425 1.1636117125259067 1.3679386598273255 
