0.7894850210319958 0.0 
1.2055180092039823 0.9271559814307194 
1.065904658607947 0.8859625877169406 
1.0122096781539207 0.8953638516639126 
1.0096135148826826 0.8962795361741479 
0.9902248219454866 0.8916508457657547 
1.0024363304599022 0.8897437434658667 
0.9968280198418056 0.8866766224939918 
0.9873454731883542 0.8851051020839711 
1.0121156812151553 0.8820549968158643 
1.0233957524814246 0.8813041975655007 
1.0175069498638716 0.8791318410416561 
1.0039381925462698 0.8779998538994408 
0.9935339711668865 0.8773064487283461 
0.9800667060957262 0.8757142968546594 
0.9683470471811382 0.8745408387303953 
0.9599554323302306 0.8730491342617218 
0.9497774178323735 0.8722050144329824 
0.940964720521548 0.8712626823719571 
0.9311111626667427 0.871058382880628 
0.9269780375041561 0.8706490620205733 
0.9229082920747915 0.8713739441429715 
0.9149980902239682 0.871147987867512 
0.912314674625209 0.8707232667892912 
0.9132246033522569 0.870216133612411 
0.910568370524265 0.8697696540105095 
0.9091058754794571 0.8695035383106259 
0.9062114095808903 0.8687260691366122 
0.9061379995682382 0.8691577667701164 
0.9047569297078061 0.8689265834753024 
0.9050673477903263 0.868839603920576 
0.9036043998355998 0.868766712465686 
0.9033519045898657 0.8690024707977776 
0.9025780626479961 0.8690743361633229 
0.9007970872324061 0.869179922256056 
0.8971831746783152 0.8691263736313474 
0.8956373999195327 0.8690409504806181 
0.8928914229590139 0.8689784703094631 
0.8907621245993931 0.8693452629320495 
0.8878412595423635 0.8691006429704844 
0.8851709539233147 0.8690523090832768 
0.8811362842026136 0.8690352564389738 
0.8771754543857416 0.8689953183662971 
0.8728108241393001 0.8688692485215801 
0.8696467166436165 0.8689549673387386 
0.8646961202654656 0.8687097116099434 
0.8609875239630367 0.868504688041089 
0.8574946736201468 0.8685282255306267 
0.8538931744555073 0.8683187536563189 
0.8498933360613558 0.8681833174813021 
0.8473548391822847 0.8679264685456016 
0.8446618921283999 0.8678252373582481 
0.842512018698407 0.8676476466042883 
0.8389620246859077 0.8675530043634431 
0.8380663653650587 0.8674274678403514 
0.8347768140895281 0.8675016315402745 
0.8316304458370583 0.8674762867773689 
0.8306211722177265 0.8674617650020545 
0.8286904391200407 0.8674641501708209 
0.8262551184628908 0.8672867860399063 
0.825986255225705 0.8671602104120685 
0.82379714753748 0.8673226938935829 
0.8220488820244817 0.8672372518170879 
0.8214221337910984 0.8673034560963399 
0.8200108056552803 0.8672169579380404 
0.8187745834206117 0.8672983443735963 
0.8179122982175893 0.8672370074600247 
0.816720908384469 0.8672119036400959 
0.8154969356839337 0.8672267006209862 
0.8149018476634653 0.867236611130083 
0.8124591093731108 0.8671554002166233 
0.8101743954722366 0.8670530269071188 
0.8084029671817087 0.8670358554363875 
0.8069078341147786 0.8670381580689086 
0.8061002372534061 0.8670494307107761 
0.8047623405701679 0.8669583046277566 
0.8036516878406501 0.867143152413352 
0.8025140673114434 0.8672209483185018 
0.8017094337397493 0.8670875664802807 
0.8001209431219252 0.8670428913707998 
0.798815399661602 0.8670868221287732 
0.7978964806910513 0.866949566232481 
0.7961860410437684 0.8668378585046784 
0.795041889424615 0.8667999660024509 
0.7933645540913294 0.8668618425227655 
0.7914463848698039 0.8668323461209699 
0.7900876347140581 0.8668125727439688 
0.7882229144770021 0.8668126938121551 
0.7871781505778253 0.8668085540978756 
0.7856356256948157 0.8666627041127684 
0.7840621748111776 0.866657357078376 
0.7824628337207995 0.8666387982018681 
0.781711021996804 0.8667048922838362 
0.7807569788931856 0.8667596565985675 
0.7789719591387096 0.8668461776356131 
0.7770797991963573 0.8667818947447153 
0.7766364811190111 0.8668583158999585 
0.7753016440127138 0.8667906519703233 
0.773588716978257 0.8668951984413541 
0.7720394281951024 0.8669482384701453 
0.7706518773487365 0.8670156235997933 
0.7695628531818526 0.8671203327609763 
0.7681030224529862 0.8671660046459825 
0.7668658570847726 0.8671319740653303 
0.7658738758925638 0.8670857221139884 
0.7654193289146718 0.8671481854613273 
0.7649829693290701 0.8671763434510219 
0.7639753820099467 0.8672740246021053 
0.762511179762502 0.8671847476799741 
0.7613394783098965 0.867196616036479 
0.7603751610417278 0.8671910659145968 
0.7594763681890901 0.8671146617526441 
0.7577515375888054 0.8671045429854191 
0.7561625718083261 0.8671098845805986 
0.7546041775583292 0.8671692254776734 
0.7531362746103404 0.8671450622407698 
0.751533406355183 0.8671105926942266 
0.7506442981075823 0.8671184277091718 
0.7496184914497627 0.8670640899220917 
0.7480821114819715 0.8670226162579989 
0.7462437440100457 0.866974739978561 
0.745459789966448 0.8669089691564026 
0.7437511733982229 0.866913567138289 
0.7425627466848864 0.8669357876928474 
0.7412922216169195 0.866972722395917 
0.7400047520618612 0.8670126218982404 
0.7384017946330008 0.8670237869817348 
0.7370048376640577 0.8670482937627709 
0.7357095384956673 0.8670897328648063 
0.7345230403873193 0.8671526044788905 
0.7335410357012381 0.8672400385413869 
0.7323573485659342 0.8673027243052883 
0.7313583168396103 0.867319016925198 
0.7306047921172157 0.8673998556713561 
0.7293551253996691 0.8674522757394509 
0.7278063517266394 0.8674629716905594 
0.7263646331116695 0.8674012801615614 
0.7249631422067989 0.8673955261334327 
0.7236803036014557 0.8673485796253865 
0.7225005881149165 0.8673801237937552 
0.7212770334796617 0.8674028684622528 
0.7200904780320874 0.8673481512169188 
0.7188649690334229 0.8673784000984779 
0.7176164166735419 0.8673419608345256 
0.7165951241960014 0.8673485265033686 
0.7155058637690913 0.8673979886163239 
0.7144332658570638 0.8674051461080867 
0.7132172208114856 0.867408816713571 
0.7122204476855456 0.8674069539309555 
0.7109379173063013 0.8674114974273702 
0.709989355510296 0.8674339493012683 
0.7087888781578583 0.8674952388368967 
0.7077121321693687 0.867479117209521 
0.7068044827467627 0.8675208969789469 
0.7064740493984345 0.8675647674027487 
0.7052573761885521 0.8675843364706753 
0.7043569594584814 0.8675768444063492 
0.7034928368097595 0.8675355182541421 
0.7024539854273982 0.8675285693317031 
0.7014866792108599 0.8674720830145816 
0.7004199435628587 0.8674548533480675 
0.6993254404077005 0.8674925997398435 
0.6983718197154163 0.867437181942955 
0.6973282781389863 0.8674002558265796 
0.6968619637366202 0.8672904385249671 
0.6961521790078554 0.8672499152709876 
0.6955075633396585 0.8672127243860788 
0.694754762384417 0.8672022812523331 
0.6936903255172728 0.8671672324228525 
0.6925978758089216 0.8671295682803191 
0.6915532033334979 0.8671510770014054 
0.6907724973207744 0.8671114238095218 
0.689906192391646 0.8670880946113787 
0.6889945245040525 0.8670421666660668 
0.6883840714280595 0.8669944363442251 
0.6875444092735322 0.8670038354267476 
0.6867479071752433 0.8669617137650607 
0.6858307684578628 0.8669777528814577 
0.6851281787301409 0.8669450592053662 
0.6844492128478507 0.8669908938527853 
0.6837716940593802 0.8669585476110874 
0.6829602926523506 0.8669682628205558 
0.6821385229108684 0.8669770079361454 
0.6812105403156982 0.8669702655625783 
0.6810720921417807 0.8669670699428369 
0.6802154573933077 0.8669514598645152 
0.6791845865990416 0.8668945435094847 
0.6780254387297637 0.866907650030785 
0.6773857753722093 0.8668208250602072 
0.6764658306677573 0.8668375763688329 
0.6757212733305016 0.866793358515089 
0.6750889027748562 0.866809034379582 
0.67416530708653 0.8667093594244002 
0.6734759392391763 0.866657600835591 
0.673037144587403 0.8666127469398768 
0.6731390607274885 0.8665530197525246 
0.6725777803463469 0.8665085304519442 
0.6722928051152735 0.8665219150279828 
0.671619811038559 0.8665525600809731 
0.6711317337151537 0.8665421671721816 
