0.8249783772701152 0.0 
1.3832504929424074 0.9339531069666113 
1.4149514908693233 0.9113114557577925 
1.429098239017987 0.9276209102772897 
1.4359483673208273 0.9339184321476269 
1.4360308921772433 0.9391223202165506 
1.4309541382174054 0.9407776959582146 
1.4314779025814224 0.9434605340795035 
1.429447029766487 0.9450152096913353 
1.4285682259213832 0.9471317304445347 
1.4285550036753423 0.9483088487943309 
1.4277665243667128 0.949125761842813 
1.428976787711949 0.9498421313438697 
1.4294037271049755 0.9506072231780384 
1.4290322964556916 0.9515036585925932 
1.4279065065486742 0.9516855387409067 
1.4283494545268005 0.951867309788229 
1.428706988959534 0.9527710966395833 
1.4287679547429983 0.9534333953809752 
1.4278428769108722 0.9537843069408051 
1.4263648770942488 0.9540842711471519 
1.4279577294928885 0.9546473336374544 
1.4276598034516856 0.954696403868577 
1.4272927990220308 0.954773616101056 
1.4277250232066223 0.954921303925529 
1.4275557851282865 0.9552067847287129 
1.4267224255896003 0.9552114080715269 
1.4259533506930022 0.9552774168676395 
1.425697075468138 0.9551380669137967 
1.426310523259044 0.9550106468431109 
1.4266292947192758 0.9552411049730802 
1.4262790264295684 0.9550947813118302 
1.4263549945687062 0.955117221443929 
1.4261091326618964 0.9552445135297867 
1.4260247642414987 0.955347837811793 
1.4259415789400807 0.9554753582302978 
1.4260981364142553 0.9556440054268651 
1.426204149439298 0.9558665325342217 
1.42632954335599 0.9558472009809881 
1.4260598411016436 0.9558112908213311 
1.426644147964879 0.9559244916746296 
1.4265094507155065 0.9560177119145108 
1.4264382002913492 0.9561684998780996 
1.4266116545316732 0.9562836917264137 
1.4265508077794518 0.9563733011398673 
1.4268024253352694 0.9564157697649233 
1.426627800434748 0.9564792023596781 
1.427082894057899 0.9565123057827933 
1.4270042745944154 0.9565006357006463 
1.4268674200981804 0.9564477556713884 
1.4269564114320974 0.9564615995543417 
1.4267590295525325 0.9564701369835007 
1.4269637431076831 0.956472354163809 
1.427290561576088 0.9564699926598866 
1.427381690951998 0.9564668775244718 
1.4276069103038 0.9565394404112884 
1.4279257911483472 0.9564970521331846 
1.4278585097587013 0.9564132249491968 
1.4280882264937502 0.9564673003876458 
1.428345545244278 0.9565244913017463 
1.4283995311495974 0.9565318970560827 
1.4282018905861464 0.9565735751928013 
1.4281718598880735 0.956637141946519 
1.427907987727728 0.956611617687511 
1.4277486808144748 0.9565905256839566 
1.4278428083932735 0.956642032224374 
1.4279230233586169 0.9567187291422778 
1.4282650815212545 0.9567379145231015 
1.428429530178004 0.956730693528463 
1.4283224329370514 0.9567654424857461 
1.4283367748856102 0.9568538839435986 
1.4283118342414305 0.9568080166145089 
1.4283563788286866 0.9567929564792753 
1.4282773266780628 0.956792582320451 
1.4280425196945281 0.9567794850131511 
1.4277299043850034 0.9567260105059379 
1.4281799798681034 0.956736007288809 
1.4280854036469783 0.9567510170444653 
1.4276283748674665 0.9567721930949117 
1.4274982915014942 0.9567918171248255 
1.4271491129098473 0.9567829688652242 
1.4270082588131392 0.9568031396025329 
1.427180611910055 0.9568567048340738 
1.427094738699539 0.9568303967611044 
1.4273813431059796 0.956842655497374 
1.4274857156201006 0.9568565300499638 
1.4273290072861338 0.956858998742313 
1.4273050615726062 0.9568608848321144 
1.4272504443842604 0.9568157037961688 
1.4274963382491006 0.9568238203201509 
1.427498516893301 0.9568903096984728 
1.4275348459917505 0.9569302908412484 
1.4273389823355043 0.9569879187195979 
1.4274535171280858 0.9570520883452871 
1.4274129891651886 0.9570507207111343 
1.4271163350096658 0.9570462715868767 
1.427175870532009 0.9570600383106568 
1.4271603035132758 0.9570801430492101 
1.4270400238440712 0.9571293878760502 
1.4270150010459168 0.9571601572506211 
1.4268709982898027 0.9572085201501085 
1.426861714730018 0.9572758812990089 
1.4266780078255146 0.9573069788301739 
1.426854552378392 0.9573395603784772 
1.426552628869943 0.9573233578809291 
1.4263023640877988 0.9572758402379757 
1.426491817136672 0.957308408303048 
1.4266436527703739 0.9573428617064874 
1.4265967668119002 0.9573376181155484 
1.4266097704347105 0.9573014659938561 
1.4265206708898994 0.9572620544013871 
1.426364364704318 0.9571950541111752 
1.4266114336487574 0.9572285764896519 
1.4265488558268824 0.9572528658054158 
1.4265988658450803 0.9572473473885653 
1.426435566089748 0.9572082157460262 
1.4263509151809375 0.9571781753913593 
1.4262460958417276 0.9571615808724587 
1.426287061173004 0.9571673629482437 
1.4263165844716834 0.9571285947077843 
1.426284641649437 0.9571218889770262 
1.4261147848260225 0.9571003388862063 
1.4259812907770875 0.9570835629717057 
1.4260158120673092 0.957067897028851 
1.426172856016175 0.9570613470139367 
1.4263058943152478 0.9570908318280694 
1.4264658339424905 0.9571439871308615 
1.426451150313469 0.957150459437999 
1.4262969817837927 0.9571277039508705 
1.4263464788931515 0.9571072981006504 
1.4265092777223722 0.9571248531232884 
1.426475396689694 0.9571344890156458 
1.426411164732923 0.9571152063927512 
1.4264337810198247 0.9571369191689499 
1.4264095986927203 0.9571451623434943 
1.4263579588563031 0.9571432306474821 
1.426372562052269 0.9571610940692665 
1.426205698002079 0.9571586645054068 
1.426382295434277 0.9571352512020223 
1.4264623514057777 0.9571446034975898 
1.426437586806801 0.9571315137787693 
1.426425298913058 0.9571426094890414 
1.4265260500776205 0.9571146416071252 
1.4267595955359575 0.9571134765931697 
1.4265598757006361 0.9571088318146074 
1.4265716555488213 0.9571399435766882 
1.4263828401513536 0.9571567759285698 
1.4264194764104257 0.9571449653541361 
1.426420290245421 0.9571476235229193 
1.4264116797167725 0.9571575437437344 
1.4264155205118547 0.9571568055562995 
1.426331611577174 0.9571403809100062 
1.4261385166691651 0.9571394836650781 
1.4262919036060586 0.9571623914195738 
1.4261962273174207 0.957169866753755 
1.426146802638862 0.9571651722577298 
1.4262042505089851 0.9571632630200306 
1.4261963456633702 0.9571406678634037 
1.426123008950645 0.9571548276413726 
1.4259638605648024 0.9571187553978749 
1.4259039508037636 0.9571301651946972 
1.4259951629150693 0.9571405289340649 
1.4260984963184598 0.9571357464527575 
1.4260556230731287 0.9571376493330854 
1.4260421767900164 0.9571544952814457 
1.4261066870077275 0.9571649355052518 
1.4260995100675482 0.9571603975446604 
1.4260997530986257 0.9571642289665244 
1.4262026075700076 0.9571629804094628 
1.426091384244553 0.9571672000174287 
1.426057420909687 0.9571684105976204 
1.4259491838035676 0.9571467599321293 
1.4259818000810696 0.9571576295336445 
1.4259560797526318 0.9571652671079406 
1.425913393105189 0.9571487137792961 
1.4258129681656384 0.9571423183455152 
1.4258195729131113 0.9571374598539824 
1.4258104184330471 0.9571304863191696 
1.425892223345311 0.9571372614541054 
1.4258563091366938 0.9571519579252884 
1.425867963642105 0.9571435172946553 
1.4257901301527187 0.9571160680887483 
1.4257995545134377 0.9571244155365327 
1.4257941229044424 0.9571254981466273 
1.4256662377850804 0.9571362711610606 
1.4254703191380134 0.9571395431854497 
1.4254923242443742 0.9571777696358973 
1.4254851057157458 0.9572051106031183 
1.4253725501676042 0.9572047105911983 
1.425319632121853 0.95720257055288 
1.4252990592260457 0.9572085027013085 
1.425342729528419 0.9572088957471894 
1.42530552374236 0.9572354342688119 
1.4252598677509636 0.9572342563918619 
1.4252989184042963 0.9572438288463221 
1.4253326809521332 0.9572342195106469 
1.4252926043664165 0.9572272244447942 
1.4252044301805487 0.9572184472535846 
1.4250630645434026 0.9572190323872236 
1.4249845058574748 0.9572107462121267 
