0.0 0.8252784698152701 1.6094379124341005 
0.0 0.9905186298989231 1.5397748688859751 
0.0 1.0999915773293933 1.5703878148691137 
0.0 1.135635953002158 1.5789846055013883 
0.0 1.1467568483224493 1.5741127637960897 
0.0 1.1557308834024649 1.5824330484774238 
0.0 1.1527575082930734 1.5868122876859503 
0.0 1.1474264200510365 1.590142784097563 
0.0 1.140359965312678 1.5932253615854939 
0.0 1.1345412424002754 1.5942187165591926 
0.0 1.128185131789012 1.6007759804168344 
0.0 1.1208888577881346 1.6015573124944147 
0.0 1.115630183837685 1.5993849200394339 
0.0 1.109058525393121 1.5939225877252707 
0.0 1.1030061589126812 1.5873955604506518 
0.0 1.0983630680400085 1.5802905283814186 
0.0 1.0921814941835681 1.5732454276058392 
0.0 1.0890186267028834 1.5663613809994874 
0.0 1.084887151602145 1.5577350150795612 
0.0 1.0809236750016802 1.5508929308246096 
0.0 1.0770139086331303 1.550076980474054 
0.0 1.0742797942122926 1.548870175249494 
0.0 1.071044680184374 1.5490795568273048 
0.0 1.0675933013730234 1.5469539440589777 
0.0 1.064978973173775 1.5453644624936016 
0.0 1.0623643303766346 1.543122851977357 
0.0 1.0590750201493078 1.5397722496386381 
0.0 1.0571401522117203 1.537193116130363 
0.0 1.053773822616898 1.5338526168369704 
0.0 1.0507704462238385 1.5311442057081248 
0.0 1.0481196792776508 1.5309112813418466 
0.0 1.0454870912459164 1.530691755807876 
0.0 1.0424554268186095 1.529975498822911 
0.0 1.0404301791537456 1.52968678751384 
0.0 1.0382108028575885 1.528943566446356 
0.0 1.0366079012844445 1.5288528473725962 
0.0 1.035358098913748 1.528784679350296 
0.0 1.036730344390455 1.5276940379017458 
0.0 1.0351711004511845 1.5272509858433716 
0.0 1.0343612150689587 1.5268750067012822 
0.0 1.0332521601631752 1.5261135203157699 
0.0 1.031627965870495 1.526690119545093 
0.0 1.0306959588938545 1.526216729064083 
0.0 1.0298840449016646 1.5268634021443106 
0.0 1.0290644021328355 1.526513572498966 
0.0 1.0283266280110037 1.5259696227797577 
0.0 1.027321720576792 1.5255010693435216 
0.0 1.0258902798641805 1.5252730520037114 
0.0 1.0245459537534185 1.524680733701038 
0.0 1.0228877335715825 1.5243369837916254 
0.0 1.0209714854389225 1.523679850620909 
0.0 1.0195554318555073 1.5233236578931584 
0.0 1.0181997559706046 1.5232670728276962 
0.0 1.016197985545558 1.5228295506101974 
0.0 1.015230898829193 1.5223588818733054 
0.0 1.0145744607642142 1.521550226546109 
0.0 1.013631662940187 1.5243557367582035 
0.0 1.0129067350469216 1.526383391289582 
0.0 1.0119722616463849 1.528304268806476 
0.0 1.0114219158625082 1.5298993865885424 
0.0 1.0103135293453753 1.5311355844333474 
0.0 1.0087901231365206 1.5320368020564452 
0.0 1.0077353363304546 1.5330977244052906 
0.0 1.007040755137529 1.53420504041408 
0.0 1.0063316670211482 1.5353335984481613 
0.0 1.0053367452978408 1.5362830229270814 
0.0 1.0044092751815472 1.5372045371379612 
0.0 1.0034362737426283 1.5375623877759834 
0.0 1.0024387976971953 1.5380363819112266 
0.0 1.0017187138438792 1.5381944070142186 
0.0 1.001500462716154 1.5384829172324053 
0.0 1.0006470010979298 1.538456265515116 
0.0 1.0001190996134628 1.538961349357919 
0.0 0.999295778513145 1.5390205170661622 
0.0 0.998797999843839 1.5388970688028838 
0.0 0.9992867223599641 1.5391372210748657 
0.0 0.9992122319196132 1.5395599267985127 
0.0 0.9983693823665832 1.5390903688378088 
0.0 0.997886934682244 1.5391012383112044 
0.0 0.9973590368041936 1.5386906562752876 
0.0 0.9971924443605431 1.5384157988412384 
0.0 0.9968685390752522 1.5381122926835071 
0.0 0.9968072433216045 1.5376889532270985 
0.0 0.9964083688182247 1.53700501119586 
0.0 0.9958875025555836 1.5362598371984293 
0.0 0.9954353416875108 1.5358253452890156 
0.0 0.9952136824273242 1.5352457757771332 
0.0 0.9948471515471037 1.5347696055812508 
0.0 0.9947059409518751 1.5343043275422852 
0.0 0.9946119571623147 1.533542610816592 
0.0 0.9942694000810786 1.5328936460063223 
0.0 0.9939507846325708 1.532000351796878 
0.0 0.9938578229465231 1.5325296763454135 
0.0 0.9934425424696237 1.533403062851312 
0.0 0.993083382674315 1.5340234286915098 
0.0 0.9926187319935916 1.5345313294332916 
0.0 0.9921329836074865 1.5350090885216157 
0.0 0.9919392483694766 1.5354352964303135 
0.0 0.9915371018684762 1.5356603148670098 
0.0 0.9912958322862266 1.5356228732719506 
0.0 0.9906244632580792 1.5358569232229944 
0.0 0.990144412549177 1.53580107256645 
0.0 0.9897564814898553 1.5362756475410095 
0.0 0.9897301726394588 1.5362384929731483 
0.0 0.989277556118337 1.53606714375077 
0.0 0.9892737675506338 1.5358621109803767 
0.0 0.989049874246422 1.5358882975443995 
0.0 0.9888721510138921 1.5357849962647414 
0.0 0.988515817986865 1.5357862081983304 
0.0 0.9880851462516304 1.5355842166323823 
0.0 0.9882254086989912 1.5356001458977189 
0.0 0.9881853095400228 1.5358012707731101 
0.0 0.9879755491796147 1.5357535684827077 
0.0 0.9875962577972796 1.535714155677008 
0.0 0.9878139808715057 1.5357511873247347 
0.0 0.9877960830120845 1.535709604061077 
0.0 0.9876962914069557 1.5354852575883209 
0.0 0.9874210858431373 1.534985959530797 
0.0 0.9868835880141803 1.5344613642840104 
0.0 0.986468385146669 1.5341614273523811 
0.0 0.9862877112461323 1.5337567806786379 
0.0 0.9860609188228489 1.5332739171753247 
0.0 0.9861819277478332 1.5327996602076854 
0.0 0.9878954229314344 1.5327513125353143 
0.0 0.9903007381594222 1.5331663793823738 
0.0 0.9931501050823576 1.533476438118714 
0.0 0.9953818659543362 1.5341126435833765 
0.0 0.9960502966397682 1.5341796333013855 
0.0 0.995533443503012 1.533776206617182 
0.0 0.994818743440525 1.533209042006047 
0.0 0.9940810571289151 1.5325864756529426 
0.0 0.9932812698606625 1.5318266001095329 
0.0 0.9924640150062328 1.5310337863237677 
0.0 0.9918122542265737 1.5303914347260763 
0.0 0.9910851134784354 1.5297840260233349 
0.0 0.9902468737569909 1.5290887662158317 
0.0 0.9893885410855461 1.5283492409432313 
0.0 0.9886408983940977 1.527595699608833 
0.0 0.9878940872251823 1.5270688003414146 
0.0 0.9872568112194291 1.5266002869628963 
0.0 0.9867858499194204 1.5259973543318806 
0.0 0.9860810055962196 1.5254732572198537 
0.0 0.98532717540338 1.52460753336949 
0.0 0.9846474137362238 1.5237513134720324 
0.0 0.9840430074527758 1.5230824331326127 
0.0 0.9834550912689731 1.5221936081157978 
0.0 0.98302947576189 1.5213492559041752 
0.0 0.9825187647175453 1.520601828122846 
0.0 0.9820374724786389 1.519692428736029 
0.0 0.9813668144404394 1.5188927468251605 
0.0 0.9806780067512437 1.5182939310862782 
0.0 0.9802557638255592 1.5175828580149227 
0.0 0.9797569954512139 1.5169946891784916 
0.0 0.97923947003035 1.5162604553854067 
0.0 0.9787131941946801 1.515438741425743 
0.0 0.9781071366083031 1.514762778737036 
0.0 0.9777322388258923 1.5142006692922259 
0.0 0.9774206612193931 1.51339405605617 
0.0 0.9771448121769349 1.5125024443943622 
0.0 0.9769206622193035 1.511829387533222 
0.0 0.9767882197373654 1.5112867602128819 
0.0 0.9764457114186951 1.5107588986410507 
0.0 0.9773174654780861 1.5100161056846333 
0.0 0.9788773709046503 1.510056546366894 
0.0 0.9794733835377885 1.5099670613611684 
0.0 0.9790351441462207 1.509209123347426 
0.0 0.9786094168948686 1.5084211235735814 
0.0 0.9780303494613275 1.5077202051122498 
0.0 0.9774951801121714 1.506786758465902 
0.0 0.9769916654753079 1.505998717085346 
0.0 0.9763490332777196 1.5050942096295206 
0.0 0.9757628642064432 1.5043483162820457 
0.0 0.9751889685044204 1.5036032878413217 
0.0 0.9747479700852981 1.502936583139005 
0.0 0.9744186333582675 1.5021466688699219 
0.0 0.9740293696698202 1.50133847524101 
0.0 0.9735498314947068 1.500612843634231 
0.0 0.9731773967816294 1.4999162293832888 
0.0 0.972658988870495 1.4992781147000174 
0.0 0.972321058417472 1.4986193886239696 
0.0 0.971948566279548 1.4981904468119185 
0.0 0.9719685131987188 1.497650069215715 
0.0 0.9719764031945014 1.497117606751993 
0.0 0.9716756892058279 1.4965138303071002 
0.0 0.9712519737109819 1.4958106281416643 
0.0 0.9708648796963975 1.4949929194359197 
0.0 0.9705286233946535 1.4941485912148909 
0.0 0.9702066332129107 1.4934437067410025 
0.0 0.9699459245347196 1.492725175429667 
0.0 0.9698709687212511 1.4924385357515644 
0.0 0.9697010892604984 1.49176567842003 
0.0 0.9697090626511016 1.49128523547237 
0.0 0.9696074064081569 1.4906710474669638 
0.0 0.9692892988772998 1.4902686827018838 
0.0 0.9689259865331697 1.489580425317605 
0.0 0.9686367535655136 1.4891253763541534 
0.0 0.9683086310951207 1.4887258306444062 
0.0 0.9682936923889273 1.4883022305311644 
0.0 0.9682868205608469 1.4880203615954561 
0.0 0.9682283158011484 1.4876238739670296 
0.0 0.9679273808016988 1.486878996212931 
0.0 0.9678223293230398 1.4864787952919944 
0.0 0.9676614722289357 1.4857968505535104 
0.0 0.9675532013009328 1.4851673961468843 
0.0 0.9683223446882738 1.4845746385158423 
0.0 0.9697955979266063 1.4846893565608739 
0.0 0.9709577030825587 1.484789577758728 
0.0 0.9722646253421866 1.4850953769807576 
0.0 0.9735071745669369 1.4852275659544885 
0.0 0.9742827756390853 1.4856439870337417 
0.0 0.9741768721083139 1.4853901124938969 
0.0 0.9737655535381639 1.4850370385965455 
0.0 0.9732972159492393 1.4844222583978288 
0.0 0.9729292100091296 1.4840178838580678 
0.0 0.9724704105937634 1.4835138051257126 
0.0 0.9719972943808584 1.482906379610307 
0.0 0.971544610111869 1.4822487706575331 
0.0 0.9711711455895836 1.4814791393361038 
0.0 0.9707111994261821 1.4808558345008107 
0.0 0.970245665253094 1.4803573323020633 
0.0 0.9697633526993213 1.4797575832787824 
0.0 0.9692730718020153 1.4791524444778255 
0.0 0.9689460977313575 1.4785590885229742 
0.0 0.9685522607453111 1.4779671973120665 
0.0 0.9681078659592454 1.477205860930581 
0.0 0.9676915236004904 1.476561714455847 
0.0 0.9672955262016919 1.4760565854142325 
0.0 0.966930954183058 1.475618578501047 
0.0 0.9666764076866945 1.475112194757518 
0.0 0.9665123278080616 1.4747919093786892 
0.0 0.9662988454209454 1.4743611302340822 
0.0 0.9660572162294573 1.4738674265568181 
0.0 0.9656819129484605 1.4733742113675716 
0.0 0.9653577461517786 1.4727122671658681 
0.0 0.965064502738114 1.4720439708562822 
0.0 0.9647210222041006 1.4714723003448793 
0.0 0.9644081482533092 1.4709193049886908 
0.0 0.9641491989894111 1.4703524067098301 
0.0 0.9638630823217479 1.4697555801230822 
0.0 0.9635508773749366 1.4692864283599603 
0.0 0.96342228990926 1.4688341215403482 
0.0 0.9633277455489664 1.4686003986191771 
0.0 0.9630644114150437 1.468278036005137 
0.0 0.9629273228100856 1.467911101486163 
0.0 0.962543961191442 1.4673106552595214 
0.0 0.9622781775832123 1.466929061088949 
0.0 0.9620330390340731 1.4662941685300845 
0.0 0.9627082329847366 1.4658454089450215 
0.0 0.9641044571078071 1.4659235262388255 
0.0 0.9652931742679176 1.4664079902555975 
0.0 0.9668373503828749 1.4666071941167567 
0.0 0.9680938652854946 1.4671513936163594 
0.0 0.9693260714543339 1.4671579897532019 
0.0 0.9697175622105871 1.467304331264082 
0.0 0.9693779275828187 1.4667923510057033 
0.0 0.9689920615197115 1.4663151272257025 
0.0 0.9685776866236372 1.4658737702837905 
0.0 0.968185292083072 1.4654448211083764 
0.0 0.9677703176708357 1.4649085381425841 
0.0 0.9674194939232394 1.4643612258335972 
0.0 0.967082324551954 1.4637149253159911 
0.0 0.9667148102149111 1.4631452148587512 
0.0 0.9663669995662886 1.4630607565437348 
0.0 0.9659716034643688 1.462953017702084 
0.0 0.9656042989421105 1.4628460155650826 
0.0 0.9652348365135813 1.4625722517143511 
0.0 0.9649608140161788 1.462691262137891 
0.0 0.9646558085917903 1.4628602855124573 
0.0 0.9643527103883641 1.4625762679596102 
0.0 0.9639746142165658 1.462451883899421 
0.0 0.9635915542465061 1.462508020458004 
0.0 0.963277751084232 1.462526049419206 
0.0 0.962865845948003 1.46225045119355 
0.0 0.962515735027507 1.4624430424226909 
0.0 0.9622790442416541 1.462388596993827 
0.0 0.9619077115016752 1.4621897508971249 
0.0 0.9615369006616503 1.4620006291832208 
0.0 0.9612340157755914 1.4618576230456133 
0.0 0.9609249926762554 1.4615840811352563 
0.0 0.9606976632096534 1.4615434117310229 
0.0 0.9605485388999309 1.4613877090063319 
0.0 0.9604202584389333 1.461709318701455 
0.0 0.9602303302115756 1.461793577753416 
0.0 0.9599013152389835 1.46170266217897 
0.0 0.9597258457630983 1.4618330851566472 
0.0 0.9595109191665431 1.4618137131151991 
0.0 0.9592290645249327 1.4616156154543674 
0.0 0.9597773051726209 1.4618771659065217 
0.0 0.9607851411369771 1.4623573719524918 
0.0 0.9617895576399761 1.462912169672384 
0.0 0.9622986546741147 1.46363235931985 
0.0 0.9621312950587286 1.4639301427395708 
0.0 0.9617945424672275 1.46392710811615 
0.0 0.9615402442922528 1.4638458636655967 
0.0 0.9612298763420019 1.4639557733601327 
0.0 0.960955292729722 1.4639172288339295 
0.0 0.9606284528909294 1.4637815456225336 
0.0 0.9603920360406634 1.4636938797588404 
0.0 0.9601201330222912 1.4637822953000108 
0.0 0.9598536106267392 1.463788807246812 
0.0 0.9595593741234943 1.4637490839266523 
0.0 0.9592922915449191 1.4636855450934896 
0.0 0.9590537233552153 1.4635971908099141 
0.0 0.9588006978215975 1.4634515049075152 
0.0 0.9585015463178518 1.4632015067407722 
0.0 0.958245875141984 1.4632163805365126 
0.0 0.9579178226655495 1.463132478358113 
0.0 0.9575830538342748 1.463217091887328 
0.0 0.9573705208110218 1.4634510030251475 
0.0 0.9571567838983256 1.463159413184862 
0.0 0.9571091630662951 1.4631106258661195 
0.0 0.9569858378078823 1.4630847515464709 
0.0 0.956819145631646 1.4629951074363297 
0.0 0.956698469894783 1.4629522094887655 
0.0 0.9565207020392732 1.4630637273916036 
0.0 0.9563252518092014 1.463080142603583 
0.0 0.9560955314729475 1.4631146087328963 
0.0 0.9558962005973011 1.4632038620250263 
0.0 0.9557342728278498 1.4631612711561888 
0.0 0.9556194381825138 1.4629789590306503 
0.0 0.9555846733020407 1.4629373775583538 
0.0 0.9554357589033795 1.4628682042509176 
0.0 0.9553151531173243 1.4628679198407606 
0.0 0.9552150837605009 1.4627761541456357 
0.0 0.9551498553219592 1.4626439914499647 
0.0 0.9554475893123205 1.4625395301097752 
0.0 0.9563706243920317 1.4631184488221627 
0.0 0.9572876339116274 1.4635507596686341 
0.0 0.9580822367788959 1.4640787977218728 
0.0 0.9583794790589113 1.4643609783603107 
0.0 0.9581712192071324 1.4643853433720766 
0.0 0.9579085587283919 1.464397586862419 
0.0 0.9576724017251397 1.4644150938471632 
0.0 0.9573903430191568 1.4644269328317772 
0.0 0.9571236598351575 1.4644108222062642 
0.0 0.9568897922452678 1.4642332133530491 
0.0 0.9565799805861788 1.4641656636098084 
0.0 0.9563633678717557 1.4641194829332407 
0.0 0.9560882657673662 1.464218673104269 
0.0 0.9558798367305924 1.4642984865611368 
0.0 0.9557011918831049 1.4642443001342298 
0.0 0.9554716039058743 1.464259077095774 
0.0 0.9552835608915653 1.4641162126391847 
0.0 0.9550416614161821 1.4640739623774226 
0.0 0.9548143754999227 1.4642543169743147 
0.0 0.954626260764074 1.4641845795076858 
0.0 0.9544583948059039 1.4639882734746656 
0.0 0.9542026488435997 1.4638272546058253 
0.0 0.9539700628010042 1.4637300932603505 
0.0 0.9537266856621811 1.4637526085692953 
0.0 0.9535481823229005 1.4637573322059312 
0.0 0.953333390606152 1.4637408887516588 
0.0 0.9531645091825124 1.4636266315986683 
0.0 0.9530416643169419 1.4637247385251848 
0.0 0.9528995140883599 1.4636792215372676 
0.0 0.952930616860289 1.4637409337788412 
0.0 0.9528636068921881 1.4638019271274993 
0.0 0.9527491426373114 1.4637326273779057 
0.0 0.9525523318960778 1.4636226233423775 
0.0 0.9525128408661588 1.4637441557008002 
0.0 0.9524451217916886 1.4635972300598907 
0.0 0.9523748167387909 1.4635153467581525 
0.0 0.9523737945269457 1.4636530332670075 
0.0 0.9522136731067433 1.4635819314632579 
0.0 0.952085912610156 1.4636022120229166 
0.0 0.9519924210077325 1.4634803911377263 
0.0 0.951925774623499 1.463403121529561 
0.0 0.9518045252988753 1.4632500986085373 
0.0 0.9517693718756631 1.4633114535651743 
0.0 0.9517425948482809 1.4632991827851232 
0.0 0.951671232411486 1.4632774239249495 
0.0 0.9516094554476281 1.4633318304994216 
0.0 0.9515262919718401 1.4633311554270085 
0.0 0.9514675761829439 1.4632819383826279 
0.0 0.9513989050428068 1.4632371322455384 
0.0 0.9513983067887878 1.4632180071718923 
0.0 0.9512937129419877 1.4630712229532137 
0.0 0.9512168176437696 1.4630753377797083 
0.0 0.9511032905220218 1.463038632636304 
0.0 0.951184713797565 1.4630846153984263 
0.0 0.9511155460721143 1.4630289362717823 
0.0 0.9510919127842465 1.4630126606551224 
0.0 0.950938602865008 1.4629742588883972 
0.0 0.9508491978008065 1.463013323491572 
0.0 0.9507696322323957 1.4629668225958825 
0.0 0.9505540698976376 1.462872744128743 
0.0 0.950542708995212 1.4628087877385092 
0.0 0.9505097679347165 1.462825689008652 
0.0 0.9505462897950088 1.4629411925738405 
0.0 0.9506653647146006 1.462887044349719 
0.0 0.9506149305643137 1.4628309181994732 
0.0 0.9506420303900265 1.4627995103022142 
0.0 0.950531225787257 1.4628087128325453 
0.0 0.9504392882525399 1.4628257621786496 
0.0 0.9502758954839557 1.4629078042917327 
0.0 0.9502282565708389 1.4628033813916261 
0.0 0.9501492445750432 1.4627435830484765 
0.0 0.9501059286690586 1.4628855286820668 
0.0 0.94998034689566 1.4628528842771986 
0.0 0.9500089189438102 1.4627949100383981 
0.0 0.9499444964628035 1.4628205425777494 
0.0 0.9499248093616415 1.4627496075522048 
0.0 0.9499222208835625 1.4627050559448114 
0.0 0.9497822534821619 1.4625504176142066 
0.0 0.9502463775328973 1.462502412717175 
0.0 0.9505218078783843 1.4629417429999978 
0.0 0.9503549671016841 1.462883058224786 
0.0 0.9502792473988774 1.462872889942485 
0.0 0.9501446519122625 1.46286146736842 
0.0 0.9499091900006532 1.4627730403518684 
0.0 0.9497450431809051 1.4626383939417837 
0.0 0.9496024323675497 1.4625509200835014 
0.0 0.9494831251829543 1.4624907545743584 
0.0 0.9493374212474663 1.462380668905814 
0.0 0.9492300185686408 1.4622446649160805 
0.0 0.9491035503268421 1.4622839722546188 
0.0 0.9490337079353456 1.4622583623069985 
0.0 0.9488538211518978 1.4620398669580543 
0.0 0.9487564305099541 1.4619297128441184 
0.0 0.9486434530494632 1.461909582305329 
0.0 0.9485002123670606 1.461870965405307 
0.0 0.9485326369147815 1.4617777440272168 
0.0 0.9484555057142237 1.461741252222176 
0.0 0.9484354636912344 1.4616972481172439 
0.0 0.9483896571718868 1.461676403043339 
0.0 0.9482655305379527 1.4616674862807693 
0.0 0.9481820568174315 1.4615737092960168 
0.0 0.9481235741615647 1.4615270172977874 
0.0 0.9480274503472604 1.461547067901733 
0.0 0.9479781046289593 1.4615217087435002 
0.0 0.9479181060967078 1.461482840581415 
0.0 0.9478768711305934 1.4614008476269356 
0.0 0.9478872070764918 1.4613706454468702 
0.0 0.9479787629944482 1.4613674303932167 
0.0 0.9480267061842435 1.4613213919847343 
0.0 0.9480049402310912 1.4612452507561273 
0.0 0.9480988099336574 1.4612580585112702 
0.0 0.9480494310548668 1.461053774865053 
0.0 0.9481885205388617 1.4609578291471053 
0.0 0.9484540339730809 1.4608546496871984 
0.0 0.948772587740953 1.4609330977348636 
0.0 0.9487317561863193 1.4611151147690011 
0.0 0.9486157604050505 1.461178325858219 
0.0 0.9485067186489913 1.4611196445810646 
0.0 0.9483822463641092 1.4610066344409867 
0.0 0.9482246079385798 1.461101870372212 
0.0 0.9480760015862547 1.4609448637950013 
0.0 0.9479069697425936 1.460826778158266 
0.0 0.947812721657789 1.460898196179781 
0.0 0.947676424805833 1.460905814661389 
0.0 0.9475492792392817 1.4609556412668756 
0.0 0.9473865409818009 1.4608116396840445 
0.0 0.9472611373542577 1.460699998840846 
0.0 0.9471706933271746 1.4605896460209813 
0.0 0.9472145475040923 1.4605194755827828 
0.0 0.9472478715381896 1.46051067923283 
0.0 0.9472074748835401 1.460481470636084 
0.0 0.9471128946341227 1.4605941457259526 
0.0 0.947065672102816 1.4606005377303366 
0.0 0.9469614743326547 1.4606064062915438 
0.0 0.9469045803758815 1.4607115669428803 
0.0 0.9468747685355701 1.460745148333868 
0.0 0.946797366559468 1.4606889273553294 
0.0 0.9467244736351975 1.4605798700683952 
0.0 0.9467412994620792 1.460561113267633 
0.0 0.946733691062664 1.4604171369531622 
0.0 0.9467239398119911 1.4603504690296574 
0.0 0.9467178290915693 1.4603201235874286 
0.0 0.9467418972303431 1.4603550437903385 
0.0 0.9466369200475399 1.460322007256102 
0.0 0.9465679671823196 1.4603612784969093 
0.0 0.9464425679744805 1.4603113733745356 
0.0 0.9463107212562888 1.4602776259993318 
0.0 0.946321850294101 1.4602920136371689 
0.0 0.9463157249534907 1.4602499826882989 
0.0 0.9463267956012186 1.4602178679424254 
0.0 0.9462941614576097 1.4601443001324403 
0.0 0.9462002093033969 1.4601352691190324 
0.0 0.94660649001103 1.4600892646357029 
0.0 0.9469655432674696 1.460436093856093 
0.0 0.9469051455526316 1.4604399111318815 
0.0 0.9468536800275584 1.4603819661155737 
0.0 0.9467636421464132 1.4604542923042454 
0.0 0.9466651979530452 1.4603854703402313 
0.0 0.946524494307754 1.4602881820061322 
0.0 0.9463829027435896 1.4601261072352658 
0.0 0.9463073757787248 1.4600656396447038 
0.0 0.9463424233318604 1.4600075873264116 
0.0 0.9462966755106661 1.459973600467698 
0.0 0.9462730004041461 1.4600976478631444 
0.0 0.9463437196226078 1.460152164619429 
0.0 0.9463954717358865 1.4601408959601145 
0.0 0.946288184139824 1.460103107484069 
0.0 0.9461960155469782 1.4600763747705499 
0.0 0.9461619524378907 1.4599817699057884 
0.0 0.9461491814231523 1.459958340165616 
0.0 0.9460506496983346 1.459939316660504 
0.0 0.9460635825486643 1.4598857765479927 
0.0 0.9460584001280334 1.4599831780309305 
0.0 0.9459465689360157 1.4599717884339518 
0.0 0.9459649348307587 1.4599454080796708 
0.0 0.9459503948238089 1.4598276294040984 
0.0 0.9458661334126403 1.4598096510891627 
0.0 0.9457797758090588 1.4597682240353311 
0.0 0.9457644430186899 1.4599304584989 
0.0 0.9457308118648036 1.4603816943340546 
0.0 0.9456545774149541 1.4608045685180366 
0.0 0.9456742729763797 1.4613146392735976 
0.0 0.9457424241052635 1.461858140847838 
0.0 0.9456915556764471 1.4623339560342044 
0.0 0.9456213212401797 1.462781237329422 
0.0 0.9455472742352264 1.463064149193542 
0.0 0.9458872262117606 1.4635481456844626 
0.0 0.946704377196834 1.4640906128820261 
0.0 0.9474813691229954 1.4643915474395717 
0.0 0.9480509040249974 1.4649210625787827 
0.0 0.9481937765015497 1.4654243549651977 
0.0 0.9480944933957584 1.4658353986222599 
0.0 0.9479513542035972 1.4661645746580945 
0.0 0.9478016488463104 1.4666120019133766 
0.0 0.9476544699704904 1.4668008743901357 
0.0 0.947493382981513 1.4670429497423976 
0.0 0.9473203897471334 1.4672074344609356 
0.0 0.9471406684277431 1.4672990334497593 
0.0 0.9469927306447903 1.4672876105324322 
0.0 0.9469217880978018 1.4673873213453508 
0.0 0.9467562144903942 1.4676916352311622 
0.0 0.9466018232686898 1.467991921946139 
0.0 0.9464722728914439 1.468323161578036 
0.0 0.9463795007387035 1.4686541911206454 
0.0 0.9462980610232604 1.46900482584308 
0.0 0.9462276907198247 1.469364284499009 
0.0 0.9461178691615941 1.4697781861607553 
0.0 0.9460161632527689 1.4701404581885738 
0.0 0.945854697961352 1.4705052422379938 
0.0 0.9457778686494525 1.4708517123437557 
0.0 0.9456989955047236 1.4710736463124743 
0.0 0.9456179654379137 1.4714236696072271 
0.0 0.9455411307998779 1.4717638131780588 
0.0 0.9454383855043361 1.472033807091379 
0.0 0.9453916470920314 1.4723975921486576 
0.0 0.9453442762600424 1.4726336879943993 
0.0 0.9452245580489623 1.4729382782835865 
0.0 0.9451192919020415 1.4731297794198077 
0.0 0.9449438502039894 1.47351916610978 
0.0 0.9448704008119992 1.473585134770994 
0.0 0.944750437452068 1.4735911721210944 
0.0 0.9447067487906584 1.473790324247393 
0.0 0.9447257712306796 1.4741905948485987 
0.0 0.9447222168938327 1.474412208960108 
0.0 0.9446679609404494 1.4746201823378757 
0.0 0.944595256932696 1.4749825199660382 
0.0 0.9445551071333707 1.4752101915768 
0.0 0.9445550229587938 1.4756641880579264 
0.0 0.9445129139192312 1.4758432752904658 
0.0 0.9444533395548614 1.47612023635522 
0.0 0.9443846122538535 1.4763195008005616 
0.0 0.9443578500131536 1.4765179151730283 
0.0 0.9443416651200339 1.4767325199574852 
0.0 0.9444432819152827 1.4769747121840322 
0.0 0.9444689300784054 1.4771327297826278 
0.0 0.944422360954547 1.477430615102164 
0.0 0.9443569627598976 1.4775258397655764 
0.0 0.9443595049127675 1.4775980276544705 
0.0 0.9442437638862151 1.477778669362511 
0.0 0.9441627809508767 1.4781271073973623 
0.0 0.9441409042050234 1.4782289577777397 
0.0 0.9441468549706408 1.4784453450462807 
0.0 0.9441184696796787 1.4786172492866339 
0.0 0.9441311032066283 1.478833165342307 
0.0 0.9440903686760369 1.479081912926377 
0.0 0.9440146749632788 1.4792470950383427 
0.0 0.9440265798253858 1.479435825541302 
0.0 0.9439555201153634 1.479646014406111 
0.0 0.9438371508400573 1.4798177959201904 
0.0 0.9437978112865357 1.4798603799781795 
0.0 0.9437915333003573 1.479960263649594 
0.0 0.9437731041661961 1.4800900575672693 
0.0 0.9437895722321668 1.4802139629068896 
0.0 0.9437200553810144 1.4804098314499485 
0.0 0.9436399897814388 1.480498322173902 
0.0 0.9436045199164999 1.4804592229593323 
0.0 0.9435172090066669 1.480721459480005 
0.0 0.9433792200911727 1.480743893270921 
0.0 0.9433287141279935 1.4807938371202116 
0.0 0.9433448614653416 1.4811638964290328 
0.0 0.943309099461585 1.4813270902331206 
0.0 0.9432895369132781 1.4815215011501064 
0.0 0.9433103532890857 1.4817428297724513 
0.0 0.9433081943543669 1.4819407880004862 
0.0 0.9433652620166039 1.4820550877633352 
0.0 0.9433504657315452 1.4822823509168557 
0.0 0.9433113436107813 1.482549365280596 
0.0 0.943263933476327 1.4826662790012826 
0.0 0.9432621972560534 1.4828439289824389 
0.0 0.9432659590453167 1.4829750688357055 
0.0 0.9432875460985155 1.4831131342363335 
0.0 0.9433027384125708 1.4833009559068744 
0.0 0.9432966245254164 1.483348726124508 
0.0 0.9431837088692175 1.4835111181716658 
0.0 0.9431116054468115 1.4835503640167007 
0.0 0.9430339266516157 1.4836221205141333 
0.0 0.9430034575720173 1.4836092666477476 
0.0 0.9429460674225796 1.4838390767031002 
0.0 0.9429080190781074 1.4839019337393655 
0.0 0.9428619688983343 1.483996945574166 
0.0 0.9428210739023257 1.4840573614427424 
0.0 0.9427873719984962 1.4842428169960813 
0.0 0.9428414272627732 1.484459485208904 
0.0 0.9427853130767887 1.4845645356178974 
0.0 0.9427818750991053 1.4846577518628081 
0.0 0.9427850707069445 1.4847493233336666 
0.0 0.9428172822784185 1.4848094007406791 
0.0 0.9427985555296278 1.484945214624072 
0.0 0.9427833258589402 1.4850204763875885 
0.0 0.9427440441129755 1.4850362393376852 
0.0 0.9427590670492406 1.4851109823975177 
0.0 0.9427605736899585 1.4852276268421694 
0.0 0.942817153046101 1.485304312902423 
0.0 0.94284797727284 1.4854058858826762 
0.0 0.9428242512205564 1.4854427411669429 
0.0 0.9428353894246019 1.4854834692392747 
0.0 0.9428020209484606 1.4854917453114937 
0.0 0.9427883409056727 1.4856237663546872 
0.0 0.9428002563630831 1.4857109911335873 
0.0 0.942799168807272 1.4857906199914703 
0.0 0.9428349715288833 1.4859730295190414 
0.0 0.9428570759282224 1.4859734753915639 
0.0 0.9428447855536979 1.4860115393040332 
0.0 0.9428023148540569 1.4861210330146812 
0.0 0.9427583755473188 1.4861816136153774 
0.0 0.9427102955833937 1.486188636668482 
0.0 0.9426606521147871 1.486131081609384 
0.0 0.9426195074417587 1.4861732882917567 
0.0 0.9425806187014653 1.4862658900020511 
0.0 0.9425511617430075 1.4863849455477802 
0.0 0.942608473906731 1.4865212385780944 
0.0 0.9426786882212733 1.486562994080748 
0.0 0.9426457525714393 1.4866310504714455 
0.0 0.9426279848921676 1.4867019525373804 
0.0 0.9425800485888709 1.4866621321426816 
0.0 0.9425571496081643 1.4867924233299366 
0.0 0.9425362216176932 1.4868793972180114 
0.0 0.942582756744624 1.486908024000504 
0.0 0.9425835132293506 1.4870790088504955 
0.0 0.942532662361448 1.4871263925831721 
0.0 0.9425465275491348 1.4871886976342776 
0.0 0.942538963766691 1.4872491693364138 
0.0 0.942525064195198 1.4872870033049361 
0.0 0.9425366116310836 1.4873138100036822 
0.0 0.9425145063902033 1.4874427187852506 
0.0 0.9424839409676677 1.4874076018070013 
0.0 0.9424908713240852 1.4875576119956397 
0.0 0.9425264107418475 1.4875859761636723 
0.0 0.9425675712292705 1.487647257061829 
0.0 0.9425403465220895 1.4876890959518678 
0.0 0.9425170300650828 1.487781723829378 
0.0 0.9425581126809193 1.4878516690703443 
0.0 0.9424753791129856 1.4878901765529104 
0.0 0.9424097057439734 1.4878341812516518 
0.0 0.9424061808090806 1.4878108793103046 
0.0 0.9424239009692134 1.4878197639118036 
0.0 0.9423899161852737 1.4879069198909083 
0.0 0.9423145406258292 1.4879584350299417 
0.0 0.9423077371740057 1.487914325752509 
0.0 0.9422882219484946 1.487880459815816 
0.0 0.9422384185725935 1.4879602799643072 
0.0 0.9424933115353412 1.4879509192810625 
0.0 0.9429745416697287 1.4880196371575622 
0.0 0.9433905360739465 1.4879959565451129 
0.0 0.9437581525253965 1.4880947986251156 
0.0 0.9441958013078011 1.4882376641104762 
0.0 0.9445671922548579 1.4883460382029565 
0.0 0.94501360777986 1.488462926850949 
0.0 0.9454353967566055 1.488471194727762 
0.0 0.9458029224703735 1.488623426099607 
0.0 0.9459820608257519 1.4887596287888316 
0.0 0.9459066457462442 1.4887423346431634 
0.0 0.9457711253407712 1.488765119410471 
0.0 0.9456593205481734 1.4887377151921535 
0.0 0.9455351697451772 1.488655608489954 
0.0 0.9454745695203949 1.4886179354240001 
0.0 0.9453590485096425 1.4886574452431232 
0.0 0.9452654466955253 1.4885823155480473 
0.0 0.945152618140043 1.488531473370195 
0.0 0.9450488553396171 1.4884721719040228 
0.0 0.9449374497274672 1.488402782031362 
0.0 0.944814769132176 1.4883425817818579 
0.0 0.9447127002145612 1.4883295651449808 
0.0 0.9446121670046733 1.4883480466739583 
0.0 0.944525026745944 1.4883697346727596 
0.0 0.9444348877496896 1.4884878874699705 
0.0 0.9443208786648809 1.488360804193233 
0.0 0.9442358028762184 1.4883186787840792 
0.0 0.9441658093861082 1.488257641944584 
0.0 0.9441035384908537 1.488307709800992 
0.0 0.9440196783757858 1.4883229828569544 
0.0 0.9439016340635433 1.4883384592120932 
0.0 0.9437908280097994 1.488309681223382 
0.0 0.9436971343621402 1.4882459880818244 
0.0 0.9435835439884782 1.488173791275633 
0.0 0.9434914935752121 1.4881751709563862 
0.0 0.9433599013185112 1.4881396017480375 
0.0 0.943272721057488 1.4881702288717051 
0.0 0.9431541147512277 1.4881465507504847 
0.0 0.9430748832242701 1.4881380622988942 
0.0 0.9430152456634369 1.4881228400057516 
0.0 0.9429328521210144 1.488134310316425 
0.0 0.942815461445197 1.488042345767503 
0.0 0.9427040064009035 1.4880499401063458 
0.0 0.9425976168228244 1.4880235946678848 
0.0 0.9424986775652604 1.4879455843134037 
0.0 0.9423956446201734 1.487875224730538 
0.0 0.9422787324179436 1.4879066759573196 
0.0 0.9421565568775834 1.48786286481615 
0.0 0.9420599701849877 1.4879074585153276 
0.0 0.94201070093711 1.4879654208757702 
0.0 0.9419160314087722 1.4880698089325666 
0.0 0.9418690996144127 1.488087754956158 
0.0 0.9418062953287673 1.4880561471208964 
0.0 0.9417171734318706 1.4880795794044097 
0.0 0.9416766228823849 1.488133525364109 
0.0 0.9416477663692808 1.4881590756212093 
0.0 0.9415968353306926 1.4880781730461303 
0.0 0.9415216141153846 1.4881147260331418 
0.0 0.9414559581112726 1.488061335983918 
0.0 0.9414090020133896 1.4880375425768484 
0.0 0.941344404595499 1.488137711703764 
0.0 0.9413125155296149 1.4881029931361303 
0.0 0.9412395599689382 1.4880599322674841 
0.0 0.9411751417365432 1.4880474476415209 
0.0 0.9410984841423932 1.4880930768588863 
0.0 0.941023582752237 1.488125342491168 
0.0 0.9409626309293311 1.488113867277554 
0.0 0.9409062853622776 1.4881229368792641 
0.0 0.9408129908217678 1.488093111226212 
0.0 0.9408182308691001 1.4881807411671413 
0.0 0.9408059394841065 1.4881249815775035 
0.0 0.940756041107554 1.4881136256624656 
0.0 0.9407293984095005 1.4882056294901722 
0.0 0.9407350776873007 1.488210021925325 
0.0 0.9406973924352956 1.4882926686645663 
0.0 0.940660606137239 1.4883845500270438 
0.0 0.9405841468367536 1.4884223788643893 
0.0 0.9405164858211245 1.4883695922157312 
0.0 0.9404602869112832 1.4882790490239022 
0.0 0.9404311396352512 1.4882592521946068 
0.0 0.9403414471988345 1.488250311853663 
0.0 0.9403146685950992 1.488202559187179 
0.0 0.9402420922112924 1.4882174281345577 
0.0 0.9401701245869885 1.488187294621043 
0.0 0.9401095297963402 1.4882030719241892 
0.0 0.940057352238708 1.4881145005862833 
0.0 0.9400107726299916 1.488131476104363 
0.0 0.9399830575825752 1.4880329958066068 
0.0 0.9399726731393091 1.487959994800026 
0.0 0.9399444391876417 1.4879472329673595 
0.0 0.9399267417468398 1.4879083981559877 
0.0 0.9399051678541676 1.4879243683401207 
0.0 0.9398785063010437 1.4878788629863302 
0.0 0.9398661953171957 1.4879385492786648 
0.0 0.9398081514508817 1.4879314554491772 
0.0 0.9397753248140176 1.4878410378828313 
0.0 0.9396993806796108 1.4877002665022196 
0.0 0.9396393559331636 1.4877104756156612 
0.0 0.9396561174656891 1.4876628053122394 
0.0 0.9396687702154346 1.4875575335524733 
0.0 0.9396556121467895 1.4874971601325881 
0.0 0.9396342690071129 1.4874918354011721 
0.0 0.9395959164868953 1.4874596264842288 
0.0 0.9395425760811973 1.4875504153837051 
0.0 0.9394931351766768 1.4875182887973242 
0.0 0.9394575696268844 1.4874601592561305 
0.0 0.9394087846672737 1.4874015362261694 
0.0 0.9394228719444773 1.4873990326396318 
0.0 0.9393892387163703 1.4873599177139725 
0.0 0.9394069425065255 1.4873586935208156 
0.0 0.939469071274799 1.4872184840165357 
0.0 0.9394846712403467 1.4872127602078886 
0.0 0.9394712948313304 1.4871742999257482 
0.0 0.9394277878415005 1.4871151377063894 
0.0 0.939366087342788 1.4870585262729474 
0.0 0.9392993558998675 1.4869642648321721 
0.0 0.9392530978878992 1.486896612122873 
0.0 0.9392481265374044 1.4868721056472558 
0.0 0.9392716850968588 1.4868924326060893 
0.0 0.9392616269389992 1.4868561290352924 
0.0 0.9392489563308714 1.4868623255242825 
0.0 0.9392346502125799 1.4869145053828903 
0.0 0.939251612279305 1.4867898148725356 
0.0 0.9395376589544171 1.4868133272013957 
0.0 0.9399742797706562 1.486891718115329 
0.0 0.9405195552475122 1.4869877875177115 
0.0 0.9409107420256902 1.4870346857193846 
0.0 0.9413691481987955 1.4870011952831967 
0.0 0.9415548902566553 1.4870511275949299 
0.0 0.9416930293986954 1.4870794786091401 
0.0 0.9418248604665603 1.487073963099481 
0.0 0.9417674077813702 1.4870039050174948 
0.0 0.9416672096288795 1.4869429690286293 
0.0 0.9415854328237121 1.486896020595352 
0.0 0.9415013190506404 1.4868999044001099 
0.0 0.941415646570492 1.486849548079451 
0.0 0.9413212053493429 1.486815680175202 
0.0 0.9412284376213126 1.4867411592449522 
0.0 0.9411246681409265 1.4866614869876138 
0.0 0.9410344161189995 1.486643903769726 
0.0 0.9409302361038164 1.4865587191681822 
0.0 0.9408459617587441 1.4865018816311948 
0.0 0.9407435954488602 1.486405543540052 
0.0 0.9406559366997346 1.48635952983174 
0.0 0.9405846040730482 1.4863498231466137 
0.0 0.9404940416559043 1.4862556777414437 
0.0 0.9404747961823572 1.4862340190135486 
0.0 0.9404262131423123 1.4861919187090729 
0.0 0.9403358963155111 1.4861247877213741 
0.0 0.9402786712050588 1.4860632142589705 
0.0 0.9402577717923243 1.4859928628965853 
0.0 0.9401878689863532 1.4859076122323853 
0.0 0.9400683702601279 1.4858400047201434 
0.0 0.9399647854865277 1.4858289085141188 
0.0 0.9398895134397554 1.4858805262995092 
0.0 0.9398328476554558 1.4859157483680743 
0.0 0.9398223109453757 1.4859880637777698 
0.0 0.9397888238602894 1.4859319142472245 
0.0 0.9397651415723759 1.4859532717955473 
0.0 0.9397601185778247 1.4858841970697623 
0.0 0.9397317139715423 1.485843891507496 
0.0 0.9396781266400313 1.4858424643078298 
0.0 0.9396231642935232 1.4858404778779377 
0.0 0.9395324642437912 1.4858600492264324 
0.0 0.9394606604605219 1.4858847922839489 
0.0 0.9393766158503857 1.4858599925102887 
0.0 0.9392848481105917 1.4857740867139295 
0.0 0.9392090834676736 1.4857118395359987 
0.0 0.939139147239243 1.485615272262853 
0.0 0.939074886831362 1.4855251705566204 
0.0 0.939112028648248 1.4855526959232268 
0.0 0.9390789125232247 1.4854862971696623 
0.0 0.9390405463213607 1.4855202235206566 
0.0 0.9389818409230392 1.4853879199997626 
0.0 0.9389030994521219 1.4853040032775024 
0.0 0.9388582745478645 1.4852363032639253 
0.0 0.9388367871438934 1.4852252827718493 
0.0 0.9388465542946547 1.48513447437685 
0.0 0.9388335535509764 1.4851512635622688 
0.0 0.9388578898886328 1.4850807658077492 
0.0 0.9388645668639897 1.4850863634078568 
0.0 0.9388725367232534 1.48501133020594 
0.0 0.9388518983990198 1.4850190016148765 
0.0 0.9388150287230024 1.4849012701236561 
0.0 0.9387666453427727 1.4849182391782247 
0.0 0.9388104840921563 1.4848763454608884 
0.0 0.9388527859317536 1.4848742381588855 
0.0 0.9388549315121733 1.4848550214331353 
0.0 0.9387907926174568 1.484886545535006 
0.0 0.9387345157143884 1.4847865227504975 
0.0 0.9386979547584163 1.4847268822488995 
0.0 0.9386514507397089 1.4846541228916423 
0.0 0.9386517254502588 1.4847032437497054 
0.0 0.9386072227570713 1.4846972702700443 
0.0 0.9385747608022245 1.4846454136297955 
0.0 0.9385896784724795 1.484575336468941 
0.0 0.9386765085056337 1.4845482072887566 
0.0 0.9386855281532579 1.484472077699527 
0.0 0.9386464082330375 1.4843922890843284 
0.0 0.9386332741053988 1.4843089098880626 
0.0 0.9385751071807817 1.4842438778468157 
0.0 0.9385595953737341 1.4841667185375211 
0.0 0.9385793532543308 1.4841383142507394 
0.0 0.9385607705314117 1.484015164053639 
0.0 0.938524818310445 1.4839803221666963 
0.0 0.9385285161466228 1.4839444535828032 
0.0 0.9385332591009476 1.483845985172736 
0.0 0.9385546649390855 1.4838632293683296 
0.0 0.9385384189559413 1.4838048179890637 
0.0 0.9385202985406548 1.48373336765108 
0.0 0.9385034078571396 1.483714332965631 
0.0 0.9384443280887864 1.4835844416584958 
0.0 0.9384298485225575 1.4835171634928046 
0.0 0.9384180129754994 1.4833961181033082 
0.0 0.9384022670264399 1.4833834122097427 
0.0 0.9383274410522445 1.483336811195519 
0.0 0.9383146401436594 1.4832839788289014 
0.0 0.9383125095665991 1.4832147660630566 
0.0 0.9383930589573479 1.4831613873521607 
0.0 0.9383657136302291 1.4831039939993675 
0.0 0.9383169822136186 1.482975811462979 
0.0 0.9383018071376917 1.4829299784123817 
0.0 0.9382549676630926 1.4828803950682659 
0.0 0.9382235610446502 1.4828532509419832 
0.0 0.9382386084602106 1.4828393087790237 
0.0 0.9382379950959842 1.4828122476193202 
0.0 0.9381996806223768 1.4827480993996724 
0.0 0.938160293789702 1.4826466807683358 
0.0 0.938170067595273 1.4826046265793291 
0.0 0.9381944906505689 1.4825382595752783 
0.0 0.9381719939072252 1.4824523503062688 
0.0 0.9381403714154471 1.482383192744338 
0.0 0.9381142093473078 1.482344153717617 
0.0 0.9380799724202961 1.4822340067302577 
0.0 0.9381024244763819 1.4821802237668114 
0.0 0.9381291006079664 1.482129682856855 
0.0 0.938098852511218 1.482102760080593 
0.0 0.9380776015548873 1.4820711521299006 
0.0 0.938063074961424 1.4819962464753438 
0.0 0.938050347974237 1.4818724156292928 
0.0 0.9380280837697867 1.4818440606843748 
0.0 0.9380239909217523 1.481795631194873 
0.0 0.9379621225128318 1.4816822782982222 
0.0 0.937917273782613 1.4816475291036406 
0.0 0.9378799556115921 1.4816944763999778 
0.0 0.9378682892761575 1.4816754604852458 
0.0 0.9378337542702712 1.4815749463787047 
0.0 0.9378245050733875 1.4815458602861256 
0.0 0.9377871343318827 1.4815107724502354 
0.0 0.9377779417745986 1.4814507261034695 
0.0 0.9377826041064804 1.4814158647936218 
0.0 0.9379330847014473 1.4813762761316989 
0.0 0.9380761334627116 1.4813315444972186 
0.0 0.9380482294370734 1.4812794353899559 
0.0 0.9380353921809705 1.4812333432725735 
0.0 0.9380055200341201 1.4810879730324427 
0.0 0.9379567040099008 1.4809914514229083 
0.0 0.9379269277504294 1.4809236573310964 
0.0 0.9379206030409701 1.4808534156853512 
0.0 0.9378939487988348 1.4807497464584713 
0.0 0.9378360279469123 1.4806772325536985 
0.0 0.937791250091988 1.4805242206568865 
0.0 0.937747721820899 1.4804966015072927 
0.0 0.937720074621035 1.4804346544998195 
0.0 0.9376686533316368 1.4803564964175218 
0.0 0.9376713575736749 1.480358995488524 
0.0 0.9376359003063605 1.4803512654312792 
0.0 0.9375994126789691 1.4802698900397133 
0.0 0.9375647266003944 1.4802261441000413 
0.0 0.9375915244939352 1.4802142045811306 
0.0 0.9376128823082942 1.4801416619155285 
0.0 0.9376522651264839 1.480061611048496 
0.0 0.9376351475271085 1.4799869998803885 
0.0 0.9376334593137344 1.4799899407796115 
0.0 0.9375974069259471 1.479988376789636 
0.0 0.9375838501999322 1.4798711096776813 
0.0 0.937607398726939 1.4798853498146567 
0.0 0.9375983183227544 1.4797873572029203 
0.0 0.9375936202499866 1.4797023899614468 
0.0 0.9376102920567153 1.4796401207464966 
0.0 0.9375787404052092 1.4795868748643046 
0.0 0.9375655154167898 1.4794855597928873 
0.0 0.9375705537348185 1.479426797083302 
0.0 0.9376045018765813 1.479329281469111 
0.0 0.937607344821944 1.4792731508260408 
0.0 0.9376182761852941 1.4791788460322137 
0.0 0.9376370716198832 1.4790753795519305 
0.0 0.9376208821062961 1.479032125804638 
0.0 0.9378928275144082 1.4790384704728248 
0.0 0.9380326433343018 1.4789986017455794 
0.0 0.9380036430530663 1.4789101346857378 
0.0 0.9379490874772031 1.4788631598736066 
0.0 0.9378928408310172 1.478741291748029 
0.0 0.937835227021274 1.478650819671251 
0.0 0.9377636363773381 1.4786227443544007 
0.0 0.9376941432405729 1.478522706855565 
0.0 0.9376227707364404 1.4784490524193543 
0.0 0.9376248803838989 1.4784116104346088 
0.0 0.9376058800844652 1.4783472577333607 
0.0 0.9375884844717131 1.4782805124127012 
0.0 0.9375630266267252 1.478155175885883 
0.0 0.9375470461793223 1.478073598433867 
0.0 0.9375749801458725 1.478024117972856 
0.0 0.9375773209641224 1.4779646565332127 
0.0 0.93757709023721 1.4779298078242429 
0.0 0.9375752519381473 1.477864415332797 
0.0 0.937563814011514 1.4777869203679903 
0.0 0.9375544521912755 1.4777266737473935 
0.0 0.9375806482439301 1.4776534267839414 
0.0 0.9376063661365979 1.4775630087792533 
0.0 0.937608557443789 1.4774563053032914 
0.0 0.9375751795466676 1.477391370281525 
0.0 0.9375536312218726 1.477340616751977 
0.0 0.9375598269674231 1.477291778150751 
0.0 0.9375427620292626 1.4772514256316298 
0.0 0.9375704612954604 1.477176860490794 
0.0 0.9375915114100031 1.4771135816449321 
0.0 0.9375640055816825 1.477086519662988 
0.0 0.9375151276023415 1.4769899436133223 
0.0 0.9374783930049929 1.4769217984567655 
0.0 0.9374632815598328 1.4768412495122114 
0.0 0.9374606122986006 1.476739597197026 
0.0 0.9374761423123993 1.4765849114709768 
0.0 0.9374582816501256 1.4765748475627793 
0.0 0.9374874897111654 1.4765125599994269 
0.0 0.9375261006829645 1.4764099987829136 
0.0 0.9375134487308437 1.476280125707504 
0.0 0.9374545407484445 1.4762465009564125 
0.0 0.937787188065678 1.4763155860994295 
0.0 0.9381251067845445 1.4763298235873283 
0.0 0.9384667676797906 1.4764482661098883 
0.0 0.9387308876053244 1.476326703468822 
0.0 0.9389899467469348 1.4763309027417957 
