0.8249783772701152 1.0
1.1905771037376651 0.9227308823328063 
1.1109728325115729 0.8924760418974026 
1.0775286523444116 0.9080105019155384 
1.1030799531996198 0.912550441320912 
1.1094393511268745 0.910687653681073 
1.107356646172514 0.9098241020220469 
1.1015535541283914 0.9087245963834166 
1.0961253579881767 0.908716477094833 
1.0833366648865999 0.9070551632852573 
1.0741088705540398 0.9063282158875638 
1.0569957232975544 0.9055489122294419 
1.0471597068820024 0.9046269723091769 
1.0389773319925133 0.9043785624122593 
1.03911687048654 0.9038164822608099 
1.0347559201174568 0.9031214315985218 
1.0338513171938142 0.9029998172691618 
1.0270382760022834 0.9024213135739284 
1.0233723427890953 0.902146810138658 
1.0197882871546728 0.9020965324455015 
1.015089529922239 0.9012000342024467 
1.0063720667921272 0.90074961401212 
1.0045537957384363 0.9006035114801503 
1.0036485920545632 0.9000963578605744 
0.9990475369882692 0.8999437643191744 
0.9936952216782491 0.8993837690286163 
0.9860335932440175 0.899078957221291 
0.9805689856579815 0.8986090994575713 
0.9766403496687307 0.8984140836236713 
0.9698578225190954 0.8980166138117309 
0.9651278127134842 0.8976505223695442 
0.9602888268335973 0.8972659209230849 
0.9574434542195742 0.8970463048232101 
0.9549007905022703 0.8969007603454022 
0.9522868007400466 0.8968544983222285 
0.9495939628911224 0.8967799338031892 
0.9455883737416526 0.8968071062711301 
0.9441653153163415 0.8965665006811995 
0.939896239047971 0.8965503155385998 
0.9402901597136727 0.8967038230033523 
0.939784043879512 0.8971444159337858 
0.9418289300588573 0.8970524591735204 
0.9422697887232059 0.8970109502641045 
0.9405799086637658 0.897059692992068 
0.9412326164068662 0.8970908456156329 
0.9422298024144564 0.8969967277647996 
0.9449216214859135 0.8969292525672676 
0.9462084771476359 0.8970176377019339 
0.9474552116572652 0.8970484147228922 
0.9450730935135131 0.8972212993968123 
0.9437465782026613 0.8973418454662166 
0.9436351753632211 0.897090354742756 
0.9433727954009793 0.8972559263499006 
0.9432277062061661 0.897228775335238 
0.941599064981053 0.8970054603247606 
0.9404114802304365 0.8971179593207058 
0.9404035064504129 0.897164797275243 
0.9420541046081425 0.8974285816405588 
0.9402755405918899 0.8973894366630544 
0.9395331091407843 0.8975085935433325 
0.9412685043908284 0.8975516655342782 
0.9456049240510561 0.8977339517692052 
0.9482665371864455 0.8978659796620244 
0.950346629164534 0.8978568674705724 
0.9518150388173686 0.8977175179454233 
0.9533582457561867 0.8977243698547333 
0.9529605945492995 0.897633734524503 
0.9500242276876879 0.8976129138674719 
0.9507937150156859 0.8974579140513298 
0.9513747789294542 0.8973488603031102 
0.9525429391120346 0.8975252231817035 
0.9520793554172655 0.8976284180375251 
0.9524518061755767 0.8975940730962765 
0.9532520100217512 0.8978688030574481 
0.952605279228654 0.897748443072773 
0.9543555017408918 0.8979219905743014 
0.9555718253054474 0.8981561441216139 
0.9579239404376574 0.898340577197318 
0.959710442345141 0.8984734906595365 
0.9612517409315234 0.8986466973267208 
0.9632317027989118 0.8986140926382465 
0.9662092179397503 0.8987216934161943 
0.9670635117403367 0.8986313307912643 
0.9692748770553896 0.8987204020428337 
0.9701139383944504 0.898880559536015 
0.9707563203384977 0.8989817090127592 
0.9704042538975698 0.899087953544243 
0.9702843333837944 0.8991480340041784 
0.9701453592108944 0.8991020318582341 
0.9697647740322229 0.8991915347724269 
0.9713371833071686 0.8991714645579568 
0.970714113326514 0.8992368670290058 
0.9704529890391872 0.8993551973909181 
0.969042584605245 0.899416613640113 
0.9677806085822138 0.8993845836288653 
0.9661658474033967 0.8992866479812252 
0.9657620473395576 0.8994221274202348 
0.9647333542855395 0.8993684637026944 
0.9644212324603539 0.8994509351125412 
0.9627418658908437 0.8994153748659434 
0.9617086231318634 0.8993390111857598 
0.9614606888912066 0.8993334295961247 
0.9617123505453676 0.8993819830505875 
0.9625662643115387 0.8994028414557352 
0.9634795675982825 0.8994295852430354 
0.9633172388714443 0.8994221956798224 
0.9637122056542888 0.8993054249619584 
0.9633806045995604 0.8992643549338922 
0.9627628174150648 0.8993369375057495 
0.9640046488032005 0.899486529686875 
0.9643441420964088 0.8993524220452309 
0.9656581648708548 0.8994856331712694 
0.9668715058462097 0.8995389620124997 
0.9662571698123887 0.8995549186074602 
0.9664707231509243 0.899516526707254 
0.9663224822522614 0.8993647372457237 
0.9666044381203367 0.8995175539162811 
0.9666373698407706 0.8993756789671066 
0.967516138234454 0.8994759138406774 
0.9678798278299641 0.899503576392156 
0.9681633307295373 0.8995113910221524 
0.9691011216833003 0.8996286437568425 
0.9692642752585698 0.8996937791561362 
0.9700392462975899 0.8997408184754307 
0.9717734719231166 0.8999043126864806 
0.9719352169152917 0.8999266814938592 
0.971310709600269 0.8999013899381619 
0.9714473702811586 0.89976024710024 
0.9705461617304668 0.8997307376815353 
0.9721112017932738 0.8998337140880105 
0.9727378419879062 0.8998080632213278 
0.9720898396415444 0.8998036823062678 
0.9735143395724463 0.899884457293383 
0.97362143125854 0.8998860732474653 
0.9734690267351725 0.8998733309697741 
0.9731776687367094 0.8998648687429932 
0.973102541962085 0.8997416010702634 
0.9739206396376322 0.8997581452348319 
0.9747659079580654 0.8997284574533944 
0.9750172887805507 0.8996763084649222 
0.9758800646071669 0.8997393432900141 
0.9760013236968836 0.899697630520932 
0.9760248787563113 0.8995912320877998 
0.9762378845345093 0.8996148684903779 
0.9760882046693823 0.8995898228287449 
0.9767644543220393 0.8996177817718212 
0.9768702476017802 0.8996840153800969 
0.977661228929047 0.8996813416832375 
0.9781669823128718 0.8995867621543022 
0.9794009192908479 0.8996303022356755 
0.980151312196251 0.8996045031885607 
0.9805868036947243 0.8996501278322961 
0.9803717478334084 0.8995623104405805 
0.9800046917102817 0.8995391771402501 
0.9804889142058135 0.8995028974946746 
0.9803865018168945 0.8994469148737632 
0.9804191030839393 0.8993616221700372 
0.9804423468571984 0.8993077501996465 
0.980247363623802 0.8991927309801752 
0.9800537619267435 0.8991643230278423 
0.9805356319990097 0.8991718394105822 
0.9810902283908135 0.8991921988582126 
0.9816934076441334 0.8992804284697219 
0.9819725356577449 0.8993223098956828 
0.982437652895169 0.8993323556645036 
0.9823249618513192 0.8994067796385419 
0.9830687719427053 0.8994951529517841 
0.9832605913221554 0.8995276269313843 
0.9826237974284289 0.8994790419456175 
0.9823419306105281 0.8995295540610996 
0.9819824332929643 0.8994589978877724 
0.9819897592178359 0.8994140668918084 
0.9822587425895798 0.8994362024309228 
0.9821138223814526 0.8994492350796381 
0.9822677123675035 0.8993963810068608 
0.9820841526169327 0.8993773088918107 
0.9819291130525906 0.8994417007594833 
0.9813074852437905 0.8994158180078733 
0.981385314475066 0.8993830273870007 
0.9808901354715969 0.8994555975530533 
0.9804929427092437 0.8993907083586249 
0.9800426718376183 0.8993832657552644 
0.9803007469398177 0.8993904416229067 
0.9802258244679166 0.8994926342443038 
0.9799327460809674 0.8994562636319781 
0.9808692638637357 0.8994784323219338 
0.9803613962416395 0.899533196142796 
0.9804133887705989 0.8995574891968591 
0.9801738257940665 0.8996326342508976 
0.9798436894604245 0.8996502696654927 
0.9798005965694799 0.899702925675438 
0.9795858521873969 0.8996781326792931 
0.9788128091474702 0.8997742867649513 
0.9781145210552162 0.8998263908628408 
0.9775534321405567 0.899829973511078 
0.9770375776334134 0.8998422216385893 
0.9768570184077069 0.8998749637687654 
0.9760820361082096 0.8998110006826999 
0.975533951472273 0.8997925798223294 
0.9755393724642395 0.8997796036938905 
