0.8246763267620248 0.0 
1.5406307432370177 0.9514526463489125 
1.5158515586048849 0.9274497694255998 
1.4976029240619224 0.9114891120807722 
1.4823667536299987 0.9119226832224439 
1.466538186270903 0.915517831668498 
1.4577521789766763 0.9154095663651433 
1.4513635412712294 0.9172513270158998 
1.4478491362979362 0.9202032489397526 
1.4451622457878532 0.9234416969461762 
1.4426290076684258 0.9273254014163986 
1.4399480407709842 0.9322155280910477 
1.4372841312244429 0.9365787065274404 
1.435252657261582 0.9399742336313777 
1.432590336878008 0.9430868117107587 
1.4319035871743553 0.9459557746033617 
1.430101522801181 0.9498443723298572 
1.4283341161025365 0.9510269772033938 
1.4272024460038126 0.9515052206688892 
1.427267043793079 0.9532850391324756 
1.426710076999041 0.9546478598782013 
1.4257106194240587 0.9566415032887806 
1.4243774676041487 0.9575981334549332 
1.4243742778055333 0.9583622242392991 
1.4229268465031446 0.9595372062274361 
1.4222759890199494 0.9609842441968146 
1.4217830729543377 0.961709521693594 
1.421038624581602 0.9633265129607731 
1.4208165619397972 0.9639521339109404 
1.4204749416437075 0.9648329825354277 
1.4207844319815983 0.9658439563505686 
1.4198698243190684 0.9660964027801514 
1.4194534382069603 0.9669777908429847 
1.419380617508772 0.9677111638034216 
1.4191089579587808 0.968643118915764 
1.4184713738016397 0.9692259102032722 
1.4188331536312444 0.9692450298925205 
1.418401748185898 0.9693651517239189 
1.4185845518294553 0.9695302642997984 
1.418554875398543 0.9700436816602425 
1.419475277836198 0.9709817282891715 
1.4199319769140206 0.9723035815244511 
1.4200522735441417 0.9730740638142981 
1.42050632697997 0.973461587862003 
1.4204896532212408 0.974754221770215 
1.4203565376669536 0.9751848851308421 
1.4204680103466762 0.9751050501806784 
1.4202112201816073 0.9750579084827721 
1.4202078963899318 0.9750077173071038 
1.419491538893454 0.9759509192315482 
1.4195133517705816 0.9758689258563775 
1.419712871329213 0.9754262976424195 
1.4196157122782684 0.9762512137006033 
1.4196870812204534 0.9759401688291778 
1.4193790007421048 0.9763670391336782 
1.419695472272585 0.9762721086294814 
1.420041118103908 0.976843018667374 
1.4199721876218725 0.9768933859418292 
1.4201652692365023 0.977013768995658 
1.4205526587486084 0.9770464754490643 
1.4203853518994616 0.9771023122234578 
1.4209087793857502 0.9779150224095349 
1.421055331927308 0.978379898926821 
1.421443015965249 0.9779547008068751 
1.4215051215862045 0.9782979771764434 
1.4214564728032906 0.9780131560495776 
1.4215517917308473 0.9781367273681811 
1.421819972330074 0.9785261655363607 
1.4220718038728 0.9786581108031867 
1.422155591757981 0.9790172786269536 
1.4220104818373867 0.9791397303217949 
1.421961276014497 0.9792285093396478 
1.4218661184458712 0.9789655635640935 
1.4217740215658865 0.9794184181833212 
1.4216726992720048 0.9796156626970373 
1.4214708450666789 0.9796720900893191 
1.4216140729411508 0.9799845661967248 
1.4215503738499902 0.9799345392356122 
1.4216686692765432 0.9802524524526895 
1.4213300680410719 0.9805886235806577 
1.4213200640399803 0.9805928632758248 
1.4214077780695735 0.9809057278472209 
1.4211014554249992 0.9812962893322696 
1.4207318044025843 0.9809022348837035 
1.4204814830617203 0.9808507827086043 
1.420305564076045 0.981002175847597 
1.4199500468391915 0.9813878103253922 
1.4197802301165905 0.9813916072689911 
1.419696145654255 0.981352160572493 
1.419258826554353 0.9815894476236081 
1.4186782977003454 0.9818005541109146 
1.4185450503680646 0.9819335200404973 
1.4184406524286015 0.9823574225720259 
1.4185240096084664 0.9826470055389587 
1.4180949912071292 0.9828440372149654 
1.4178991535086398 0.9826090103092224 
1.4180806317612145 0.9830378430276574 
1.4177613710693644 0.9828405177517763 
1.4175000730442027 0.9831764157398727 
1.417365620064955 0.9832579022311029 
1.4171796830527734 0.9835083913044707 
1.416809857812462 0.9834016700736414 
1.416571847454773 0.9835723724196674 
1.4162742750708126 0.983547139002512 
1.4160740919785657 0.9839547685506564 
1.415848775545356 0.9836226584640031 
1.4155742443236512 0.9839636387542614 
1.4154369995885154 0.9837095423401254 
1.4150466906528003 0.9838882435454706 
1.4148583506368333 0.9838277144289751 
1.4145505700926815 0.9841640073818978 
1.4144359791759162 0.9840303184883809 
1.4142074428078881 0.984451803084757 
1.4140423573737826 0.9846560409903058 
1.4138449096379166 0.9847175372704924 
1.413602309884736 0.9846186572661475 
1.4133597630068737 0.9850384247169984 
1.4131123989739858 0.98507523978525 
1.4126529712656946 0.9848574544263463 
1.412371716039139 0.9851850310425833 
1.4120915053403502 0.9848325633604283 
1.4118482296603332 0.9849226989090673 
1.4117483103198432 0.9850543302538995 
1.4114604956642458 0.9852179626861781 
1.4112515421885041 0.9853011313901212 
1.4109835104866533 0.9854242218878791 
1.4108118311440234 0.9853971687009783 
1.4105928628809974 0.985721684197175 
1.410424440329967 0.9857061093069246 
1.410297224619911 0.9855418210288651 
1.4100119607594956 0.9856674536571515 
1.4098282096106454 0.9855380154078986 
1.4095953429764934 0.9857940339746861 
1.409316816580327 0.9859741933933512 
1.4093072070929962 0.9863509772529453 
1.4091902269813146 0.9862415036938744 
1.4090408941508457 0.9863178328253399 
1.4089819006699944 0.9861310112572019 
1.4088821726012666 0.9863019820094989 
1.4088767480742923 0.9863591660207885 
1.4086648697730029 0.9866502387803051 
1.4087073216191743 0.9865007541453588 
1.408571158013565 0.9865031742686331 
1.4082502526333844 0.986608800294801 
1.4081583042464114 0.9865478294828451 
1.4080059331237378 0.986927768151 
1.40793946104774 0.9869176450249347 
1.4076852370781852 0.9870326223440374 
1.4074959190505176 0.9870814020773109 
1.4072752989664792 0.9874149040305086 
1.407199787570921 0.9873261595658476 
1.4069812175444878 0.9871374209857445 
1.406790213800796 0.9871710947065676 
1.4065522569893734 0.987125509631959 
1.406450751341876 0.9873617749263947 
1.4062539768467646 0.9873923269477626 
1.4062882601603999 0.9872014294170559 
1.406214614203781 0.9873366609753605 
1.4061423935354478 0.9876521624890535 
1.4059424781509187 0.9878870589568662 
1.405784241933885 0.9877945660558982 
1.4057565366824984 0.98773598184675 
1.4056084711385 0.9877799716938342 
1.4054648884427012 0.9878797814092041 
1.4052975050646173 0.9879654463419408 
1.4050947364406743 0.9877880275026292 
1.4048059096504766 0.9878064623375403 
1.4045709983512686 0.9879477469374967 
1.4043598270553874 0.987923759327759 
1.404131914392451 0.9878644373745838 
1.4040249577819488 0.9879866562975201 
1.4038161384673378 0.9882467176109178 
1.4035895391386848 0.9880791220344374 
1.4034085576300734 0.9880204019955711 
1.4031324747490317 0.9881189285124233 
1.4027743592648296 0.987875655251957 
1.4025546191706402 0.9882022092144226 
1.4024106429310512 0.9881163814243549 
1.4023250202727573 0.9884605250547817 
1.4021724727841642 0.9884218964295235 
1.402051535471246 0.9886479131586622 
1.4019119390443642 0.9885934733141991 
1.4016994411320833 0.9885466532604378 
1.4013813785856302 0.9884882233971714 
1.401245579506553 0.988531386334941 
1.4011626570944662 0.9888898981972584 
1.4009288678494862 0.9888553965798654 
1.4008338559994022 0.9889322432805113 
1.400619224351541 0.9887581991239462 
1.4004766325820397 0.9887771261844486 
1.4004408109778286 0.9890911599946495 
1.4002691257403312 0.9889388291265047 
1.400209058896798 0.9888028161953099 
1.400114358943447 0.9889739642878103 
1.4000076371173558 0.9890595398242156 
1.3998960514019563 0.9893308425235331 
1.399763700490024 0.9894402922207309 
1.399730230321737 0.9893412271080562 
1.399681455942198 0.9894940896057365 
1.3995722372802366 0.9895099400776071 
1.3994783071579437 0.9895252594087967 
1.3993824222336426 0.989634445404208 
1.3993352208211554 0.9894379134465223 
1.3993093064748852 0.9896689127480705 
1.3992293910489297 0.9897395682249371 
1.3992502876547053 0.9894600449169759 
1.399289915922827 0.9900797576815477 
1.3993100563505312 0.9899954540468249 
1.3992594497797637 0.9900625402561711 
1.3991332764524962 0.9901744259905434 
1.3990468844580308 0.9900406155163187 
1.3990550926301808 0.9903485617045468 
1.3988542292710096 0.9904906127776119 
1.3987340954259333 0.9901526055394866 
1.3986861260404795 0.990326999006126 
1.3986582289353917 0.9904591974085563 
1.398572071727174 0.9903988608437154 
1.398514214818883 0.99042669969138 
1.39837733012381 0.9906630463432552 
1.3982858690907096 0.9905919980076581 
1.3981325693856825 0.9906735953998369 
1.3979681177996155 0.9906279268889714 
1.3978467028975532 0.9906394825921879 
1.397819748940903 0.9905818346238381 
1.3978062229480066 0.9909126430860694 
1.3977264889000736 0.9908577908436451 
1.3977979665898788 0.9907291572844756 
1.397741213920796 0.9909963025470355 
1.397787584293642 0.9910387328272092 
1.3977232506576531 0.991136899764546 
1.3975951139198879 0.9909868772103884 
1.39752562024078 0.9910272347791549 
1.3974701756860388 0.9910854942210608 
1.3974940362847865 0.9911225879002136 
1.397451322894239 0.991369155586608 
1.397378025692378 0.9912311273036202 
1.397281247593622 0.9912201347812365 
1.397274200362298 0.9912417883778915 
1.3972780337710273 0.9913753444939791 
1.397283905887134 0.9912950239508785 
1.397152962049085 0.9913353888089759 
1.3970420251861897 0.9913612324924931 
1.3969046568262842 0.991402968913128 
1.3967639947655617 0.9914015306185462 
1.3966504844366037 0.9912921334054808 
1.3965371085074463 0.9913696814609216 
1.3965848307196074 0.9912775423752458 
1.3966251553547342 0.991406868349029 
1.3965569857470679 0.9915856204368523 
1.3965912927178015 0.9913374990605671 
1.3965535798411748 0.9916009250639319 
1.3965927245301966 0.9914505935484493 
1.396551020486749 0.9915602596135084 
1.3965688207654507 0.9916453105267895 
1.396574900757927 0.9914698040809854 
1.396565433336953 0.9916763531941305 
1.3964974597730622 0.9916680307929737 
1.3964475722858536 0.9913729057710554 
1.3965198665871288 0.9916296861959442 
1.3966577467538566 0.991674486405581 
1.3966586443845164 0.9918726896937187 
1.3965318758141068 0.9917185953145199 
1.3964690360701157 0.9916907696289599 
1.396413215457626 0.9915469523298044 
1.3963444086365568 0.9918704079589323 
1.3962345274753274 0.991709832091487 
1.3961783182303777 0.9918617320221839 
1.396048798319314 0.9916841213953452 
1.395883009547288 0.9917575901508503 
1.3958103871598186 0.9918013625369818 
1.3957443247456534 0.9918896482128318 
1.395671111624106 0.9916892240571116 
1.3955883931805448 0.9917692691228707 
1.3954570789123386 0.9917991291001416 
1.3953688508053619 0.9916366836548351 
1.3952846144707962 0.9917548808991333 
1.3952007955121306 0.9918761046802756 
1.39507881107485 0.9917735153993154 
1.3950132441432148 0.9918653856888087 
1.3950217745400073 0.9919895609623011 
1.3949662231640843 0.9919649427624849 
1.3948457736802744 0.9920404120807839 
1.3946982582223777 0.9919038078610486 
1.3946593888299008 0.9920058557679129 
1.3945081439654141 0.991923583357323 
1.3945174681583141 0.9918618728522859 
1.39448280592387 0.9918901154565201 
1.3944642503118463 0.9920894898272664 
1.3943906686271794 0.9920959234557646 
1.3944017113809197 0.9921434922926182 
1.3944033039821464 0.9922121827032421 
1.3943343663201253 0.992371152096092 
1.3942115126700205 0.9921896515706482 
1.394119447777256 0.9921766438560596 
1.3940625440921133 0.9920409327797755 
1.3940246277183668 0.9921828086903891 
1.3939799342979549 0.9921522208919599 
1.393878977909553 0.9922389645146421 
1.3937628814522973 0.9922597131540039 
1.3936770653884698 0.9921425132175975 
1.3936026441637361 0.9922091410262553 
1.3935444326887645 0.9921903886704361 
1.3935038225755607 0.9923196295379527 
1.3935347697180829 0.9922540845759689 
1.3935582002440572 0.9921763529668182 
1.393560441464436 0.9923097308300057 
1.3935685236666817 0.9922506852346564 
1.3934901275304936 0.9923569392567801 
1.393404318407759 0.9922101685064842 
1.3933381864837822 0.9922585605713976 
1.3933201313331947 0.9922534130444197 
1.3932319800766713 0.9923943279449048 
1.3932188519721709 0.9923805586172573 
1.3931256393723783 0.9925347131495703 
1.3931023027946134 0.9923861193118859 
1.393030199905295 0.9925878976162457 
1.3929650462889414 0.9924610994790833 
1.3930340730002146 0.9925528886436372 
1.3931197384883829 0.9926022344120083 
1.3930235077663025 0.9926754604829126 
1.392994524387418 0.9924800693365603 
1.3928785959463388 0.9925928309590707 
1.3928495947199606 0.9925424666850805 
1.3928100191207902 0.9927981606120428 
1.3928614565792052 0.9925971053913463 
1.3928562431044236 0.9927920778536079 
1.3927802787535493 0.9927237136494804 
1.3928471308284145 0.9925808466403011 
1.3928568784941169 0.9927684918335246 
1.3927968568019602 0.9928121315135001 
1.3927782788069376 0.9927730189813788 
1.392685336199631 0.992855218243109 
1.3926681198586246 0.9927846645488888 
1.3926335869464874 0.9927201230458774 
1.3926545821956025 0.9927057083709562 
1.392581545418404 0.9927963034524547 
1.392492016574454 0.9927580518254843 
1.3924244164315869 0.9928381277006094 
1.3923664814235917 0.9927665265138945 
1.3923486134819634 0.9928201658507045 
1.3924071687642998 0.9929936913097671 
1.3923650201866673 0.9928945016134344 
1.3923150656591359 0.9928569028712021 
1.3921864631490561 0.9930496306927458 
1.3921559560027978 0.992938669289397 
1.3921188095329802 0.9929643308027962 
1.392088190951286 0.992958498174794 
1.3921098844929864 0.9928932609501084 
1.3920262783273138 0.9930589077998117 
1.3920022487075863 0.9930989932913121 
1.3919606332537282 0.9931289922082627 
1.39193739409832 0.9931635209875693 
1.3918614096233615 0.9931102966325153 
1.3918606425135425 0.9931410917323285 
1.3918818787846323 0.9931931342920298 
1.391891782446218 0.9931852425565847 
1.3918526709301238 0.9932391215344407 
1.3919028475083655 0.9932189732546121 
1.3919672641478955 0.9932675504892604 
1.391938895587939 0.9934165318612731 
1.391900672707864 0.9932927914337416 
1.3918204274310821 0.9933454945621129 
1.3918233960309367 0.9933621603792882 
1.391785885892085 0.9933459271475574 
1.39178389123239 0.9934061985029251 
1.3918300620290867 0.9934114421372405 
1.391879048452409 0.9934194868802203 
1.3918655320952855 0.9934540068097428 
1.3918779664043703 0.9934208070987537 
1.3918878789754918 0.9934290166295963 
1.3919570297499635 0.9934454346909544 
1.392027635316461 0.9935372618196537 
1.3920556078209243 0.9935107914470916 
1.3921516342310898 0.9934929783279709 
1.3922889747015919 0.993505261391445 
1.3924282240116632 0.9935375803006138 
1.3924712525244423 0.9936179416678991 
1.3925282101528922 0.9935718929115467 
1.3926008501937606 0.993648368155198 
1.3926923023862616 0.99356301960814 
1.392855523768429 0.9936559458212486 
1.3929570720699824 0.9936266497228362 
1.3929843200686776 0.9936260670569131 
1.393004729217736 0.9936325860830466 
1.3930694579105478 0.9937017317311354 
1.393152446568714 0.9937724508040943 
1.3932453154309365 0.9937531851308156 
1.3933671453410978 0.9937468572423025 
1.3935041426120705 0.9937817922040093 
1.3935721066870677 0.9936881206385654 
1.3937206733859637 0.9937189903057785 
1.3937591466498933 0.9938082554359139 
1.3938724262112263 0.993777050721168 
1.3939294408022895 0.9938303103662964 
1.3940244537822906 0.9938401631533709 
1.394064146598447 0.9938463613188304 
1.3941170550429542 0.9938631108434989 
1.3942131291848778 0.9939013983461603 
1.3943966531881509 0.9938902734562685 
1.3944080228256657 0.9939482824994317 
1.3944200746176196 0.9939808068172633 
1.3944808456237519 0.9939309858538055 
1.3945720284573684 0.9939704127306015 
1.3946302624813383 0.9940268284165555 
1.3946444570981138 0.994030717674771 
1.394651905956363 0.9940639519007409 
1.3946874446654824 0.9940443900436443 
1.394752367532883 0.9939257932545216 
1.3947578546548423 0.9940250255366561 
1.3947552875013696 0.9940205164541112 
1.3948374450838648 0.9940821335073319 
1.3948496987530403 0.994070400847015 
1.3948394341661452 0.9940686342341468 
1.3948932473279891 0.9940592390090959 
1.394902908567571 0.9941338565471771 
1.39496696338349 0.9941410634767124 
1.3950271224337285 0.9941512602676775 
1.3950136943773597 0.994168456673871 
1.395011477290118 0.9942234055025017 
1.3950549929084324 0.9941734798407148 
1.3950634788165603 0.9941590766912185 
1.3951123240310908 0.9941162563634032 
1.3951335702030832 0.9941697660664626 
1.3951857662098772 0.9941189436034933 
1.3951903779160906 0.9941762481260559 
1.3951883506404574 0.9941347027034751 
1.3952005026910346 0.9942233257575305 
1.3952251353588705 0.9941534889986895 
1.3952530874130114 0.9942503248908726 
1.395260863304872 0.9941929057746224 
1.3952434829482407 0.9941997081218754 
1.3951969286331938 0.9942312148597565 
1.3951886782842462 0.9942126451775591 
1.395223644459754 0.9942786340622675 
1.395248037299523 0.9943032511870412 
1.39536448204029 0.9942148472576662 
1.3953706542519424 0.9942828459500197 
1.395420782583202 0.9942664791022867 
1.3954698618346817 0.994212886864628 
1.395570313590069 0.9943041506764884 
1.3955484768414472 0.9942763104289097 
1.395578632584506 0.9942637412497602 
1.395559420632141 0.9942857510281018 
1.3955555609057853 0.994336157612542 
1.3955568196115087 0.9943614577204181 
1.395558834592942 0.9943046773705325 
1.395526264046521 0.9942908196509939 
1.3956053706006688 0.9942634307637215 
1.395663962661809 0.9943479465510402 
1.395717954228891 0.9943932741513435 
1.3957275410056156 0.9943176577909142 
1.3957578039476954 0.9943374251121353 
1.3957662226669392 0.9942599979712976 
1.3957759198808815 0.9943554243559272 
1.3958194753277924 0.9943499968011035 
1.3958768540069684 0.9943936169362724 
1.3959042417984069 0.9943053165575773 
1.3959423034392404 0.99435227118604 
1.3959977566710207 0.9944198796242744 
1.3960026782050499 0.994464378557354 
1.396091759817724 0.994385873098767 
1.3961285572691842 0.9944848988450693 
1.3961892971400918 0.994427515999728 
1.396255132553648 0.9944622686003072 
1.3963408573961926 0.9944644872337562 
1.3963907310826162 0.9944503678721115 
1.396410723818409 0.9945652595520085 
1.396492891617223 0.9944499597601989 
1.396574498807336 0.9945191402058621 
1.396612645818084 0.9945241561136281 
1.3966846914024469 0.9945106875948593 
1.39675088783891 0.9944601844088611 
1.3968300973640606 0.9946147584191027 
1.3968879206527904 0.9945445024762122 
1.3969919350396 0.9945681774876581 
1.3970350577064756 0.9946191486424651 
1.3971187107941136 0.9945762707433075 
1.3971402137260254 0.9945959524174435 
1.3972143791320468 0.9946214846830194 
1.3973049376844728 0.9945703320800813 
1.3973910514349452 0.994649404708185 
1.397502851299266 0.994648690818896 
1.3975989540482898 0.9946752024596912 
1.3976376719540038 0.994657299876735 
1.3976751531295428 0.9947328860963269 
1.3977068649734996 0.9946228226112428 
1.3978267426611533 0.9947242537600275 
1.3979083404248278 0.994713868361823 
1.398001376422689 0.9947176016450636 
1.3980840076072842 0.9946615064979825 
1.3982066523596164 0.9946895944550719 
1.3982748315353093 0.9946226915712949 
1.398329800779017 0.9946727461821869 
1.398418763751648 0.9946580632067733 
1.3984744590957596 0.9947117640012546 
1.398563617297322 0.9946937094738837 
1.3986205480791207 0.9946847652161762 
1.398679988520987 0.9946060592488422 
1.3987444427319122 0.9946743927179351 
1.39876435353095 0.9946728532869149 
1.3987831708956628 0.9946860216453152 
1.398788638611917 0.9946654791326095 
1.3989141510523515 0.9946982014343629 
1.3989902855205536 0.9947153453747674 
1.399041900045711 0.9947142667143125 
1.3990591642180485 0.9947040800432381 
1.3990852892794614 0.9947534929330515 
1.3991455045762298 0.9947403579157691 
1.3991404105251273 0.9946824412372051 
1.3992058649798662 0.9947749921347747 
1.3992526341943017 0.9948106406913577 
1.399285696275926 0.9948021410378856 
1.399351250348442 0.9947997851693872 
1.3994327825942399 0.9948512577081288 
1.3994865660016393 0.994851337477556 
1.3995847899301317 0.9948588254385751 
1.399625365680156 0.9948663124869042 
1.3996664563066683 0.9948933021394024 
1.399715398375818 0.9948419752925064 
1.3997887789913215 0.9948605726113955 
1.399852729593247 0.9947750570443505 
1.3999281677808302 0.9948997485288624 
1.399970736094261 0.9948438433089065 
1.3999871378288826 0.9948445761543484 
1.400018499642972 0.9948755341372764 
1.4000588500044697 0.9948817251598131 
1.4000973615695504 0.9948964759989616 
1.4001545145337508 0.9949283829692283 
1.4002036753538571 0.994864693259104 
1.4002629625743612 0.9948848247730339 
1.4002540899202096 0.994893590998239 
1.4002957757526406 0.9949861986204115 
1.4003384753717794 0.9949422677577617 
1.400390689889435 0.9950059534232273 
1.4004063332369432 0.9949900532477156 
1.4004098360037944 0.9950001169407046 
1.4004310616509317 0.9949931199945033 
1.400433412348655 0.9949855870891252 
1.4004085023384543 0.9949790028536186 
1.400429597707637 0.9949860349362236 
1.4004271130563228 0.9950067212898253 
1.40045245159059 0.9950002011367055 
1.4004394503514161 0.9950535525800225 
1.4004723253029137 0.9950445472428296 
1.400485765030336 0.9950831584534301 
1.4005001380118223 0.995060683744471 
1.4005168777520502 0.9950572576687605 
1.400514554920302 0.9951215468747192 
1.4005548851719063 0.9950771480692335 
1.4005994226523375 0.9950702721888658 
1.4005930596029947 0.9950817251267369 
1.4006416789837737 0.9950133071701854 
1.4006308119741548 0.9951191116142211 
1.4006376245192682 0.995090639037734 
1.400680305131406 0.9949982709426612 
1.4006734231704876 0.995046479215781 
1.4006877407662226 0.9949853812767454 
1.400683456461756 0.9950887869499208 
1.400713114726747 0.995053038769967 
1.4007150434650413 0.9951256902564093 
1.4007506045093676 0.9951036236990737 
1.4008020049594743 0.9951476708949932 
1.4008043315385217 0.9950861991383743 
1.4008264072369212 0.9951699408571283 
1.4008124918680371 0.9951098937453605 
1.4008107841988855 0.9951186689676309 
1.4007929333452542 0.9950883414792352 
1.4008023301308705 0.9950933061369425 
1.4007844243317646 0.9951708758170886 
1.4007994441693756 0.9951441570220293 
1.4007814144639914 0.9951606006002782 
1.400798340295889 0.9951456161199412 
1.4007900689736856 0.9951682653897225 
1.4008108390551568 0.9951739720154955 
1.4007919260105688 0.9952004532052935 
1.4007652795694843 0.9951815565752977 
1.400755773266278 0.9951746768110501 
1.4007740868968779 0.9951835262731047 
1.4007690108861595 0.9951370081789063 
1.4007661505084996 0.9952207178503928 
1.4007827331507083 0.9951849565826847 
1.4007923280341605 0.9951997602786681 
1.4008079850196462 0.9951441464535132 
1.4008292280566699 0.9951969919857471 
1.4008649333531822 0.9952562050650259 
1.4008825080913285 0.9952654213175454 
1.400921550837131 0.9952318903920225 
1.4009400032284047 0.9952651760635509 
1.400990549260127 0.9952150400874247 
1.4009854450513775 0.9952090595241129 
1.4010554096054555 0.9952278608843973 
1.4010596369323174 0.9951708458779598 
1.401058440979803 0.9952706472161736 
1.4010807404350905 0.9952118878671501 
1.401088694358925 0.9952086014070614 
1.401089534519377 0.9952488007745454 
1.4010830311449802 0.9952526873149681 
1.4010849662237161 0.9952751820369986 
1.4011235381714446 0.9952843825249336 
1.4011688804359848 0.9952427788325768 
1.4012072360855024 0.9952627508410401 
1.4012404089397092 0.995279606392829 
1.4012706670957817 0.9953845685958175 
1.4012881637237466 0.99534112137458 
1.4013343355711116 0.9952632227505301 
1.4013613792539104 0.9953110644844254 
1.4013638087929259 0.9953561442963517 
1.4013624438927503 0.9953473454298175 
1.4013920516577765 0.9953517652607525 
1.4013827746028207 0.9953293820523539 
1.401385529123345 0.995317976950482 
1.4014190837121134 0.9953977095011401 
1.4014167906663306 0.9953764696550844 
1.4014383459433313 0.995352529303766 
1.4014863727099955 0.9953756068980395 
1.4014801371553192 0.995383995368418 
1.4014774765378915 0.9953985831771688 
1.4015297274173428 0.9953554163369578 
1.4015314210274907 0.9954720292399651 
1.4015336251184909 0.9954035215683903 
1.4015554969529742 0.9953572387333903 
1.4016117872407232 0.99540902925306 
1.4016660403782573 0.9954382892422713 
1.4016647178310377 0.9954266123823529 
1.4016333390244216 0.9954143271329008 
1.4016689671801648 0.9954748243782665 
1.4017050537278974 0.9954857923854025 
1.4017272998457324 0.995444305940286 
1.4017861931799347 0.9954830029715767 
1.4018231849904175 0.9954383968573006 
1.401915172945266 0.9954618149096437 
1.4019344360263424 0.9954986399084846 
1.402006735296984 0.995435093631673 
1.4020665373349208 0.9954845073603187 
1.4020916677034523 0.9954817990438447 
1.4021445380008986 0.9954638544852973 
1.4021735686541654 0.9954539857190252 
1.4022550444926385 0.9954169352868505 
1.4023134439583838 0.9954800383387885 
1.4023381072991714 0.9954402208092079 
1.4023680812805908 0.9955267249064177 
1.402387751536199 0.995428777813819 
1.4023744925416848 0.9954840346854311 
1.4023598355509979 0.9955219963762021 
1.4023485127530921 0.9955102307340242 
1.4023773677035876 0.9954940227464844 
1.4023922210588167 0.9955634093547872 
1.4024274823538745 0.9955290450331106 
1.4024430312425802 0.9955584665096705 
1.4024758273983975 0.9955399786448648 
1.402481306220171 0.9954902440306095 
1.4025123907388433 0.995537173281991 
1.4025732226202148 0.9955445889383956 
1.4026461343600536 0.9955343291910168 
1.402674338576596 0.9956151673122023 
1.4027249296501247 0.9955589315067708 
1.4027562888299692 0.9956277149758057 
1.402779816623831 0.9955733026661677 
1.4028017509489872 0.9955751168075986 
1.4028348872223975 0.9955961889044637 
1.4028521736086477 0.9955621848334775 
1.402912023001932 0.9956028338208651 
1.402957947340493 0.9955642392424086 
1.4029913179046547 0.9955498676504232 
1.4030107665942608 0.9956048707233522 
1.4030355791279636 0.9955081064868853 
1.4030598239498895 0.9955305652378943 
1.4030557843456537 0.9956122473561128 
1.4030645475982508 0.9956162448295686 
1.4031123200043214 0.9956251126108819 
1.4031166104883217 0.9956536815198125 
1.403154149301622 0.9955558645430194 
1.4032304804460782 0.9956418211582087 
1.4033076312705737 0.995629907862283 
1.4033256902729403 0.9956062460024238 
1.4033886428454057 0.9956491247799757 
1.4034085949518917 0.9956659518499524 
1.403453178775412 0.9956429166500967 
1.4035240188836349 0.995670243600203 
1.4035720930510796 0.9956894004598187 
1.4035916968065845 0.995650954292985 
1.403603509685176 0.9956303607907261 
1.4035803488107321 0.9957005299072927 
1.4035641106213073 0.9956557225522633 
1.4035377821136814 0.9956548744640671 
1.4035227445359484 0.9956927572546698 
1.4035280003002002 0.99566998969429 
1.4035103543388865 0.9957161078981356 
1.4035017756837753 0.9956817110579053 
1.403490967006949 0.9956880719770991 
1.40350488237991 0.9956846052823354 
1.4035259239179736 0.9957002092908519 
1.4035560510872271 0.9956550886800025 
1.4035609997613285 0.995710232715949 
1.4035729192093032 0.9956934490293021 
1.4035930338513702 0.9956825448831301 
1.403629573299415 0.9956897585238144 
1.4036776105464406 0.9957129262040821 
1.4037428288115301 0.995685415122276 
1.4037405246534105 0.9957059554096142 
1.4037557386073998 0.9956854280270554 
1.4037696733910543 0.9957152118723509 
1.4038109623698747 0.9957166358002554 
1.4038401496846014 0.995767190934557 
1.4038427745275472 0.9957302358731658 
1.40383597515077 0.9957184731270647 
1.4038210916093175 0.9957436890131448 
1.4038096438025773 0.9957181169542486 
1.403802594190078 0.9956948011069703 
1.4038005707347447 0.9957313821619715 
1.4038083639167436 0.9957182225996004 
1.4038036996208807 0.9957292192575575 
1.4038016768990866 0.9957982587451422 
1.4038103961167525 0.9957303688506911 
1.4038280942083523 0.9957679477724986 
1.4038527155472666 0.995755284237251 
1.403871439283732 0.9957940595752987 
1.4038503780277267 0.9957936512677492 
1.403849032319504 0.9958002534021906 
1.4038584308829627 0.995780490398994 
1.4038637749055147 0.995758451907147 
1.4038886919395899 0.9957759135342596 
1.403865812367269 0.9958018510580713 
1.4038682998178262 0.9957881240199293 
1.40388866205717 0.9957545288500212 
1.4038722912012358 0.9957834452540159 
1.403874226843086 0.9957877531995369 
1.4038459347502128 0.9957594728816841 
1.4038335415812515 0.9957762781917521 
1.4038426584833763 0.995757129458624 
1.4038344064906831 0.9957850428222483 
1.4038365844397462 0.9957788352281199 
1.4038420452410616 0.9958269875103539 
1.4038239221614657 0.9957943219657106 
1.4037983778540557 0.9957961670687282 
1.4038043275060677 0.9958359545129181 
1.4038070349612684 0.9958326374227815 
1.4038237878213482 0.995863687414078 
1.4038304559058128 0.9957689603948718 
1.4038482839162818 0.9958425391885145 
1.4038738897257068 0.995839180720016 
1.4038554295842522 0.9958399756060589 
1.4038480591408147 0.995849232305967 
1.4038752868972724 0.9958485266005739 
1.4038991461305943 0.995902584463539 
1.4039263733370761 0.9958749555167753 
1.4039310594992764 0.9958794259904891 
1.4039277870559224 0.9959070971090317 
1.4039199288737139 0.9958290664097778 
1.4039170130278817 0.9958559621442317 
1.4039274617688884 0.9958766597915257 
1.4039614843577504 0.9958910255023309 
1.404037120879304 0.9958842020170987 
1.4040602638391275 0.9958615642522958 
1.4040491580814913 0.9959047033072554 
1.4040549715176316 0.9958858930346939 
1.404067393804748 0.995864016023202 
1.4040514339091896 0.9958676787576494 
1.4040891892687541 0.9958920372411755 
1.404096328660296 0.9958975305026061 
1.4041055824617972 0.9958888321020392 
1.4041126823274366 0.9959003581224033 
1.4041059759750987 0.9958737217330316 
1.4041348952384254 0.9959277891128159 
1.4041384881962693 0.9959467950373676 
1.4041478570503425 0.9958664595408077 
1.4041442420975019 0.9958905260279411 
1.4041380941106616 0.9959201640933173 
1.4041164467987204 0.9959012831635404 
1.4041288340215858 0.9959455121470855 
1.404142640744225 0.995938533238199 
1.4041415727292905 0.9959299231081733 
1.4041693186762567 0.9959383703975494 
1.4041587311717685 0.995991962638126 
1.404142354136082 0.9959760739526965 
1.4041262642735621 0.9959406472791402 
1.4041446345674575 0.9959757437126879 
1.404124153955766 0.9960035409713075 
1.4041073130613195 0.9959766697009431 
1.4040834065695358 0.9959550444370189 
1.4040952616436433 0.99599440043638 
1.4040956373921893 0.9959964140535733 
1.404064405874473 0.9959710461901008 
1.4040548131204469 0.9960320835820686 
1.404040842946995 0.9960416914496263 
1.404026810325135 0.9959885613395095 
1.4040239885503798 0.996046587889922 
1.4040339253692895 0.9960158934663002 
1.4040429185544652 0.9960274065728378 
1.4040081304535432 0.9960744534153221 
1.404018676439068 0.9959951568734118 
1.4040473418082802 0.9960362834848011 
1.4040718178357332 0.996091306369576 
1.4040972347060932 0.9960459190584454 
1.4041049643932217 0.9960834269733007 
1.4041130136084052 0.9960458282453946 
1.404129658105926 0.9960884201443646 
1.404125394777076 0.9960702394222005 
1.4041138339267734 0.9960476001726428 
1.4040972372013671 0.996091930686389 
1.4040627155578762 0.9961039649861785 
1.404069743069211 0.9961019280968301 
1.4040486271556991 0.9960865227278765 
1.4040186913751065 0.9960809993072557 
1.404033065748497 0.9960713825154109 
1.4040464808511777 0.9961065814740696 
1.4040268516097898 0.996089680506845 
1.4040437659935265 0.9961114616989232 
1.4040306635081812 0.9961103437944258 
1.4040200537409289 0.9960781293953439 
1.4040009637674664 0.996111610129407 
1.4039739047119206 0.9961179062721658 
1.403954481571036 0.9960906256296881 
1.403944948184784 0.99610593376289 
1.4039093277257908 0.9961475735435626 
1.4039012158477187 0.9960897175629203 
1.403853461470565 0.9961225761504765 
1.4038524044896634 0.9961383035533075 
1.4038220744333691 0.9960538982673287 
1.4038190019512038 0.9961101585291187 
1.4038382696851057 0.9961355110343937 
1.4038168918496752 0.9961483127068587 
1.4038061610113595 0.9961353738166452 
1.4037785421481268 0.9961246082797984 
1.4037532620290587 0.9961115064747648 
1.4037314415210085 0.9961262694713738 
1.4037081844583161 0.9961444796262507 
1.4037093613263938 0.9961429646857217 
1.4037175130053343 0.9961530849102357 
1.4037372676904747 0.9961607937178154 
1.4037003341355114 0.9962016575103722 
1.4037074915511414 0.9961578257338095 
1.403690013002192 0.9961331258906944 
1.4036397092599082 0.9961166858903505 
1.4036317013730562 0.9961507084209775 
1.403607671260847 0.9961571515909273 
1.4036333641753946 0.9961863270470261 
1.403650777462204 0.9961842807355716 
1.403624295656503 0.9961802748795319 
1.4036371591726682 0.9961645115516252 
1.403631618165085 0.996156479977532 
1.4036252875314672 0.9962144888859511 
1.403600081816908 0.9961719865666081 
1.4035955852543793 0.9961948680548685 
1.4035899710891147 0.9962448635406844 
1.4035784733440388 0.9962038880310075 
1.4035624911415974 0.996202095948861 
1.4035722397921895 0.99622012021531 
1.4035581165921303 0.9962659876179689 
1.4035725838247806 0.9962539476533395 
1.4035519308286837 0.9962246796756759 
1.4035610369370344 0.9962323444805377 
1.403552768460309 0.9962356557483428 
1.403550574138322 0.9962285636084417 
1.4035395796560954 0.9962026505656255 
1.4035325882961396 0.9962528610284772 
1.403507102402023 0.9962625621955203 
1.4035032135367407 0.9962690071259434 
1.4035075931313963 0.9962249462408591 
1.4035133846858354 0.9962859873630451 
1.4034719993959193 0.9962801560591098 
1.4034790431211517 0.9962768646526644 
1.4034674563004983 0.996296098060644 
1.4034786060260225 0.9963188459749628 
1.4034547279584653 0.9962783620026755 
1.403480411663392 0.996324238947012 
1.4034710260482628 0.9962879263825882 
1.4034491592394556 0.9963259178520023 
1.403425775272327 0.9962975095010544 
1.4034131972241901 0.9963034553433565 
1.4033898922853432 0.9962994608878286 
1.4033548366889395 0.9962615150105235 
1.403320696890643 0.9962888856007712 
1.4032912112152627 0.9963321013645439 
1.4032677892309076 0.9963124660385473 
1.4032660584477457 0.9962946396695235 
1.4032450093995745 0.9963163233605109 
1.403263752989026 0.9963524234694048 
1.4032799952204973 0.996338759668532 
1.403288354376611 0.996258566258865 
1.4032723328252776 0.9963043807273334 
1.4032498607371215 0.9963312632647631 
1.4032455596296727 0.9963257030019494 
1.4032524124100343 0.9963547582171743 
1.4032752321154152 0.9963029030426512 
1.4032509788191634 0.9963392637347175 
1.4032518028774217 0.996323729644167 
1.403259187183253 0.9962907726030997 
1.403262440698168 0.9963026984178563 
1.4032439243034207 0.996379700186163 
1.4032020110683605 0.9963338253000924 
1.4031764041239796 0.9963135554628566 
1.4031429428634405 0.9963559669737739 
1.403148402079032 0.9963185174978529 
1.4031514776454843 0.9963391943841772 
1.4031369780221317 0.9963588594665566 
1.4031299083396984 0.9963776962822405 
1.4031281644723748 0.9963474399697668 
1.4031108038392663 0.9963639688011207 
1.403106142429333 0.9963325996503952 
1.4030785884961092 0.9963724909288146 
1.4030536989922147 0.996335640690685 
1.403041957451243 0.996359954611241 
1.403026224023748 0.9963517181860364 
1.4030433064025962 0.9964079529117004 
1.403055989776696 0.9963806998183685 
1.4030357949284724 0.9963875934145824 
1.403046607371044 0.9963837497449362 
1.4030574757663745 0.9963694657314248 
1.4030611389481387 0.9963561499194287 
1.4030793211740062 0.9963929228287254 
1.4030929942135761 0.9963780430420391 
1.4031267878317484 0.9964060413009161 
1.4031269094615944 0.9963602631052735 
1.403118583561846 0.9963768038793601 
1.403109038087533 0.9964159967709469 
1.4031349334980756 0.9963900709036528 
1.403152468936082 0.9964045847305925 
1.403190348331177 0.9963699227570859 
1.4031809598439537 0.9963638620445726 
1.4031827763414493 0.9963666542830404 
1.4032091147334436 0.9963725001677151 
1.403236441628364 0.9963592298202585 
1.4032382150857587 0.9964285434593773 
1.4032249221219542 0.9964099329442475 
1.4032221443913175 0.9964111171254928 
1.403227584485309 0.9964148732647385 
1.4032477606592813 0.9964656919654303 
1.4032476338254336 0.9963822461454082 
1.4032733560220858 0.9963938992676704 
1.4032942228718257 0.9964125044453068 
1.4033212426777735 0.9964228960210764 
1.4033290271403331 0.9964072508537054 
1.403361912204063 0.9963908182655888 
1.40342430973647 0.9964183689236917 
1.4034428073434027 0.996403108657461 
1.4034517230233485 0.996427521611387 
1.4034508061078184 0.9964436994232159 
1.4034770192106725 0.9964240613782566 
1.4035053357025666 0.9964172174843171 
1.4034837136759524 0.9964429111427037 
1.4034980194912554 0.9964242864682168 
1.403506461099249 0.9964442759223332 
1.40354338008918 0.9963883916327417 
1.4035743209277676 0.9964126747802525 
1.4035907543108255 0.9964191826158004 
1.4036007341356116 0.9964270865259254 
1.4036134659316968 0.9964292048341294 
1.403620594827463 0.9964296205692492 
1.4036743188901741 0.9964289733680561 
1.403692523232512 0.9964325965947566 
1.403711011512591 0.9964539663530185 
1.4037316665851387 0.9964560936184743 
1.4037331661232235 0.9964041755594601 
1.4037617661185147 0.9964129373600951 
1.4037794258595595 0.996428833991373 
1.4037992571225861 0.9964283587784908 
1.4038166879376166 0.9964640481404464 
1.403836055598575 0.9964493531341505 
1.4038573003110706 0.9964485384055128 
1.4038935685595741 0.996446422734258 
1.4039435022926057 0.9964539326466388 
1.4039854263997003 0.9964616493983004 
1.4040237560751838 0.9964651965809705 
1.4040581941385846 0.9964324234041928 
1.4041043043303414 0.9964884377455866 
1.4041393203904373 0.9964828104977834 
1.4041600458224537 0.9964425755092395 
1.4042117738242175 0.9964986340407779 
1.4042551289320206 0.996478093197078 
1.4042979562937847 0.9964861821666207 
1.4043299733210628 0.9964724386246426 
1.4043756165837045 0.9964761148167783 
1.4043976647840455 0.9965006533762 
1.4044345057072045 0.9965050152717427 
1.4044314191047258 0.9965109021432269 
1.404449960778312 0.9965029286711097 
1.4044796312213246 0.9964861074516411 
1.404519539446888 0.9964956414831657 
1.4045552436578117 0.996494493847169 
1.4045746453713004 0.9964791237368158 
1.4046196543034077 0.9965036524090248 
1.4046536486142516 0.9964881917198555 
1.4046919285734958 0.9964851171812084 
1.4047229070977005 0.9965258434524612 
1.4047678190974249 0.9965426995323678 
1.4047816110603286 0.9965335097040154 
1.4048162331120277 0.9965409715438381 
1.404889011553703 0.9965595345817291 
1.4049201542977694 0.9965464661753827 
1.4049364353926945 0.9964804313578228 
1.404948174343893 0.9965116772942889 
1.4049607590723716 0.9965003278658175 
1.4049948010489324 0.9965643659188306 
1.40501755468575 0.996554986394153 
1.4050414578639852 0.9965555563819413 
1.4050412715893823 0.9965181085913779 
1.4050524297661622 0.9965718437849617 
1.4050844078370135 0.9965791999001565 
1.4051155872154815 0.9965452861587691 
