0.0 0.8252784698152701 1.6094379124341005 
0.0 1.2875246815685981 1.59649009946754 
0.0 1.394345306348971 1.6072602420851658 
0.0 1.4283319188864458 1.6092631688498922 
0.0 1.4485176955302703 1.6079928334207494 
0.0 1.455917693319251 1.6071537360200132 
0.0 1.4605713039888206 1.6063775335733548 
0.0 1.4637114104733193 1.6063009002690136 
0.0 1.4640403680694591 1.605810522085885 
0.0 1.4600596377292283 1.6039343161799609 
0.0 1.461235095483937 1.6008028289283192 
0.0 1.4618847837935833 1.6001880081383255 
0.0 1.4621150717791065 1.5996907916227179 
0.0 1.4630462281852619 1.5995287836334353 
0.0 1.461522587401143 1.598489579184198 
0.0 1.4562464262552035 1.5974939369657475 
0.0 1.4519818979847572 1.5961704403708141 
0.0 1.4498962708296497 1.5958095469617861 
0.0 1.4484229376804836 1.5940216925776198 
0.0 1.4447108645749533 1.5941744494213628 
0.0 1.4418287566829788 1.5939271533674537 
0.0 1.4387655366704075 1.595627824375373 
0.0 1.4363488492692555 1.5969221869142753 
0.0 1.4367472811212603 1.5976895290070245 
0.0 1.436117123466264 1.5992319749955566 
0.0 1.4342575968296947 1.5996058584735553 
0.0 1.4306481347211824 1.60053469857866 
0.0 1.4274196461311621 1.6011765662750383 
0.0 1.423562971212157 1.6004421900327845 
0.0 1.4198816972327233 1.6012914052978324 
0.0 1.416217384488243 1.601568832722998 
0.0 1.4146214633939593 1.6002432721746476 
0.0 1.4114914097628317 1.5992097126289608 
0.0 1.4097459835628934 1.597962033381939 
0.0 1.409666593565948 1.596293537443029 
0.0 1.4075220449996693 1.5955653489697967 
0.0 1.4043181160069373 1.5945390430911959 
0.0 1.4022217306011509 1.5937008478690466 
0.0 1.3998805257337634 1.5931603471126432 
0.0 1.3973759611432728 1.5924619341356647 
0.0 1.397169288819325 1.5921482322688536 
0.0 1.3976576601671362 1.5918033928033009 
0.0 1.3969064298585758 1.5917254166092243 
0.0 1.3962706787417656 1.5919065630494313 
0.0 1.394363805414383 1.5920759646162008 
0.0 1.3913583272177872 1.591212886051371 
0.0 1.3888775794416246 1.5906639264927758 
0.0 1.3885136095489594 1.5905357629769221 
0.0 1.388645134423997 1.5897806751025148 
0.0 1.3886786235895412 1.5897293649949154 
0.0 1.388985297499133 1.5892234697309853 
0.0 1.3887415782152266 1.5884904847709762 
0.0 1.3869231947883252 1.5879977062412083 
0.0 1.3842664575335912 1.5870119882097606 
0.0 1.3830035660337434 1.5859673181020095 
0.0 1.3819786839097228 1.5854153184532374 
0.0 1.3818025712982485 1.5849836515016067 
0.0 1.381894026488486 1.5847408276630723 
0.0 1.381442634185385 1.5843250767840633 
0.0 1.381290600093405 1.5844009524025129 
0.0 1.3812242898245728 1.583961402867014 
0.0 1.3799654013729683 1.5836673576130877 
0.0 1.3789303551405487 1.5833311627634639 
0.0 1.3774870251157976 1.5827129311797385 
0.0 1.3774153237988347 1.5821517420281144 
0.0 1.3775502029866402 1.5819757941444643 
0.0 1.377849946782047 1.5815047394530426 
0.0 1.376547575953851 1.580882839840353 
0.0 1.375499710529229 1.5803659467723992 
0.0 1.3748305174055775 1.580209996688804 
0.0 1.3746361171869659 1.5798247236442649 
0.0 1.3740479940982575 1.579398324295756 
0.0 1.3740843329927164 1.5797763988352715 
0.0 1.3728469882859125 1.5794464828197206 
0.0 1.3710811234283284 1.578403900906824 
0.0 1.3705640490410802 1.5780390025700288 
0.0 1.3693935065265197 1.5774680399416094 
0.0 1.3693301858894766 1.5771690388450539 
0.0 1.3695345046362954 1.5772913045435375 
0.0 1.3685222985860166 1.5767654308370633 
0.0 1.3674779903436087 1.5768387911575108 
0.0 1.3661895144498322 1.5760526980345533 
0.0 1.3659795117594264 1.5754724800879627 
0.0 1.3651791199872643 1.5747822032318228 
0.0 1.363757938241616 1.5738518950603364 
0.0 1.362795921478608 1.5736598343139467 
0.0 1.3629533893328614 1.5732410180547622 
0.0 1.3621995710779993 1.5736758152246186 
0.0 1.3608269553957348 1.572908351409492 
0.0 1.3599251090382545 1.5732467339209795 
0.0 1.3598744605562583 1.5729557161213419 
0.0 1.3597754214954927 1.5730344100805225 
0.0 1.3587081410002384 1.5727508073198133 
0.0 1.3590865399901275 1.572391007553912 
0.0 1.3587060826935766 1.5717920525388274 
0.0 1.3586575107002017 1.5719873468208354 
0.0 1.3581537491890747 1.5716938367584072 
0.0 1.3580953068389328 1.5722757825281293 
0.0 1.3590279158289011 1.5727162664699208 
0.0 1.3603216530717914 1.5737164093688012 
0.0 1.3620215545368681 1.57326153896159 
0.0 1.3618399662388903 1.5732402860797494 
0.0 1.3615547671862325 1.5732857950157015 
0.0 1.3605055980477427 1.5725439906320982 
0.0 1.3593126274211198 1.572720113779639 
0.0 1.3584474694892172 1.5731136035489697 
0.0 1.35949935945816 1.574044697811374 
0.0 1.3601926295709885 1.5735395642932464 
0.0 1.3604295969384725 1.573830485764863 
0.0 1.3610238738548313 1.5741286488545931 
0.0 1.362356095818231 1.5744402673282363 
0.0 1.3634385419684176 1.574997343973098 
0.0 1.3629385336447624 1.5749514170617251 
0.0 1.3621137050700485 1.5746500873442064 
0.0 1.3618911678657137 1.5747094403212918 
0.0 1.3612532664924324 1.574622753943566 
0.0 1.3610958886542488 1.5747235747018908 
0.0 1.3609335034301746 1.5748246649502695 
0.0 1.3600547295583822 1.574624405034841 
0.0 1.359171775869226 1.574641956763832 
0.0 1.3581236978921385 1.5747318834745931 
0.0 1.3571201130090005 1.5750420743861384 
0.0 1.3561150629118868 1.5750841174749535 
0.0 1.355677793034044 1.574736840146664 
0.0 1.3556741049295147 1.5745869472866858 
0.0 1.3549840930863841 1.5748086363317435 
0.0 1.3541112696105964 1.5744383262821988 
0.0 1.3535579850484576 1.574340691225363 
0.0 1.3533409808726296 1.5740943176177997 
0.0 1.3526099640672724 1.5743646829348745 
0.0 1.351511970936129 1.5744539141876202 
0.0 1.350475543663484 1.5745470187798694 
0.0 1.349775081552098 1.574750504877826 
0.0 1.348910532518724 1.5747734572879053 
0.0 1.3481392801605057 1.5743631102697238 
0.0 1.347295806502013 1.5737886105619352 
0.0 1.3473629657144255 1.5741608472889221 
0.0 1.3470219291509133 1.5745003405554707 
0.0 1.3463660695657866 1.574250296473253 
0.0 1.3463651632523397 1.5740529335710756 
0.0 1.347073441577674 1.5739182922736035 
0.0 1.3470454890966346 1.5736751296715323 
0.0 1.3469663065381077 1.5732583265894269 
0.0 1.3465040212304105 1.5730111382019256 
0.0 1.3456825968391106 1.572831831173785 
0.0 1.3448086787891738 1.5729944490295034 
0.0 1.3442538591201567 1.5725677055607854 
0.0 1.3441220270873826 1.5728774168204296 
0.0 1.3444504590917146 1.5730853194120404 
0.0 1.3447836926784096 1.5729752147745288 
0.0 1.3442736127857915 1.5726143820750762 
0.0 1.3436706703768462 1.5723091956853779 
0.0 1.3432392995055533 1.571988941357705 
0.0 1.3427608541734601 1.5717921514511775 
0.0 1.3428553551459659 1.5720965949907373 
0.0 1.3424556428871004 1.571629546099733 
0.0 1.3416817802593373 1.5712697514664897 
0.0 1.3413304105746333 1.571696043173004 
0.0 1.3407691837934133 1.571961255647991 
0.0 1.3399799751575006 1.571605440626128 
0.0 1.3399597692808332 1.5715840409631787 
0.0 1.3401871872701099 1.5717359710194905 
0.0 1.3405150403004082 1.571566059604639 
0.0 1.3404632221524004 1.5714336914116924 
0.0 1.3407866400438757 1.5712982015176498 
0.0 1.3405519616487216 1.5717549969093485 
0.0 1.3401687372933397 1.5723563549221613 
0.0 1.340469552336825 1.5726036505113719 
0.0 1.3410015783183058 1.5729322859669035 
0.0 1.3407340360336288 1.5730786204512832 
0.0 1.3399951724047474 1.573254181250839 
0.0 1.3392704197059253 1.5732666854797555 
0.0 1.3390743984323101 1.5733586059226399 
0.0 1.3388410395792711 1.5736036239335531 
0.0 1.3387120959630638 1.5738912191669372 
0.0 1.3383973057365601 1.5739617024200812 
0.0 1.3384738546707484 1.5743056118799132 
0.0 1.338577406153193 1.5746128829664148 
0.0 1.3387323681048167 1.5750097845181448 
0.0 1.3393689167310976 1.575062280920105 
0.0 1.3392664621041783 1.574818787917925 
0.0 1.3385873127249615 1.5744685170423038 
0.0 1.3381182430200214 1.5744755816536793 
0.0 1.3374606456749616 1.574090947614948 
0.0 1.3369530881684097 1.5742313897374727 
0.0 1.3367119379536074 1.5741653096091484 
0.0 1.3368903314265932 1.5740166198528194 
0.0 1.336527348313931 1.5736914987363646 
0.0 1.3358749151654046 1.5736307891039587 
0.0 1.3362721726737 1.573744176007397 
0.0 1.33678093465545 1.573465229902848 
0.0 1.3371130191307297 1.5735809032999217 
0.0 1.3366685797876459 1.5734141160736417 
0.0 1.336249146853058 1.5734291056679752 
0.0 1.3357984532490736 1.5730672126920602 
0.0 1.3351788245991618 1.5731418905175631 
0.0 1.3348946597745648 1.5728040499446683 
0.0 1.334373176714726 1.572766954500392 
0.0 1.3337354585805639 1.572402608694263 
0.0 1.3330289695478845 1.5719887713923464 
0.0 1.3323043878156575 1.5718895845819993 
0.0 1.331605558259263 1.5718914179086745 
0.0 1.3310601735349463 1.5719148476061402 
0.0 1.331030102623408 1.5718576556089214 
0.0 1.3316443665557933 1.572096672142577 
0.0 1.3314212974174415 1.5720872990721741 
0.0 1.3308323605987342 1.5717382285241968 
0.0 1.3304010212723716 1.5713993316136605 
0.0 1.329871347903902 1.571101015722187 
0.0 1.3293813739223272 1.570765239843929 
0.0 1.3294382021534141 1.5708811464522203 
0.0 1.3295489748223057 1.5712222628997268 
0.0 1.3297818823142324 1.5714504339905004 
0.0 1.3296616047397771 1.571390599721078 
0.0 1.3294959781288205 1.5712599608357531 
0.0 1.32957971956372 1.5715739835820932 
0.0 1.3296952528441097 1.5713264869596357 
0.0 1.3298394573028738 1.5710364194489304 
0.0 1.3295063787208024 1.57063275677071 
0.0 1.3289473961450515 1.5706339392386313 
0.0 1.3292001761709469 1.571161442278134 
0.0 1.3297515036032337 1.57123043425911 
0.0 1.3301423281235287 1.5716423551883212 
0.0 1.3301491098102534 1.5718272889391207 
0.0 1.3299997763401108 1.5716911125986146 
0.0 1.3296697320238853 1.5714308478236172 
0.0 1.3290804245943975 1.5711879914466913 
0.0 1.3287020390963182 1.5712137656971072 
0.0 1.3289435764908317 1.5711669963399317 
0.0 1.3288641180427165 1.5712874031597253 
0.0 1.328418054494313 1.57138800584802 
0.0 1.3279312606334819 1.5713864374002695 
0.0 1.327663842072528 1.571474330936277 
0.0 1.3279129008223893 1.5714685678258087 
0.0 1.3278454768268615 1.5715471228410833 
0.0 1.3273531257820905 1.571542570761575 
0.0 1.326738131737967 1.5714861727529086 
0.0 1.3267789611554952 1.5714663805270401 
0.0 1.327061615188856 1.5714675209655495 
0.0 1.3279081852195433 1.5715489168103924 
0.0 1.328411198422512 1.5716013905376132 
0.0 1.3280942485443865 1.571450654984555 
0.0 1.3280994979885512 1.57152272156086 
0.0 1.3282407005671737 1.5714779216140802 
0.0 1.3279162654939087 1.5713990432555507 
0.0 1.3276901326286437 1.5711749808778284 
0.0 1.3278330550233386 1.5711618090934714 
0.0 1.3279373556953853 1.57129236124239 
0.0 1.3283182923615395 1.5714787762023807 
0.0 1.3281065280605227 1.5713448020234577 
0.0 1.3278302940794922 1.5712278271640276 
0.0 1.3274025824389437 1.570904557192009 
0.0 1.3271102009640783 1.5705905046180606 
0.0 1.3267073999759573 1.5706600832935826 
0.0 1.3265655610250329 1.5707717132986942 
0.0 1.3262872304749456 1.5708309865766739 
0.0 1.3261464502719467 1.5706121789215843 
0.0 1.3262384279835604 1.5705978273578678 
0.0 1.3260953459895228 1.5705939908549835 
0.0 1.3259703542795898 1.5707643142756176 
0.0 1.3255854698872662 1.5705237081360095 
0.0 1.3252702590189176 1.5706377327470216 
0.0 1.325234891146337 1.5708701113161048 
0.0 1.324946474811419 1.570616256792289 
0.0 1.3244616309857722 1.5704391567957372 
0.0 1.3239749747755094 1.5704993607998203 
0.0 1.3238357910009757 1.5705213893271175 
0.0 1.3238720124345822 1.5707090714659429 
0.0 1.3236548143173208 1.5707428568834538 
0.0 1.3234193780017098 1.5705239056427487 
0.0 1.3236583634572003 1.5703162801302932 
0.0 1.3238396152346232 1.570388777047806 
0.0 1.3235473879123592 1.570197550533837 
0.0 1.323587977631473 1.5705575955508495 
0.0 1.3239599128207442 1.5705078305027216 
0.0 1.323903627973368 1.5705271798473945 
0.0 1.3234915859616856 1.570211112611967 
0.0 1.3230430556428696 1.5699971789315665 
0.0 1.3225549686779028 1.5701596306585437 
0.0 1.3220969852207367 1.5699727243957424 
0.0 1.321685899650952 1.5699765282848168 
0.0 1.3214514809699007 1.5700697444019838 
0.0 1.32111641800563 1.5700280525050363 
0.0 1.321105757119178 1.570179788390969 
0.0 1.3209868243676228 1.5703630042761654 
0.0 1.3205773400951415 1.5703442907581646 
0.0 1.320098467428005 1.5704177078137578 
0.0 1.3200373483278875 1.5704603260398313 
0.0 1.3198592093702393 1.5702494502549187 
0.0 1.3195053855378838 1.5702868617251877 
0.0 1.3194203991069808 1.5703173685098015 
0.0 1.319133842044986 1.5702817691177617 
0.0 1.319249619370426 1.5703750331228827 
0.0 1.3191347164440834 1.5701983767945682 
0.0 1.3192740093280007 1.5701493674952731 
0.0 1.31913720708296 1.5702304989362927 
0.0 1.3193163973778417 1.570386318924414 
0.0 1.3194816337234556 1.5705474008230609 
0.0 1.3192549619163991 1.5703356756113427 
0.0 1.3196365751196502 1.5704934061149662 
0.0 1.3195552356640796 1.570536941791612 
0.0 1.3191417793265316 1.5703132179645407 
0.0 1.318740399444862 1.5701808706050395 
0.0 1.3185370724749672 1.5700534418665273 
0.0 1.3190736127619065 1.570251390950285 
0.0 1.319168224874527 1.5703272978090936 
0.0 1.3188198476581419 1.5703002651214315 
0.0 1.318679526835089 1.570356167271227 
0.0 1.3186904643041037 1.5703564985989622 
0.0 1.3185042504580289 1.5703535303367997 
0.0 1.3181724906876053 1.570493327221501 
0.0 1.3180588370647106 1.5705264665549563 
0.0 1.3177821542299528 1.5703101802447195 
0.0 1.317619122890635 1.5703625533391266 
0.0 1.3176243211912053 1.5704199914843093 
0.0 1.3174539140649448 1.5704276215590434 
0.0 1.3170472544772844 1.5703402046682702 
0.0 1.31692643487181 1.5702082902560144 
0.0 1.3171865068494497 1.57020321911777 
0.0 1.3176446375693662 1.5702622247235931 
0.0 1.317535159441596 1.5701020773323595 
0.0 1.3174153036990282 1.5699339148386873 
0.0 1.3172982937810314 1.5698728586875916 
0.0 1.3175789091179069 1.570117341902965 
0.0 1.3176595944087832 1.5701922680109561 
0.0 1.3179179824583511 1.5704968315172074 
0.0 1.3182567145939035 1.57084450787229 
0.0 1.3181115210529961 1.5709473139948802 
0.0 1.3177260561105815 1.5709443346673888 
0.0 1.317467327604351 1.5710200108665373 
0.0 1.317309507286361 1.5711200822025173 
0.0 1.3169643980211165 1.5710919657996028 
0.0 1.316590178732622 1.5710199600700459 
0.0 1.3162161707856133 1.5709047536525986 
0.0 1.3159067216847506 1.5707285737672996 
0.0 1.3155567282539 1.5706444363554108 
0.0 1.315227277251024 1.5706377569244188 
0.0 1.3148667849661932 1.5707166321778336 
0.0 1.3150544104805504 1.5708749500029109 
0.0 1.3152349393853031 1.5708096279469839 
0.0 1.3157239048948557 1.5707849186391734 
0.0 1.3157853512544386 1.570600391527471 
0.0 1.315822847721932 1.5705641360027434 
0.0 1.3159627846763027 1.5705949101956245 
0.0 1.3157917378352972 1.570391643209603 
0.0 1.3157330940440486 1.5702691117473553 
0.0 1.3161036457269721 1.5701671369527972 
0.0 1.3165013158103687 1.5700742231360074 
0.0 1.3163684269278402 1.5699714463981815 
0.0 1.3162278003959438 1.5699207928927577 
0.0 1.315987094095869 1.5698255852224337 
0.0 1.3160693581695593 1.5699030580067268 
0.0 1.3162155647003142 1.5701395073505606 
0.0 1.316098405411874 1.5699173679723728 
0.0 1.3159054824938188 1.5699941543106914 
0.0 1.3159480855046093 1.5699729089931955 
0.0 1.3161634602821304 1.5701088924136086 
0.0 1.3164574495245613 1.5700142378866917 
0.0 1.3166749396180502 1.5699983601861112 
0.0 1.3167483691959145 1.5701219821774752 
0.0 1.3169651647897063 1.570340330256246 
0.0 1.317277274543395 1.5703458532759875 
0.0 1.3174651587399304 1.5705518440803772 
0.0 1.3172885189024173 1.5704563759996937 
0.0 1.3169457658944765 1.570483011574434 
0.0 1.3167297917727143 1.5703774030791267 
0.0 1.316648123613346 1.5702520928202088 
0.0 1.316513633283599 1.5701491334904794 
0.0 1.3168872407059506 1.5703465672576176 
0.0 1.3173633892183596 1.5702865795351084 
0.0 1.3175419464965814 1.5702378220472042 
0.0 1.3174182719060197 1.570091057573779 
0.0 1.317127299060366 1.569915283542339 
0.0 1.3172625965135152 1.5700978125738718 
0.0 1.317170013961784 1.5701153824578822 
0.0 1.317001215828846 1.5702023618900998 
0.0 1.3167568641755432 1.5700651272303083 
0.0 1.3164916965127917 1.5698492900015153 
0.0 1.3161576487528277 1.5697516568764365 
0.0 1.3161459396616069 1.5699586908936647 
0.0 1.3162518350105394 1.5698949742327397 
0.0 1.3162341005745117 1.5699120832361713 
0.0 1.3159923085068856 1.5698138968206583 
0.0 1.315776094502349 1.569685621113137 
0.0 1.315769511922978 1.5697160897246345 
0.0 1.315839568367545 1.569894386872177 
0.0 1.3159149290855081 1.5700592255212829 
0.0 1.316255051569595 1.5702922466900284 
0.0 1.3164988323049758 1.5703809918429592 
0.0 1.3165361004842273 1.570293773703714 
0.0 1.316270999104579 1.5701835846321797 
0.0 1.3161054223935185 1.5703267105709162 
0.0 1.3162730896318504 1.5703915785156497 
0.0 1.3161741475498652 1.5703446201893536 
0.0 1.3158487635677982 1.5701621060649236 
0.0 1.3161995342903263 1.5703403043259196 
0.0 1.3165496807983386 1.5703386072717014 
0.0 1.316686233311694 1.57028461480854 
0.0 1.316702137691622 1.570117883109847 
0.0 1.3165053381235994 1.5700501883301814 
0.0 1.3165971245827914 1.5700340358329554 
0.0 1.3164572348223147 1.5698710308639143 
0.0 1.3161439131704917 1.5697944017804777 
0.0 1.3159937239242934 1.5697482958171023 
0.0 1.31615295825412 1.5696351170809526 
0.0 1.3160491858521777 1.5695065659427283 
0.0 1.3157418406350219 1.5695290483584923 
0.0 1.315617479134203 1.5695111924084202 
0.0 1.315775842441055 1.5695839036279287 
0.0 1.3157276400454267 1.569397672622068 
0.0 1.3155946891879389 1.5695035568234998 
0.0 1.3158454483626383 1.5695868293632707 
0.0 1.315977248496859 1.5695933272927847 
0.0 1.316069116116398 1.5696304328201307 
0.0 1.3159081840478621 1.569718940424731 
0.0 1.3158705678996485 1.5696350069613862 
0.0 1.3159339700180284 1.5695610158311082 
0.0 1.3162176591342027 1.5697334731315697 
0.0 1.3165972143269664 1.5696589821026958 
0.0 1.316542700030514 1.5695231592949233 
0.0 1.3162497988453925 1.569409086003155 
0.0 1.3161898045356746 1.5693765517670093 
0.0 1.3163877911492168 1.5693218995644818 
0.0 1.3162449113289225 1.5692336011620591 
0.0 1.3161076540988454 1.5690603990373468 
0.0 1.3160654622441337 1.5690253805087468 
0.0 1.3158639146521403 1.5689971760857797 
0.0 1.3157675075146118 1.5688951043689308 
0.0 1.3158238458621394 1.5688168421216597 
0.0 1.3156976478946925 1.5687096833858607 
0.0 1.315516937109538 1.5685944820436986 
0.0 1.3155621342408408 1.5685775897805319 
0.0 1.315794960118372 1.5687421467267653 
0.0 1.3157463998152377 1.5686350161905191 
0.0 1.31548322492303 1.5684953163647246 
0.0 1.3151823278263475 1.568285159526372 
0.0 1.3149169237335554 1.5681171553347384 
0.0 1.3148448197346416 1.5682728301356015 
0.0 1.3147218793736277 1.5681507769861178 
0.0 1.3145451135801485 1.5682357898887216 
0.0 1.3146240733501788 1.5680760655744086 
0.0 1.3144891452538643 1.5679007751162612 
0.0 1.3144190162600655 1.567964661321021 
0.0 1.3142580083887616 1.5679633845535177 
0.0 1.3141431587787504 1.567883007552465 
0.0 1.3139944650261353 1.5677745885831527 
0.0 1.3137612630380842 1.5676644436583522 
0.0 1.313588557758422 1.5675799683772658 
0.0 1.3135927165762185 1.5676592901638802 
0.0 1.313905164368579 1.5676215479527935 
0.0 1.3140457181381582 1.5675644272966691 
0.0 1.3138732225274474 1.5674332598943224 
0.0 1.3138595418386745 1.5673661802858085 
0.0 1.3141948430168275 1.5675657857504008 
0.0 1.3142140739489874 1.5675747606647292 
0.0 1.3139669798824587 1.5675908468343085 
0.0 1.3139017171933642 1.567746698947794 
0.0 1.3137141362619633 1.5678207772150272 
0.0 1.3134394691639608 1.5677201612310638 
0.0 1.3131811551458616 1.5678144655980841 
0.0 1.3129283287003828 1.56773942400942 
0.0 1.3127549732494328 1.5677623462096744 
0.0 1.3129495126729402 1.5676988323926322 
0.0 1.3129063774301792 1.5678079000005436 
0.0 1.3128967803418452 1.567838825479323 
0.0 1.3131768904690964 1.5679140853433324 
0.0 1.31313298477499 1.5678861342486663 
0.0 1.3130153910573155 1.5677434288183514 
0.0 1.312852316704965 1.5677867509596612 
0.0 1.312629246092088 1.567826253397229 
0.0 1.3126620533376252 1.5678206295306731 
0.0 1.312588974752121 1.567781904118092 
0.0 1.312476886608061 1.5677585394182674 
0.0 1.312674049567798 1.56790570660782 
0.0 1.3130844390002683 1.567887050055544 
0.0 1.3133376544933675 1.5678821780861179 
0.0 1.3132651387079988 1.5678005148430074 
0.0 1.313110605242457 1.5676963982361536 
0.0 1.3129159377138946 1.567567788148114 
0.0 1.3129377974791827 1.567525750113219 
0.0 1.31284876597746 1.5675617785106895 
0.0 1.3129437553557244 1.5676263727591606 
0.0 1.3131533269172624 1.567569883390541 
0.0 1.3130584514463186 1.5675296994157515 
0.0 1.313024282733297 1.5674453682049767 
0.0 1.3128592924220424 1.5673173187035556 
0.0 1.312583388659095 1.567136167236631 
0.0 1.3123965510107014 1.5670247680768616 
0.0 1.312234815060407 1.5669656495062219 
0.0 1.3122785337224596 1.5669788976175503 
0.0 1.3121688932028643 1.5669189374770756 
0.0 1.3119396247447432 1.5668697101339437 
0.0 1.3117686806747129 1.5667584530817475 
0.0 1.3116864841390938 1.566644059789853 
0.0 1.3116044212801008 1.5667683408509185 
0.0 1.3118496127691135 1.5667231654703768 
0.0 1.312285365767908 1.566857977075654 
0.0 1.3123153646017534 1.5667425630652034 
0.0 1.312093490683447 1.5665707497201204 
0.0 1.3121022707631458 1.566499005416388 
0.0 1.311981716776546 1.5664363784557924 
0.0 1.3117613607456933 1.5665250270897255 
0.0 1.3115302502606085 1.5666337069446725 
0.0 1.3115228534667087 1.5667478966488235 
0.0 1.311658876677213 1.5669233592346086 
0.0 1.3119314994446367 1.566984170257661 
0.0 1.312190033862186 1.5670301310673882 
0.0 1.3125519421814293 1.5669250838724629 
0.0 1.3125724520350974 1.5668655340005864 
0.0 1.312504438651244 1.5667872795127595 
0.0 1.3126861990898753 1.5667004217109355 
0.0 1.3127946711624474 1.5667075716238068 
0.0 1.3126889061086595 1.5666613217610412 
0.0 1.3124302891672708 1.5665378563964576 
0.0 1.3123098383038563 1.566598071889295 
0.0 1.3126116717368292 1.5665905060841459 
0.0 1.3125795361396007 1.5665159413391798 
0.0 1.3123707031942196 1.56657109800159 
0.0 1.3126602942148993 1.5666093152864917 
0.0 1.3128908133958195 1.5666978182387716 
0.0 1.3127859761175151 1.5665727607063091 
0.0 1.3127441150375363 1.566505028835469 
0.0 1.3130202155122501 1.5665636786380472 
0.0 1.3134460425804786 1.5665702376206116 
0.0 1.3134513530944198 1.5665320877827735 
0.0 1.313303505627966 1.5663940487959302 
0.0 1.3132320807049365 1.566445743380705 
0.0 1.3130625771206215 1.5663051816723261 
0.0 1.312814600105012 1.5662713742908145 
0.0 1.3127024706465573 1.566241351930129 
0.0 1.3125313732526394 1.5663237194511805 
0.0 1.3123838535150067 1.5662218439060034 
0.0 1.3122124143237588 1.5662355275956057 
0.0 1.311989660902466 1.5661615268210414 
0.0 1.3118412917014433 1.5661002883732644 
0.0 1.3121045669530262 1.5660537083662966 
0.0 1.3121674901192224 1.5661120966106241 
0.0 1.3124613889321557 1.5663219844871383 
0.0 1.3125091370688429 1.5662781764466551 
0.0 1.3125123337494382 1.5663855599716285 
0.0 1.3123698941118733 1.5663885486596538 
0.0 1.3121649442993288 1.566427957343973 
0.0 1.312281683049115 1.5664945376986912 
0.0 1.3125846906148677 1.566477725012732 
0.0 1.3125215582004348 1.5664031499388875 
0.0 1.312331870214695 1.566411506216027 
0.0 1.3122216779665485 1.5664521853101387 
0.0 1.3120948043659293 1.566504269104147 
0.0 1.3119255775062564 1.5665956308591342 
0.0 1.3120518170922288 1.5666192911390482 
0.0 1.3122193540876341 1.5666156068966959 
0.0 1.3121107464706168 1.5665643646008331 
0.0 1.3119695541355527 1.5666421955051588 
0.0 1.311817897301847 1.5667041188368318 
0.0 1.311597900755919 1.5665847097303374 
0.0 1.3113626152544755 1.5664653547083875 
0.0 1.3111359723191844 1.5664252828938063 
0.0 1.3109485302555701 1.566460824721355 
0.0 1.3111795385975922 1.5665428123695742 
0.0 1.3113533414709935 1.5666578812267495 
0.0 1.3115136840297323 1.5667507566758547 
0.0 1.3114597689684542 1.5666491457252942 
0.0 1.3113975924021386 1.5667125262402266 
0.0 1.3115543727954813 1.5667876935360823 
0.0 1.3116580207165556 1.5667090732836753 
0.0 1.3115514275466533 1.5666586051668379 
0.0 1.311350220187179 1.5665446070193065 
0.0 1.3114178599662403 1.5667206207464377 
0.0 1.3116077835067976 1.5669352922574444 
0.0 1.311852093436591 1.5669400569707128 
0.0 1.3118964878423411 1.5669870519273967 
0.0 1.3117555966481087 1.56698565679571 
0.0 1.3118626640472029 1.5669317765484145 
0.0 1.311962251805837 1.5668877791472564 
0.0 1.3121604763154635 1.566896636341044 
0.0 1.3123538890143043 1.5669002462585593 
0.0 1.3122686254365892 1.5668357736683423 
0.0 1.3121542840415923 1.5668503626066994 
0.0 1.3120510387428244 1.566929573563382 
0.0 1.3120198632749995 1.5669331642156061 
0.0 1.3122697896573559 1.567110233793179 
0.0 1.3124660368226793 1.5671944307346855 
0.0 1.3124908079142508 1.5671516816653033 
0.0 1.312332187644259 1.567191837597591 
0.0 1.3121289582942048 1.5671131202692907 
0.0 1.3119130018655314 1.5670529484324947 
0.0 1.311885271165461 1.5670971018871898 
0.0 1.3119503509376857 1.567159722811402 
0.0 1.3118687444568966 1.5671231800872345 
0.0 1.3120833279145576 1.5672731385692984 
0.0 1.312088353289432 1.5671981883936998 
0.0 1.3120449992428493 1.5672459828546659 
0.0 1.3119204046518707 1.5671319649229698 
0.0 1.3119465897798401 1.5671910875658142 
0.0 1.3118886785699753 1.5671668764551998 
0.0 1.311741407854561 1.5672082548984931 
0.0 1.3115664755025478 1.5671121686184164 
0.0 1.3114412153291095 1.567162616355464 
0.0 1.3115573724859995 1.5672042672377038 
0.0 1.3114834496990238 1.5671464362559653 
0.0 1.311288378546435 1.5671635433915585 
0.0 1.3112902306231582 1.567217448710259 
0.0 1.3113346050896277 1.5672180307968326 
0.0 1.311349332051985 1.567273717654323 
0.0 1.3114496298746572 1.567249534778282 
0.0 1.3114179500142717 1.5672857704125966 
0.0 1.3113347215753237 1.5671786438778328 
0.0 1.31131631768367 1.56706331633701 
0.0 1.3115747482665239 1.5671344607477824 
0.0 1.3115093147730794 1.5670371715983662 
0.0 1.311384945827729 1.5669480566225853 
0.0 1.3112607058202472 1.566973834634114 
0.0 1.3110938079878278 1.5669851240436472 
0.0 1.3109196027120473 1.5670103575917669 
0.0 1.3107482853065286 1.5670018713453808 
0.0 1.3108549460319776 1.5670150483907734 
0.0 1.3107679098884846 1.566929330313706 
0.0 1.3105781541280979 1.5668079952861635 
0.0 1.3106034530029966 1.5670127042999729 
0.0 1.3106343522896242 1.5670178723996306 
0.0 1.310504905386956 1.56695530875994 
0.0 1.3106345136576532 1.5668967447956543 
0.0 1.3109995762007873 1.566911049634918 
0.0 1.3109913770130253 1.5668511302998829 
0.0 1.310796920367262 1.5667658979138182 
0.0 1.3106669899454613 1.5667005392486164 
0.0 1.3104981100724944 1.5666137394693294 
0.0 1.3103452360899404 1.566502819252717 
0.0 1.310257288884304 1.5665628761720074 
0.0 1.3102988251293148 1.566645843810283 
0.0 1.3103554991002744 1.566630950410788 
0.0 1.310409087264149 1.5666540306624817 
0.0 1.3105589729529041 1.5666689494216701 
0.0 1.3108351129618323 1.5667533179705848 
0.0 1.3111418001374415 1.5667632522471266 
0.0 1.3111429880937533 1.566664533420184 
0.0 1.310990724765326 1.5665466986713383 
0.0 1.3107883774214026 1.5664206378513954 
0.0 1.3105818854873654 1.5664214895091364 
0.0 1.310512521932106 1.5664467013626817 
0.0 1.3104844332564278 1.566510768667623 
0.0 1.3103382342442822 1.5664660969214566 
0.0 1.3101313109418053 1.566477165580245 
0.0 1.310004641102239 1.5663743692662448 
0.0 1.3098651582158265 1.566271599757022 
0.0 1.3096760214278511 1.5662104447608214 
0.0 1.3094850132441496 1.566089486462532 
0.0 1.309353025958879 1.5660901480480065 
0.0 1.309235494703098 1.566031842426465 
0.0 1.3093861727103497 1.5661597789453683 
0.0 1.3097114409009045 1.566150913701085 
0.0 1.3097014535319962 1.566114762584136 
0.0 1.3099405069210064 1.5662517437459078 
0.0 1.3099754802806274 1.5661948993715817 
0.0 1.3099645551297587 1.5661911860406392 
0.0 1.3098835186650044 1.5662963292481127 
0.0 1.309723961471988 1.5663255239832905 
0.0 1.3095521890499517 1.5662508452615256 
0.0 1.3096436391231348 1.5662109832109785 
0.0 1.3099623041954263 1.5663208057706899 
0.0 1.3103061191710001 1.5665074460499158 
0.0 1.3103713112281619 1.566616245462702 
0.0 1.3104365084470988 1.566584123609169 
0.0 1.3103703271857283 1.5666263138765608 
0.0 1.3102728327475734 1.5666525043841935 
0.0 1.3104107138810956 1.5667443340448879 
0.0 1.3104081224754176 1.5666235330376708 
0.0 1.3104633853813623 1.5666038469397885 
0.0 1.3105335793772661 1.5666001673181535 
0.0 1.310539692719524 1.5667679873434985 
0.0 1.3106151052377188 1.5668429839596265 
0.0 1.3108988236235495 1.5669110598414362 
0.0 1.3108849407594394 1.5668557039638074 
0.0 1.3107316303908765 1.5668900478925476 
0.0 1.3107469442329578 1.566899620364588 
0.0 1.3106491832055325 1.5668954426928865 
0.0 1.3105178632859684 1.5668731881865559 
0.0 1.3104421485449613 1.5668733301029816 
0.0 1.310428890952044 1.5669200280993145 
0.0 1.3104257843395122 1.5668189924865303 
0.0 1.310650825927737 1.5668594942441314 
0.0 1.3108103286918455 1.5667878142251666 
0.0 1.3107093473129812 1.5667101031771895 
0.0 1.3106592882165355 1.5667267994525649 
0.0 1.3107037937183565 1.5666579331536958 
0.0 1.310643963198145 1.5665634880068715 
0.0 1.310736264516654 1.5667148155614812 
0.0 1.3106742905098594 1.5666388427432865 
0.0 1.3105197157878499 1.5666570698913873 
0.0 1.3105264630913498 1.5666439795757454 
0.0 1.3104977336891264 1.5666838581267932 
0.0 1.3103308736885242 1.5667203365207834 
0.0 1.3104207880340633 1.5667735965193337 
0.0 1.3103967662050975 1.5668174916719433 
0.0 1.3102307648107676 1.566805501813037 
0.0 1.3101332160786394 1.5667443358925537 
0.0 1.3103158405446935 1.5667962789384933 
0.0 1.3103160158996088 1.566705986191152 
0.0 1.3102968838327733 1.5667659805559775 
0.0 1.3104948550941011 1.5667742880829423 
0.0 1.3107957519001965 1.5668416688431028 
0.0 1.3111588546390622 1.5668803741478585 
0.0 1.3111663452969367 1.5668382798114457 
0.0 1.3110933089778278 1.5668191932592253 
0.0 1.3111613842020398 1.5667882953565178 
0.0 1.31110914623892 1.5667639788354872 
0.0 1.3109310840557895 1.566656428240223 
0.0 1.3107309319848437 1.5666703949918785 
0.0 1.3106429468421654 1.5665949746414798 
0.0 1.31049485703816 1.5665791801330122 
0.0 1.3104352623745115 1.5666359981036841 
0.0 1.3103237396120766 1.5665625994199774 
0.0 1.3102207368981489 1.5665719396628643 
0.0 1.3101459165735359 1.5665711321537843 
0.0 1.3101583006800683 1.5665332027245578 
0.0 1.3100419907998226 1.5665059993028192 
0.0 1.309889369647023 1.5664142631391966 
0.0 1.3097718195451267 1.5663462411183398 
0.0 1.309646861030364 1.566292871839094 
0.0 1.3094939837760586 1.566162030112149 
0.0 1.309479172908934 1.5661197496941623 
0.0 1.3094174599052928 1.566032341469408 
0.0 1.3093818269980373 1.5660436999246985 
0.0 1.3093689998241895 1.5660484161814547 
0.0 1.3093048888228567 1.565940202274352 
0.0 1.3092092261170791 1.5659135685421317 
0.0 1.3090780840696707 1.565902534413784 
0.0 1.3089625922854813 1.5659286004478528 
0.0 1.308812540465328 1.5659935523765927 
0.0 1.3086505676963065 1.5659173358847986 
0.0 1.3087324680104742 1.5659495005820394 
0.0 1.3089551045594792 1.566083382907413 
0.0 1.308905316363012 1.5661438998620354 
0.0 1.3087904557019336 1.5661607571430372 
0.0 1.3089607694851013 1.5662590354365258 
0.0 1.3089426393459602 1.5663092440160826 
0.0 1.308786147429729 1.566299455093671 
0.0 1.3086199233837084 1.5663355902514355 
0.0 1.3088203353226822 1.5664833506521094 
0.0 1.3088825227128789 1.566545331366133 
0.0 1.3087268262920675 1.5665606551304707 
0.0 1.3086424873279952 1.5665660741231182 
0.0 1.3086758673895724 1.5666904545482097 
0.0 1.308731186422302 1.5667675084082635 
0.0 1.3088625960433493 1.5669905161058917 
0.0 1.3089393844163075 1.5670338652023008 
0.0 1.3088208622508652 1.5670533524725507 
0.0 1.3086572265202552 1.5670574373885189 
0.0 1.3085057288310633 1.5670418737728347 
0.0 1.3083899457920827 1.5670114366842287 
0.0 1.3082431852185021 1.5670683675942856 
0.0 1.3081171443075346 1.5671554803659162 
0.0 1.308171244136339 1.567204173893121 
0.0 1.3080932065080244 1.567229297587485 
0.0 1.3081821969707623 1.5673116262418643 
0.0 1.3081542405560962 1.5673437708831948 
0.0 1.3082711137228424 1.5672758327886545 
0.0 1.3086043980901874 1.5672793344694087 
0.0 1.3086265404938568 1.56725514059229 
0.0 1.3087816009085267 1.567297940106058 
0.0 1.3087961798819931 1.5672466935040206 
0.0 1.3088335601594372 1.5672182441857458 
0.0 1.3087722792296592 1.5672910081450317 
0.0 1.308773362363224 1.5672749604903857 
0.0 1.3086861241492787 1.5673394521832753 
0.0 1.3087374540015146 1.56744280050683 
0.0 1.3087086990552084 1.567478794286694 
0.0 1.3085862967571007 1.5674858723270255 
0.0 1.3084199816082003 1.567476935487702 
0.0 1.3082733896676222 1.567507251881973 
0.0 1.3081275649498314 1.5675342666873766 
0.0 1.308104338452285 1.5675490285489295 
0.0 1.308185475798417 1.5676170643218674 
0.0 1.3084129961173943 1.567716883449275 
0.0 1.308534166480953 1.5677701367429135 
0.0 1.3086251733214378 1.5677677418769258 
0.0 1.3085548663369928 1.5677670531191816 
0.0 1.308482596809159 1.5677932148393787 
0.0 1.3085455362845175 1.5677728531195945 
0.0 1.3086631567977938 1.5676825828581102 
0.0 1.3086261756446997 1.567681883905949 
0.0 1.308518422194663 1.567696183204066 
0.0 1.3086441894162544 1.567697697781824 
0.0 1.3086475483876001 1.5676226330860787 
0.0 1.3085109496882814 1.5675652374306808 
0.0 1.3083715468649253 1.5675628028216724 
0.0 1.3084484685744837 1.5675437212016397 
0.0 1.3086192723002035 1.56761722878357 
0.0 1.3085909843036145 1.5677113352898528 
0.0 1.3084384319987328 1.567638666195517 
0.0 1.3083591311650524 1.5676533418756966 
0.0 1.3082448297037645 1.5676458802695736 
0.0 1.3081140121690027 1.5675910392551313 
0.0 1.3079741054552807 1.5675198800170604 
0.0 1.30798047718046 1.5675290291704516 
0.0 1.3081299738930305 1.567641902209205 
0.0 1.3083086715921857 1.5676653148867274 
0.0 1.3082849623574702 1.5676597331540267 
0.0 1.3081449260183349 1.5676069296918893 
0.0 1.307979602138751 1.567605106057486 
0.0 1.3078114082936576 1.5675415691052934 
0.0 1.3077512875337003 1.567542886445784 
0.0 1.307898298790173 1.5676535837336463 
0.0 1.307999698259027 1.5677128067416255 
0.0 1.308091225370338 1.5677979793922925 
0.0 1.3080336813183153 1.567784957382208 
0.0 1.3079441272750891 1.5677533408954893 
0.0 1.307809058041411 1.5676407604060607 
0.0 1.3076450794647771 1.567633861946202 
0.0 1.3076778305225056 1.567657662024337 
0.0 1.3076355654137475 1.5676730085907162 
0.0 1.3075132659635795 1.5676014389980506 
0.0 1.3074021093468235 1.567616709984308 
0.0 1.307359993262421 1.567651230653066 
0.0 1.3073992653779019 1.5676743497773673 
0.0 1.3073268435015601 1.5675934317969205 
0.0 1.3072553834854013 1.5675672880665257 
0.0 1.30722501586529 1.567686224857358 
0.0 1.3073596380620072 1.5678038442078643 
0.0 1.3073370877701973 1.5677769930250216 
0.0 1.307252905765913 1.5676819704323135 
0.0 1.3071487099877581 1.5677358034035034 
0.0 1.307080161344027 1.5678136564002798 
0.0 1.3070318881004994 1.567828506561264 
0.0 1.3069159554756515 1.5678231949843862 
0.0 1.3068258329204159 1.5678634469752357 
0.0 1.3067836206614118 1.5678642226518267 
0.0 1.3069086145671787 1.567961872651692 
0.0 1.3068792700820342 1.5679778137232847 
0.0 1.3068853511965146 1.5679999345410107 
0.0 1.3070210739583787 1.567990412112017 
0.0 1.3071403097689018 1.5679605632860758 
0.0 1.3073416969382685 1.5679826836748427 
0.0 1.307408130495779 1.567986677611853 
0.0 1.3076428399386306 1.5679343076405123 
0.0 1.3076592957308217 1.5679067051763045 
0.0 1.307515082260891 1.56785830677288 
0.0 1.3074912821725202 1.5678550050089346 
0.0 1.3074182570851682 1.5677986081773574 
0.0 1.307350689012881 1.567812802513042 
0.0 1.307372296687875 1.5677780414061595 
0.0 1.3073336582960755 1.5677333626877838 
0.0 1.3073984425137555 1.567760326995244 
0.0 1.3073480331983751 1.5677931405056715 
0.0 1.3072550830855443 1.56772717061047 
0.0 1.3071737744044363 1.5677823453950193 
0.0 1.307046627290257 1.5678023761659152 
0.0 1.3069904480746095 1.567797505512089 
0.0 1.3069325026745502 1.5677098969754275 
0.0 1.306815963277023 1.5676324384268105 
0.0 1.3066745046652495 1.567548903993561 
0.0 1.3066325858014127 1.5675398193241816 
0.0 1.3065576152732792 1.567490618797145 
0.0 1.3064311143380298 1.5675024821220833 
0.0 1.3063016973348613 1.5674220688270395 
0.0 1.306390817080683 1.5674470646718448 
0.0 1.3064046786335324 1.5674798527808016 
0.0 1.3066399085870255 1.567533594556667 
0.0 1.3066643021762812 1.567483223643396 
0.0 1.3066363366114768 1.5675319013037574 
0.0 1.306798710220039 1.567496504476821 
0.0 1.3069835330635828 1.5674777314282042 
0.0 1.3070384814771396 1.5674843655104524 
0.0 1.3069688503684747 1.5674984441748858 
0.0 1.3069969348582087 1.5675562788845772 
0.0 1.3070478577569047 1.56755388241874 
0.0 1.3069661400953794 1.5675759691368005 
0.0 1.3069955180914625 1.567593977715696 
0.0 1.3070630943509274 1.5676149377129938 
0.0 1.3069763498414662 1.567573975190978 
0.0 1.3070104990682916 1.5675494242227521 
0.0 1.3070553725671379 1.5675557249287582 
0.0 1.3069868139805183 1.5675112000024485 
0.0 1.306881658018612 1.5674607019932603 
0.0 1.307024627445993 1.5674897499884954 
0.0 1.3072154181211197 1.567556454792944 
0.0 1.3071518750875089 1.5675668895879087 
0.0 1.3070243735334468 1.5675582219481698 
0.0 1.3069422142016471 1.567563938256245 
0.0 1.306959366467026 1.5675101579393527 
0.0 1.3069784955140433 1.5675081734294751 
0.0 1.3069967109109948 1.567537137315929 
0.0 1.3069182890610562 1.5674842385897603 
0.0 1.3068451887077088 1.567536299091149 
0.0 1.306829929848198 1.5675793712021469 
0.0 1.3067186641305304 1.5675544129687184 
0.0 1.3066485077186991 1.5674854421542306 
0.0 1.306717747645842 1.5675244637215655 
0.0 1.3066727878700446 1.567539316920948 
0.0 1.3068047874905693 1.567653239611106 
0.0 1.3071007463738253 1.5676936114765747 
0.0 1.3072849355332563 1.5677834825899424 
0.0 1.3074186855782701 1.5677719623097555 
0.0 1.3074016351031514 1.5677588580472552 
0.0 1.3073190186637027 1.5677402414591843 
0.0 1.3072392079475759 1.5677325173857908 
0.0 1.3072415352781348 1.5677974325680941 
0.0 1.307463477818083 1.5678333041554517 
0.0 1.3077471041043134 1.5678533752237018 
0.0 1.307884681560842 1.5678644518372347 
0.0 1.3078293528580849 1.5678591058547275 
0.0 1.307736523414295 1.5678262839703332 
0.0 1.3076230683491472 1.5678063084927643 
0.0 1.307484902696783 1.5677104773492747 
0.0 1.307436689331305 1.5677518562181683 
0.0 1.3073788694167352 1.5677051573939176 
0.0 1.3073389262451087 1.5676955088630118 
0.0 1.3073161645924218 1.5677593000758194 
0.0 1.3073380948895539 1.5677174578664723 
0.0 1.307288953768762 1.5676816871627919 
0.0 1.3071915078281784 1.5676164191651258 
0.0 1.3071333354403387 1.5675944230154233 
0.0 1.3071342271651394 1.567614208693654 
0.0 1.3071665066088107 1.5676157287709407 
0.0 1.3070949905883866 1.5676146146728536 
0.0 1.3070914098623165 1.567610636359103 
0.0 1.3070216139282702 1.567591365962499 
0.0 1.307081408669857 1.567517639014281 
0.0 1.3070322613522338 1.5674895776335638 
0.0 1.3069357891135485 1.567442532534419 
0.0 1.3069125482272788 1.5674135494678443 
0.0 1.306823753154804 1.5674050190828535 
0.0 1.3068388400602455 1.5674522959011283 
0.0 1.3067708484817924 1.5674076800418975 
0.0 1.3066328584051412 1.5673218642741058 
0.0 1.306615659273195 1.5673268764593251 
0.0 1.3066920572513705 1.5673308671950639 
0.0 1.3068589030922533 1.5673858512226624 
0.0 1.3068441693821609 1.567309385702436 
0.0 1.3067492993258305 1.5672778167026142 
0.0 1.3066563287608353 1.5672269535856482 
0.0 1.306585526139756 1.5672422687644898 
0.0 1.306748874441135 1.5672054803185442 
0.0 1.3068898868179668 1.5672662083122912 
0.0 1.307013656096865 1.5673940522029857 
0.0 1.3072872803712792 1.5674609317953914 
0.0 1.3072979451141118 1.567445739621976 
0.0 1.3072012310555428 1.5673661009024906 
0.0 1.307184615096025 1.5672799185090465 
0.0 1.3071533576613417 1.5672558347398093 
0.0 1.3071956306313548 1.5672364193025354 
0.0 1.307375639618262 1.5673092484089648 
0.0 1.307521431243191 1.5673004018607266 
0.0 1.3074797251937929 1.567339414612535 
0.0 1.3074841494773422 1.5672791653970606 
0.0 1.3074544492578892 1.5672115741445551 
0.0 1.3073536616202384 1.567144282152866 
0.0 1.3072579160919278 1.5671038023154673 
0.0 1.3072203593169727 1.5671034886467718 
0.0 1.3071754887424043 1.5671291991421963 
0.0 1.3070866325120598 1.5670570926573038 
0.0 1.307066658432532 1.5670667581287918 
0.0 1.307141921793053 1.5671688591758781 
0.0 1.3071857398448825 1.5672664173860111 
0.0 1.3071988019059144 1.567258224003088 
0.0 1.307353198262462 1.5672164363609429 
0.0 1.3073400931344952 1.567200227329612 
0.0 1.307285413842229 1.5671454261743991 
0.0 1.3073099646054163 1.5671624120419536 
0.0 1.3072523788957227 1.5671539711594153 
0.0 1.3071445377358475 1.5671148025180324 
0.0 1.307170076526997 1.5670903125880904 
0.0 1.30747641430566 1.5670868838412046 
0.0 1.3075523235077813 1.5670743884028158 
0.0 1.307514762116302 1.5670928604074494 
0.0 1.3074404999060096 1.5671080319818589 
0.0 1.3073256044076882 1.5671367016618838 
0.0 1.3072329095988409 1.567160832355763 
0.0 1.3071167314753165 1.5671594239202367 
0.0 1.3070745734954645 1.5671732553317435 
0.0 1.3071281861661652 1.5671744821832219 
0.0 1.3070779593057045 1.5671972633824889 
0.0 1.3069713201755402 1.5671628270908573 
0.0 1.3070247966573862 1.56716305742759 
0.0 1.3071590191174258 1.567274673664059 
0.0 1.3071103175607313 1.5672382933396578 
0.0 1.3071206312852608 1.5673001583172563 
0.0 1.3070890000887698 1.5673812012287738 
0.0 1.3070672601320015 1.567335245705988 
0.0 1.3072330116118016 1.567417480675827 
0.0 1.307305730898107 1.5674479542584971 
0.0 1.3072543718838343 1.567476087735343 
0.0 1.3072520189053887 1.567501886244123 
0.0 1.3072506579682557 1.5674795151326073 
0.0 1.3072298706800565 1.567441561008789 
0.0 1.3072171702770825 1.5674142618019151 
0.0 1.3072663075040039 1.5674208109897072 
0.0 1.3073912528292413 1.5674515442288155 
0.0 1.3076123666685904 1.5674872936229678 
0.0 1.3077830670846027 1.5674904445768805 
0.0 1.307944532796396 1.567496074549191 
0.0 1.308126385839575 1.567446207863399 
0.0 1.3082084550486137 1.5674792549437058 
0.0 1.3083051387573574 1.567501062555929 
0.0 1.3084590806002252 1.5675253076311473 
0.0 1.3085606843082773 1.5675523926832988 
0.0 1.3086835844684908 1.5675389946906368 
0.0 1.3088059205804454 1.5675439392991768 
0.0 1.3089365717884194 1.5676029398285674 
0.0 1.308899186303014 1.56756323441751 
