0.7894850210319958 0.0 
1.2000658792642236 0.9270578634390388 
1.044288845008982 0.889052271906765 
0.9391953469788047 0.8995671044327974 
0.9346704278141752 0.9004751800144277 
0.9089469197180706 0.8989677023087621 
0.8633432561006882 0.8967161367542144 
0.8231158927706316 0.8959968135192461 
0.7897101724535408 0.8952807834557189 
0.7611763422211416 0.8926858759270802 
0.7364509128381022 0.8914158073816348 
0.7136296659114119 0.8905284535493709 
0.692884010036033 0.8895021292217202 
0.6717037467258861 0.8888412794336549 
0.6591207525609822 0.887566801452011 
0.6538576791174491 0.8864848189555579 
0.6460148905112248 0.8852932526578423 
0.6404670338555708 0.8846494319522501 
0.6361159482039567 0.8835839527301395 
0.6255454915900232 0.8826544783883027 
0.6165650685983329 0.882056258754509 
0.6071553756315804 0.881728344465693 
0.5997068348806526 0.8811769704276147 
0.5920663778018302 0.8809014969907499 
0.5834780220412418 0.8809480887002257 
0.5781698051651571 0.8806266489681458 
0.57324602652796 0.8803845341335589 
0.5685427842299372 0.8802764380355897 
0.5622139612781384 0.8801244969043014 
0.5599197863702843 0.8799850010715096 
0.5591837448684398 0.8799957978291844 
0.5597948047593425 0.8793062911289067 
0.5618260324941953 0.8789404888160992 
0.5650844733148075 0.8789377648770624 
0.5665358266590214 0.8788366874116863 
0.5680316987641093 0.8787563925434274 
0.5700649612004567 0.8786335105935479 
0.5706171417583327 0.8784714848410602 
0.5742371014158689 0.8783716607639351 
0.5903123104500685 0.8780698278024484 
0.6018896567986122 0.877847604498408 
0.6083776085597764 0.8776802181435795 
0.6164959174095582 0.8775250232075535 
0.6229740499936245 0.877275283331282 
0.6253028182574809 0.8769998692330429 
0.6287104867083597 0.8768743305829696 
0.6304226502173028 0.8767160370400823 
0.6319735716797543 0.8765847884642531 
0.6330475906545391 0.8763735667207967 
0.6355932742593061 0.8761601411496198 
0.6388364133040386 0.8760312849407138 
0.6405528884710411 0.8759216337628944 
0.6423204782452783 0.8757407959713325 
0.644291814159619 0.8755301038974352 
0.6450805978687887 0.8753126679164325 
0.6456187689532623 0.8750702018728086 
0.6450238826097224 0.8748894497092821 
0.6443388019739172 0.8746739408790433 
0.6447027298652814 0.8745202820473604 
0.6425785719727173 0.8745157536362883 
0.6420147096376101 0.8744607754030868 
0.6402613064295039 0.8743692200188371 
0.6382839506576374 0.8742787708719876 
0.6374870894534367 0.8741838394928417 
0.6371723458328207 0.8741764805984715 
0.6365919083466841 0.8741409745012054 
0.635119029298195 0.8739347503488462 
0.6327896085091441 0.8738807940056486 
0.6303449110101688 0.8736876510622948 
0.6291769567348926 0.873578802878375 
0.6295436469212636 0.8733907784560357 
0.6292294164038663 0.8733102763014047 
0.6275220928777228 0.8732326853952015 
0.6271504323052111 0.8732774065312812 
0.6254727967540831 0.8732510065976464 
0.6250661250910988 0.8731743897803922 
0.6253989514604906 0.8730383158659504 
0.6252494215479607 0.8729660223608764 
0.6252661663424409 0.872864302757769 
0.6245520275737786 0.8728806398297625 
0.6232918957077227 0.8728887164582423 
0.6214448469482987 0.8730511172109959 
0.621367882159888 0.873150192066109 
0.6201790546107031 0.8732301404204805 
0.6189900095324876 0.8732642037195546 
0.6181555927031651 0.8732290906376662 
0.6166770226913101 0.8734338068047732 
0.6153017509273917 0.8734199812761632 
0.6137348816726936 0.8734200207074361 
0.6122036128326992 0.8735128474304009 
0.6104526743469225 0.8735946388080666 
0.6089259395971163 0.8735789266711679 
0.6076519612818271 0.8736167648653427 
0.606514704260361 0.8736144006076628 
0.6056283298225964 0.8735970771280192 
0.6042580951322523 0.8735785098743168 
0.6036628163430454 0.8735109896178114 
0.6022448857874761 0.8735119893078542 
0.6003692812225718 0.8735632391448754 
0.5981746553059858 0.8735261190130265 
0.5964477664524617 0.8735193395701811 
0.5948861306008145 0.8734205783149304 
0.5934235865208571 0.8733989798479245 
0.5918908840325153 0.8733153306420832 
0.5909835427254451 0.873265194929847 
0.5904955135202523 0.8733080903390424 
0.5894708526217839 0.8732919859622459 
0.588312028898608 0.8733165455124586 
0.5868591865856134 0.8733979250893337 
0.5849371614204244 0.8733741504748016 
0.5846859662274273 0.8732900607045426 
0.5841203417234974 0.8732641359503398 
0.5833452211967975 0.8732754975177403 
0.5828539216887174 0.8732103803086101 
0.5824200338567871 0.8731316653998731 
0.5815473932829291 0.8730772816816236 
0.581118061297509 0.8730507365225635 
0.5803563394198341 0.8730097011522518 
0.5795450084315424 0.8730001921451626 
0.5793320329847913 0.8729149180215173 
0.5788167268023453 0.8728833847548665 
0.5788904538008665 0.8728257093854742 
0.5784558638841854 0.8727542374551877 
0.5783723032484664 0.8726367935262236 
0.5784753657280827 0.8725160438020444 
0.5790214753586743 0.8724311179548943 
0.579356557888081 0.8723504963967854 
0.5789653654806817 0.872318121024517 
0.5781273726104699 0.8722967159347511 
0.5775843626739048 0.8722103300617655 
0.5777362449381603 0.8721170447501708 
0.5771957413040991 0.8720366018246731 
0.5769052887937962 0.8720291501549635 
0.5769834048226348 0.8719805966693712 
0.5770791437591348 0.8720008357781177 
0.5768393817919756 0.8719166477570107 
0.5766095318690581 0.8719932731912765 
0.5766886433014496 0.8719930505434706 
0.576684003287555 0.871982917712863 
0.5772667882805468 0.871985943926324 
0.5771933979523997 0.8719654697270373 
0.5770256882111832 0.8719450662718056 
0.5773445372098469 0.8718940144370536 
0.5770225824638503 0.8719377706697274 
0.5769768601160444 0.8718702962486642 
0.5771417491752202 0.8718255828903005 
0.5773056616814775 0.8717825663540544 
0.5772984698294624 0.8716933156222295 
0.5771405648599714 0.8717028055825381 
0.5772820282700932 0.871700712852343 
0.5774522749745538 0.8716262115522868 
0.5773461989019173 0.8716271221413128 
0.5774026930469749 0.8715465396609866 
0.5773585280574923 0.8715073922953519 
0.5774837804176983 0.871439430118183 
0.5770927601166784 0.8713959065211089 
0.5771689491987947 0.871388667011406 
0.5775223424547453 0.8713667411286083 
0.5771638708040507 0.8712672438278992 
0.5770003040229792 0.8712151922173179 
0.5768204366847618 0.8711983081135006 
0.5763710179429706 0.8711632092398153 
0.5756737442241792 0.8711454150201964 
0.5756144576360422 0.8711387643708227 
0.5754895738819246 0.8711033842835559 
0.5759372822659368 0.8710885444760453 
0.5760898304024329 0.871128371331123 
0.5760327653707874 0.8710905090112684 
0.5765817366288146 0.8710449666140553 
0.5769115073123028 0.8710129616073764 
0.5771631525785301 0.8709580945547541 
0.5771877633872312 0.8709218286329906 
0.5770676899580715 0.87086648407975 
0.5778008992122441 0.870875740150802 
0.5788428278083168 0.8708854113973532 
0.5797937111202188 0.8708692111375177 
0.5802840865553889 0.870853178746192 
0.5802152603329294 0.8708480976458177 
0.5804947319369689 0.8708275677813803 
0.5805660396324097 0.8708161749810154 
0.5809258573273246 0.8708209648778577 
0.5812351734611598 0.8708154291499387 
0.5815657051916717 0.8708158630523534 
0.581664737387698 0.8708220298732161 
0.5819303792419669 0.8708045486562089 
0.5820525431855724 0.8707768785216018 
0.582431903890168 0.8707219809299956 
0.5824323363919301 0.8707667230455783 
0.5821507158146759 0.8707635256540235 
0.5817584726153185 0.8707757376625787 
0.5814914928522837 0.8707953962015565 
0.5810734954315896 0.8708044201964209 
0.5806796748124126 0.8708263028296569 
0.5804490745369609 0.8708805717168653 
0.5806215015098484 0.8708844752311281 
0.580556034551671 0.8708747404166005 
0.5805374560752458 0.8708370922705247 
0.5803166621051749 0.870827471329048 
0.5804982504331986 0.8708796656517982 
0.5803466234610626 0.870896413762823 
