0.7894850210319958 0.0 
1.3983685525273009 0.9282032899760783 
1.4346516729834067 0.891142320444133 
1.4342821778959274 0.887645713473263 
1.4376314143760471 0.8873909222075209 
1.4395302312273783 0.8913395648991979 
1.44183060605487 0.8920536016315561 
1.4447504283823192 0.8938410704727084 
1.445984607873991 0.8953224682224052 
1.4446677822596106 0.8946683679659335 
1.445797059573338 0.8941860628204747 
1.445256841469546 0.8936062952081447 
1.4463376695013759 0.8935933403103316 
1.4470023473164677 0.8937819519326563 
1.4470222929275873 0.8938775441430996 
1.4461964717070048 0.8954022611549273 
1.4462567011345024 0.8959762148352273 
1.4470890189099601 0.8963166857611534 
1.4482632793308134 0.8964995971191174 
1.4490674248668889 0.8970853456026919 
1.4496510982723954 0.8982353222591765 
1.4493434142617925 0.8986230379260701 
1.4500829773573012 0.8987351142150363 
1.450493610120841 0.8990807957007224 
1.4496505191132942 0.899110802555702 
1.4496544907942484 0.898907573999825 
1.4496582949364016 0.8987911220096221 
1.4497380047896764 0.8985456284980644 
1.4501046224820877 0.8984344890043388 
1.4503832728632804 0.8989107315032488 
1.4500316881290973 0.8990079834764635 
1.4501686277734755 0.8992894321479062 
1.4505777226251166 0.8996319685010797 
1.450469759537426 0.8997610842006624 
1.450405026792232 0.8995408929414566 
1.4505908643672 0.8995613513430021 
1.4504874921360145 0.8995458510338535 
1.4505839659157522 0.8998087755300511 
1.4507126822662024 0.8998145865751351 
1.4503391588060282 0.8999665960823943 
1.4504288835336954 0.9002090725983634 
1.4505220158789873 0.9004706978103675 
1.4507412875864252 0.9004717099027956 
1.4509851945210988 0.9002722511934668 
1.4512730200267685 0.9003471789415305 
1.4509706569054805 0.9003592929481398 
1.4508747679906202 0.9007455789911101 
1.450941765821134 0.9006412120758795 
1.4505984499943985 0.9006159800678785 
1.4506303045595295 0.900487129116824 
1.4510310218914877 0.9004817110223808 
1.4509342403157977 0.9006001524680926 
1.4509159189209593 0.9004976202755682 
1.4510545459071968 0.9006565928648645 
1.4512115569796276 0.900927071280772 
1.4517468701225935 0.9012666677774535 
1.4515887964685856 0.9014349834848605 
1.451674959547331 0.901533111237896 
1.4516022666887538 0.901370815560939 
1.4514957602892224 0.90158897390375 
1.45179359259127 0.9017143066830162 
1.4516858320236357 0.9018158721161943 
1.451878557005508 0.901885874730132 
1.4518604873788121 0.902084241983223 
1.4519162514848827 0.9023238367456811 
1.4519790906526007 0.9026291504103099 
1.4521726244203936 0.9026120366309471 
1.4518939296829936 0.9027847346800681 
1.451733020723216 0.9028416563341529 
1.4516957919054745 0.9029506915633874 
1.4517489878727652 0.9030065169062301 
1.4519222770853701 0.9029640223411355 
1.4521399861875162 0.9030741191305977 
1.4521880160852476 0.9031385129586633 
1.4521636707218484 0.903058844403869 
1.452202493201474 0.9030483034333466 
1.4523357057215234 0.9031771182629225 
1.4525480179407677 0.9032380985165157 
1.4527089523553607 0.9032657857344911 
1.452654659029538 0.9033998276523929 
1.4526205880105836 0.90349347543638 
1.452828346769998 0.9035680072612515 
1.453002157200456 0.9035815494469134 
1.4529078669286466 0.9035961228738467 
1.4529809227815473 0.9035964928502167 
1.4529046323121286 0.903677889573044 
1.4531030578877229 0.9037140403347036 
1.4531343022752965 0.903605975799174 
1.4531835770194543 0.9035530583829902 
1.4530813035531291 0.9036696365226609 
1.4529889967206144 0.9036443294551029 
1.4530142322119584 0.903803446870628 
1.4530555352288042 0.9039342487715429 
1.45305374759665 0.9040603759030867 
1.4532015558377727 0.9040282811951779 
1.4533683857759514 0.9040759022583464 
1.4536209199244061 0.9040875021019983 
1.4538153411897985 0.9040383319973677 
1.4538021745293468 0.9041085779282431 
1.4537489644129558 0.9040476254533626 
1.4538962005779439 0.90401922898097 
1.4539457950413748 0.9041092584050282 
1.4538493572366973 0.9040785626189967 
1.453659953644738 0.904135743247289 
1.4535918775863164 0.9042153869143972 
1.4537363915305326 0.9042045910510023 
1.4537237200756274 0.9042748681694913 
1.4536840475750832 0.9043995808556345 
1.4535530296696886 0.904494370954349 
1.4535932100482865 0.9045314393725495 
1.4535689041655286 0.9044644762767882 
1.453594090742759 0.904465948746223 
1.453608635833351 0.9044790816497953 
1.4534776274398098 0.904409356960667 
1.453489579435209 0.904391273126709 
1.45348173067804 0.9043978196218482 
1.4535303815574947 0.9044260562173065 
1.4536019477741204 0.9044910752504981 
1.4537986828020775 0.90461487055253 
1.4537816133303 0.9046588523022391 
1.4536175277598675 0.9046863995543731 
1.4537663262400553 0.9046493283285494 
1.4538796781661716 0.9045555539105261 
1.45385590665428 0.9045945659160337 
1.4537741026191784 0.904578415553117 
1.4537235338547756 0.9044685658910064 
1.4536060443092282 0.9044849651567548 
1.4535481502316858 0.9044645276005517 
1.4535428868819527 0.9044444671630691 
1.4536590689097513 0.9044080304773373 
1.4537306014701146 0.904358479469441 
1.453771047514146 0.9043402484367861 
1.4536682829826735 0.9044473207114448 
1.453695924390582 0.9044914603248336 
1.453730446022225 0.9044872175610978 
1.4536923909105104 0.9044514786466324 
1.4537714476677013 0.9043884498503889 
1.453779571913811 0.9043884709496264 
1.4537021878184213 0.9045082769824698 
1.4537014165561657 0.9045122083352392 
1.4536669496346357 0.9044998783988935 
1.4536719691007092 0.9044614132945791 
1.4537647688590303 0.9043786352229956 
1.4537994224478517 0.9044205092694992 
1.4538536783049865 0.9044045618485951 
1.4537709903966287 0.9043469727453077 
1.453805070519062 0.9043879734376522 
1.453754486966393 0.9044697062383323 
1.4538102204358816 0.9044845744352484 
1.45390289157881 0.9045960880097196 
1.453913858318332 0.9045934540353928 
1.4538570700594708 0.9046376838394489 
1.4538792956231186 0.9046527286036973 
1.4539069563821223 0.9046795458992936 
1.4539084607204507 0.9047244389753155 
1.4538706652166826 0.9047618925832756 
1.453800388998075 0.9048150727951695 
1.4537529446570208 0.9048383151057973 
1.4537154979380913 0.9048144276839647 
1.4536469141384476 0.9047714553563253 
1.4536247098235526 0.9047114926786779 
1.4535666413519064 0.9047488206957974 
1.4536127533574015 0.9048088773252817 
1.4537665632147663 0.904898120010927 
1.453710317840956 0.9049803566794623 
1.4537262432501268 0.905068569640135 
1.4537434265180713 0.9051268322455115 
1.4537335915198735 0.9050669074609358 
1.4537922602583988 0.90501660759939 
1.4537610051453846 0.904993138730285 
1.4537761492112176 0.9050088592701253 
1.4537414504204311 0.904978826326074 
1.4538089009969557 0.9050219932186196 
1.453752589997241 0.9050417378434328 
1.453819734355015 0.9050313362975432 
1.4538406909445247 0.9050621297748227 
1.4538678903677527 0.9051236348915364 
1.4538431524955822 0.9051851158198284 
1.4537726051769506 0.905179422404913 
1.453757186078686 0.9051868836274992 
1.4537930435524573 0.9052467944949449 
1.4537847211792956 0.905289871447324 
1.4538005561867968 0.9052977882570971 
1.4537703089515708 0.905290364602352 
1.4538093292782641 0.9052956849716866 
1.453791213200946 0.9052660510328724 
1.4538878956584491 0.9051956584841709 
1.4538135465107096 0.9051622439282484 
1.4537440339100804 0.9051405419171437 
1.4537461440063415 0.9051586261423626 
1.4537438028960625 0.9051395659691949 
1.4537679582070262 0.9051992335373015 
1.4538244648025 0.9052045124540623 
1.4538863370097748 0.9051655034418618 
1.4539233464397618 0.9051981785133991 
1.4539253257940437 0.9052662522710884 
1.453889962519727 0.9052707203309988 
1.4538618347024106 0.9052270549954596 
1.453886251546669 0.9051869096627962 
1.4539027940409541 0.9052200628807237 
