0.8249783772701152 0.0 
1.2154401566672326 0.9245633905430265 
1.1981063423077585 0.8940510601490407 
1.1944907565495144 0.905459556608149 
1.192764077357229 0.9086585987272646 
1.1918375569636157 0.908631483762625 
1.183229344189297 0.9085971166953539 
1.1856576662593334 0.9073902123875346 
1.190107782263399 0.9057796006881222 
1.1879666245626717 0.9050249028467547 
1.187787196861318 0.9038815854157499 
1.1813071833161763 0.9016147577620314 
1.1841218487508434 0.9013105632323678 
1.1860812292691385 0.9014847407020079 
1.183580761997852 0.9010838716302427 
1.183929964996799 0.901293358989312 
1.183842380980112 0.9009015083234212 
1.1910100611296233 0.9016171170418539 
1.1908809768914126 0.9013116321896183 
1.1898829246095857 0.900985697022311 
1.1882306886110905 0.9001954405072154 
1.1897797725759238 0.9005393666759681 
1.1870369507630065 0.8998185486798592 
1.1844405358058105 0.8988254630406644 
1.1839727390211228 0.8980350432318186 
1.184538718858609 0.8984717075755229 
1.1846899008245835 0.8980054603935103 
1.1794495827517957 0.8972662037607082 
1.1809301587688128 0.8976056920541181 
1.1805645436046375 0.897178169643613 
1.1805123679013725 0.8968429601684675 
1.1797827698830896 0.8962736062192468 
1.1774321671688388 0.8962241514549438 
1.1767914497523855 0.8961258418148472 
1.1778085627399482 0.896346891879537 
1.177269238130093 0.8959601085084513 
1.176624230569213 0.8960863080984064 
1.1796812627447564 0.8965355951736653 
1.1791785195675852 0.896357092430562 
1.1818342683817598 0.8963985419360052 
1.1831472460882022 0.8960427433397625 
1.1837326444485747 0.8963808283769729 
1.1839879862477112 0.8962178103287403 
1.1841681074889152 0.8960876765382774 
1.1823364299809753 0.8957253273030504 
1.1817849574332793 0.8954555531340004 
1.180795627829606 0.8956572252580922 
1.1811392457936778 0.8955502268244325 
1.1829028592212412 0.895807522043968 
1.1814166919713236 0.8955438074290863 
1.1827840256750413 0.8956518397801309 
1.1830984039408374 0.8953372498252591 
1.1845064865454862 0.8955203742430957 
1.1851988862255458 0.8954895381159367 
1.1845209940064783 0.8955584974978086 
1.1836041189476056 0.8952538309571165 
1.1827585558264446 0.8948748906067495 
1.1820014448991183 0.8945479737827143 
1.1815765816921777 0.8942573786541018 
1.1807311220534649 0.8941009705164964 
1.1804987609369613 0.8941920545802564 
1.181256395944134 0.8942342627263851 
1.1799329076971898 0.8939263899350453 
1.17923216175538 0.8939671132587038 
1.1788399415103479 0.8936662457492418 
1.1777459888504382 0.8938680796943477 
1.1776973768698529 0.8934647481061712 
1.1774154719042123 0.8934703395945203 
1.1775980909144157 0.8934382251667509 
1.1778295665166103 0.8932940523364915 
1.1782278801754307 0.8934702735927647 
1.1780601778895425 0.893294502372163 
1.1796146612799996 0.8936967572647218 
1.1787476101200147 0.8935403275093476 
1.1800985029571724 0.8938611781341234 
1.1794507167845243 0.8934640088362114 
1.1802367978466781 0.8936518816491835 
1.1803660199676238 0.8933184059989924 
1.1802968210458433 0.8934504941986239 
1.1795881096083731 0.8932791891304611 
1.1804465988029247 0.8937556654878208 
1.1796618249080204 0.8934202597665751 
1.1808767512214244 0.8935773136863011 
1.1802902687970906 0.893204721741664 
1.1802244311479573 0.8933678139165707 
1.1795108755208423 0.8929259536614325 
1.1806693357131939 0.8930877400230013 
1.1803754243994684 0.8927845336621965 
1.1792884183449366 0.8929302011336324 
1.1787234326970968 0.8926923225461693 
1.1790185069554886 0.8928063453237335 
1.1783946264584901 0.8925569971094452 
1.1773225797216262 0.8924027014824272 
1.1778489296725174 0.8925004388518261 
1.1768320289826923 0.8925036695023203 
1.1778716372278772 0.8926588623275921 
1.178252521169396 0.8925297810535836 
1.1784385216963418 0.8927127472971075 
1.1779919953026672 0.8924817000809606 
1.1789295316675261 0.8926662146117151 
1.179260726395015 0.892437998873497 
1.1795436031475528 0.8926160952885757 
1.1788140635078983 0.8924283216784565 
1.1791202565070713 0.8925101469562634 
1.1787429053051215 0.8924351801830324 
1.179083416611346 0.8925820231322118 
1.1791224298896876 0.8925685660263898 
1.1792419039278188 0.8925033990183187 
1.1786718518826007 0.8925373028297254 
1.178660338534253 0.8925069513998168 
1.1796431919657429 0.8925767012666787 
1.1797636878714546 0.8924230049749207 
1.1792822184983842 0.892480572463373 
1.1790977908858362 0.8924348664924363 
1.1791434683395456 0.8924175700281883 
1.1787237426416086 0.8923134020278995 
1.1784417314304239 0.8922681920600556 
1.1782925528425967 0.892134900725056 
1.1782587882901168 0.8921970832392928 
1.1788450066122718 0.8921786368651105 
1.179032389873716 0.8920364706969376 
1.1788477000645776 0.891991501905183 
1.178982341767023 0.8919516611222019 
1.1789257937119482 0.8918695257773183 
1.1788533150234297 0.8917590249741394 
1.178528108720712 0.8916220142248606 
1.1783605571222653 0.8916513615526842 
1.178217691180304 0.8916020365647959 
1.1778629059154868 0.8915718818905223 
1.1773275963164274 0.8915613533267409 
1.177297790354493 0.8915270351295335 
1.178189165203071 0.8917171514751873 
1.1778341570585764 0.8916841014187582 
1.1773553543581061 0.8917229799003497 
1.176537687905272 0.8914618913066705 
1.1780740626892892 0.8917262670749532 
1.1781824648274697 0.8914726637626473 
1.1776804145939375 0.8915995974168865 
1.1775419623667729 0.891573915693781 
1.1771461396251175 0.8916553741931472 
1.1773061234203457 0.8916399668437539 
1.1771182770228645 0.8915390602279787 
1.1771634532390205 0.8915867036427886 
1.1773948187127976 0.8916343237755295 
1.1776946504874664 0.8917326864486413 
1.17748890423481 0.8917912059168418 
1.1775921233864752 0.891832061270569 
1.1778960881066636 0.8917955993789434 
1.1779005613275952 0.8919154936331768 
1.1775610448822953 0.8918797778015051 
1.1787653330088166 0.8920046167039252 
1.178762104977307 0.8920293053034358 
1.1789378048772607 0.8921386298898502 
1.1786133316190364 0.8921688388748603 
1.1785307339202733 0.8922417375563005 
1.1781405788335815 0.8921661153982966 
1.1783535364688293 0.8922163641795746 
1.178273718645546 0.892086261961921 
1.178309264852813 0.8922462941903775 
1.1779549255559911 0.8921884705696945 
1.1781457602196077 0.8922588475338125 
1.1781208047041145 0.8921343102834135 
1.1785366406059243 0.8921582927564023 
1.178197917083673 0.8920382447303326 
1.1779034132522892 0.8920206689251707 
1.1779616938188278 0.8921202710645227 
1.1777389074989748 0.8922001683387796 
1.1778363928836841 0.8921658261008356 
1.1774579378339054 0.8921829414376417 
1.1773531049805972 0.8920901427442482 
1.177053503177434 0.8920896468787012 
1.17692501840265 0.8920832446066523 
1.1770892851294827 0.8920904347595142 
1.1768726052845444 0.8920683646711243 
1.176527147493902 0.892022532541448 
1.176729093449197 0.8920538734014092 
1.17671322131751 0.892053791425197 
1.1769132900488724 0.8921182407616071 
1.1771086894275358 0.8920853524551527 
1.1768743035599778 0.8920966062881602 
1.1764666472588314 0.8919385505076872 
1.1769840211994966 0.8920620040684849 
1.1769972925747392 0.8919287711573125 
1.177481839230373 0.8921597763389616 
1.1774871803452045 0.8921260708561016 
1.1772726796323416 0.8922124383237485 
1.1774750876172047 0.8921532113534287 
1.1771368402578681 0.8921888838578934 
1.1769847357549237 0.89221138245108 
1.1766606881679327 0.8920698458491197 
1.1770283715786933 0.8922572007189057 
1.1767400081031307 0.8921818999077515 
1.177142200510365 0.8923262696635947 
1.1768559395815446 0.8923031395637149 
1.1770306839034466 0.8923899624001094 
1.1769919828576112 0.8922394444151476 
1.1774247076086868 0.8923288287820246 
1.1773690345662726 0.8922197270070371 
1.1771770414791642 0.892315964316708 
1.1772812238858992 0.8922792938796418 
