0.8246763267620248 0.0 
1.520515863900768 0.950681551099748 
1.5346038911189843 0.9114003097292639 
1.5335777963848762 0.9052071024802825 
1.5264156953508112 0.9105975461122525 
1.5215692897272741 0.9138863843000838 
1.517542219340617 0.9216108933333765 
1.513885997655166 0.9225823907180589 
1.5135475621099037 0.9256005680023975 
1.5123797992386263 0.9305374394007287 
1.509978793415925 0.9333779089797583 
1.5083980961582164 0.9374748981824731 
1.5064691034883073 0.9399660938945382 
1.5047447154545106 0.9421104651749185 
1.5035538161034099 0.9440359173925449 
1.503720818708882 0.9481718244536624 
1.5040013383143362 0.9501619750401165 
1.5043465066371515 0.9531506876747129 
1.5039828333587575 0.9556646611735641 
1.5042928577916503 0.9562184373740057 
1.5052827492783967 0.9578782588946692 
1.5067633115021322 0.9600603251964629 
1.5071236361044982 0.9615800010435566 
1.50750012425778 0.9618212743832043 
1.5075593839773982 0.9629719294991662 
1.5074417558558804 0.9645309104557015 
1.5074025913573954 0.9653659023786288 
1.5074273802596179 0.9658319488917468 
1.5074858843437755 0.9679766814251614 
1.506995744625323 0.9693979320538342 
1.5076085126325147 0.9697252884887391 
1.5071808558867628 0.971012385223044 
1.5080671070518223 0.9724443769271477 
1.5073869973396785 0.9725691365082613 
1.5072460350241381 0.9734475119440603 
1.5072679167509444 0.9736346901717579 
1.507427753195576 0.9746820580246381 
1.5071638575352881 0.9751096207278576 
1.506981341243787 0.9753502582027483 
1.5064618479402339 0.9763040958339323 
1.5063396114198204 0.9764374510090633 
1.5068063577271487 0.9773880531353831 
1.506969594013803 0.9775811962471457 
1.506686561934553 0.978367926656459 
1.5070405895303904 0.97882951066678 
1.5074999201870793 0.9791909114164026 
1.5076261882729491 0.9791737603112752 
1.507598428215843 0.9795223268620948 
1.507556147879083 0.979745747141861 
1.5072877607090678 0.9800280118243441 
1.5073192094118446 0.980333702296617 
1.5072973954233946 0.9806021137671611 
1.5073840286606117 0.9810189632580685 
1.5067943693643127 0.9809978675478215 
1.5064430744263064 0.9811834599115715 
1.506722568837672 0.9815409680327223 
1.5067265927478113 0.9815860163233112 
1.5071899523342516 0.9820399439743397 
1.5072327757048476 0.9821891983498059 
1.5071019047230922 0.982325536600411 
1.5071408633749217 0.9825618720062989 
1.507205664046861 0.9828348107802226 
1.506868195420649 0.9829128859835998 
1.5068505011579334 0.9829146608602444 
1.5067148991935067 0.9831572066201549 
1.506915303908774 0.9833809252809745 
1.5070222564501985 0.9832681734473784 
1.5069841451577595 0.983768772138559 
1.5067936228954066 0.9839757599002634 
1.5065635268360427 0.9839217971513193 
1.5066362819993324 0.9841920622743955 
1.5066304193560296 0.9843158636394069 
1.506589394777564 0.9842860856596547 
1.506454378832719 0.9846031122835389 
1.5063694022251737 0.9846246140629032 
1.5063823111900507 0.9847649482688999 
1.506379679673037 0.9849226128115863 
1.5064140037795712 0.9849143955608896 
1.5063510598207068 0.9850260864158624 
1.5062568756748282 0.9853552477419868 
1.5062860089478205 0.9853773632781319 
1.5061773466540371 0.9855339467487203 
1.5061410592612978 0.9856138645680895 
1.5060894389725672 0.9857972699857706 
1.5059511099904914 0.9858522307761115 
1.505888458489246 0.9858810155632666 
1.5058860562372505 0.9862627937594839 
1.505743602181654 0.9864143605735451 
1.5056127847929281 0.9864368767983769 
1.505424762916218 0.9864304619109686 
1.5052830388483958 0.9865112749651621 
1.5050736754712013 0.9867464133063445 
1.504883980816188 0.9868772387914484 
1.5049188079817726 0.9871107452478698 
1.504820114909607 0.9871370808755283 
1.5045925280916652 0.987234095063961 
1.5045084960464161 0.9872234927194333 
1.5043793402257517 0.9874403367438892 
1.5042836413283933 0.9874333159490837 
1.5043533069341501 0.9875367970534731 
1.5042304770144146 0.9875088497149577 
1.5039930800636252 0.9877255519342109 
1.5039070552431864 0.9877438872937435 
1.5038531147857135 0.9878470695072905 
1.503584550794903 0.9879521949021007 
1.503387024629521 0.9878755536829137 
1.50336513196994 0.9880833289681034 
1.503307748773476 0.9881359116151819 
1.5032197362774262 0.9882706937219597 
1.5031540417656364 0.9883484752102912 
1.5029657770672689 0.9884349311702008 
1.5027824486878472 0.9885036081796329 
1.5026486091244626 0.9885541645068565 
1.5025515085842414 0.9885452011017619 
1.5024450277518053 0.988656585575585 
1.502377074250179 0.9888868962109856 
1.5022535153301977 0.9889064659601088 
1.5023127609362898 0.9889515504859344 
1.5022728554185372 0.9889741703075097 
1.5022684163535651 0.9889282195165889 
1.5021242710025413 0.9889672301818943 
1.5021514190279197 0.9891524910426797 
1.5020654555712274 0.9892131564812563 
1.5019981812040952 0.9893567647695009 
1.5018549611997771 0.9894818528754049 
1.5017537959583045 0.9893923108098724 
1.5015283169812317 0.9894783383733469 
1.501407455546002 0.9895567856760095 
1.501221223089644 0.989461652453148 
1.5011645718165596 0.9894992523593431 
1.5010880430385432 0.9896714828162335 
1.5009264111646672 0.9896668345131884 
1.5008615706499644 0.9897977075039296 
1.5007477452712774 0.9897037887026414 
1.5006434861327547 0.9899260046958289 
1.5006173029194578 0.9898895674811276 
1.5005140167920539 0.9900330138952321 
1.5004394631876994 0.9900142575646659 
1.5003588476581784 0.9900841390213253 
1.500365611653509 0.9902114116749889 
1.5003126542502536 0.9903861510432319 
1.5001794961494448 0.9902536796517164 
1.5000654942683318 0.9903205453045035 
1.4999577071467511 0.9904591391396792 
1.4997757393529552 0.9904788171347098 
1.4996008520415625 0.9904406105336547 
1.499421375036682 0.9904224147164521 
1.4993004454946204 0.9904155768796888 
1.499136449454218 0.990396485573395 
1.4990179054215909 0.9904383591302958 
1.4988629082054308 0.9906515113961861 
1.4986662724105668 0.9905522448427808 
1.498588657498352 0.9906446978502849 
1.4984645902768476 0.9906587695258369 
1.4983771428111825 0.9907764065182155 
1.4983451513854797 0.990787591597961 
1.4983254028045874 0.9907440956815666 
1.4983264745705025 0.9907314917454946 
1.4982871889250768 0.9908349657060155 
1.498301278027241 0.9908896411291124 
1.4982880169692008 0.9909862564910397 
1.4982488523549746 0.9910680198835797 
1.4981613869707804 0.9911910450145653 
1.4981145952560702 0.991240820092079 
1.4979945348056067 0.9913035095280432 
1.4979183505579015 0.9913009146242658 
1.4979071561327648 0.9913859361795485 
1.4978575128500264 0.9913564472056748 
1.4978193995395221 0.991230317230024 
1.497625560280303 0.9913422302165624 
1.4975791550350892 0.9914598673802042 
1.4975173223550617 0.9914756865951436 
1.4974091568033097 0.9914103146695135 
1.4974116301124911 0.9914472282022749 
1.4973569979376953 0.9916419187183702 
1.4972956729647535 0.9915404493453532 
1.4972170700133647 0.9917239735491462 
1.4971380685276583 0.9916728753061419 
1.4971095989162873 0.9918030629396359 
1.4971655063580545 0.991799395555405 
1.497111796260231 0.9918396035650648 
1.496947045700614 0.9917558787989192 
1.4968595541551215 0.9919226750536472 
1.4968133835167305 0.9919569844420546 
1.4967123055004383 0.9918545071368491 
1.4966352046856668 0.9919603622925458 
1.4964902968469491 0.9920115168393637 
1.4963745311768601 0.9920943776697285 
1.496288413434205 0.9920218813915397 
1.4961493013738953 0.9920911665103928 
1.4961571791250328 0.9921999720604331 
1.4960608017403838 0.9921655996319282 
1.4959979164309771 0.9921239261151765 
1.4960275188785426 0.992263339950801 
1.4960064961585045 0.9923158023365989 
1.495952334773499 0.9923828876160524 
1.495931558119988 0.9924122714983898 
1.4958922909791883 0.9923959395780717 
1.4958565132354191 0.9924239297944384 
1.495898863194647 0.9924868215047264 
1.4958606638506304 0.992482946190829 
1.495903204561622 0.9925501625921731 
1.4959569896775613 0.9925645087882352 
1.4960216654556064 0.9926939562541197 
1.496031127065474 0.9927134225532417 
1.4960543427954731 0.9927329183286283 
1.4960971074954679 0.9927015524269052 
1.4960923914678856 0.992891052487098 
1.496145562802034 0.9928918840687633 
1.496177782446434 0.9929851256804827 
1.4961876475401072 0.9930760366065604 
1.4962397530276301 0.993136841500604 
1.4963181523860787 0.9932006960680756 
1.4963679582602785 0.993240421412345 
1.4963229272953984 0.9932224555365339 
1.4962878478836978 0.993282510028328 
1.4962519548538096 0.993333731750101 
1.4962860744874174 0.9933429235520701 
1.496294775771287 0.9933660969948032 
1.4963410374046933 0.9934298184041145 
1.4963818240840658 0.9935431152816706 
1.4963480921112258 0.9935394398809526 
1.4963325985206684 0.993503055274065 
1.4962945193553525 0.9935447856360216 
1.4963092742534079 0.9936171781661464 
1.4962533408175567 0.9936383137404662 
1.4961911863784627 0.9936293997249651 
1.4961540710101988 0.993659237192996 
1.496091783443304 0.9937156633564375 
1.4960506028421168 0.9937050239921261 
1.4960231207104577 0.9938258002310196 
1.4959567742308109 0.9938070282825168 
1.4958972308408724 0.9938082512917711 
1.4958921848888644 0.9938827662811236 
1.4958174648667946 0.9938027340511847 
1.4957784910829763 0.9938777628617588 
1.4957189866852958 0.9939160710915907 
1.495704924149739 0.9939388035907165 
1.4956710356277778 0.9939621442568242 
1.4957062244098047 0.9939361579580157 
1.4957085013548606 0.9940151083733977 
1.4956803202523548 0.9939044978131693 
1.4956719209265124 0.9939091335894726 
1.4956638233245887 0.9940198581231721 
1.495592835768232 0.9940216680763497 
1.495507398546217 0.9939786263684054 
1.4955043089700988 0.9940062102859446 
1.4955461812524344 0.9940417607452712 
1.495548940969096 0.994024155583739 
1.4955096533227779 0.9940572189198121 
1.4954518275494009 0.994070931438938 
1.4953987885964515 0.9940633372041019 
1.495364575513981 0.9940768294044764 
1.495308425604379 0.9941723120910085 
1.4952949946993552 0.9941901414384064 
1.4952924341758331 0.9941619007421322 
1.4953018313614792 0.9942301535603488 
1.4952569827494582 0.9942065922379553 
1.4952032195606344 0.9943184960362866 
1.4951360273883507 0.9942796446395611 
1.495085425990741 0.9942406477025224 
1.4951048061835701 0.9944117110054219 
1.495084848810776 0.9943846850279014 
1.495074783742245 0.9944292389793501 
1.4950919300199987 0.9944337769385229 
1.4950848713665448 0.9945191115474717 
1.495077459688571 0.9944495678345588 
1.49508615851261 0.9944536043780402 
1.4950794917090182 0.9944786984604581 
1.495091396987748 0.9945543412141536 
1.4951058129564263 0.9945149004250657 
1.495120279557283 0.9945772376888644 
1.495094874358281 0.9945390076662786 
1.4950680739838966 0.9945571594259169 
1.4950935800016163 0.9945131598968046 
1.4950582943406228 0.9946825369225091 
1.4950385765560985 0.9946951462354552 
1.4949869902545005 0.9946823132867277 
1.4949323414915092 0.9946114840737335 
1.4948727543803988 0.9946407162790901 
1.4948518389566317 0.994685540795388 
1.4948612606857214 0.994708399046138 
1.494801859899321 0.9947582117928706 
1.494768666063977 0.994725013702236 
1.4947437600091955 0.9947503991370402 
1.4946992178647474 0.9947989893969544 
1.4947405391380284 0.9947798941899353 
1.4947453276927734 0.9948419041212251 
1.4946862815952422 0.9948983301531419 
1.494682521540151 0.9949423492067584 
1.4946296646771626 0.9949495491747162 
1.4945822420843313 0.9949470446608181 
1.4945916865859472 0.9949175826338097 
1.4945815804154967 0.994926236071735 
1.4945525093848016 0.9950144600838003 
1.4945287805061382 0.9950140221405649 
1.494503241901587 0.9950275374646268 
1.4944342291422215 0.9950580680135237 
1.494404316617575 0.9949772514347743 
1.4944328389750416 0.9950687335438441 
1.494417852350481 0.9951052833316242 
1.4944221576686527 0.9950894725338253 
1.4944513233354344 0.9951074867735531 
1.4944395925470646 0.995047835855068 
1.4944559077297588 0.9950725681268113 
1.494483755794358 0.9950880523324761 
1.494436858676539 0.9951171952356053 
1.49440963605197 0.9951302364875749 
1.4944020732945014 0.9952125143739465 
1.4944227453356893 0.995175055157566 
1.494358246010276 0.9952028076377677 
1.4943625455155647 0.9952292438460546 
1.4943122623289127 0.9952694586423207 
1.4942922242161236 0.9951948702635217 
1.4942784847436388 0.9952429441037711 
1.4942406295435195 0.9953018625088101 
1.4942457932403603 0.9952847683683193 
1.4942123912832326 0.9952555273260453 
1.494224034590039 0.9952579472692843 
1.4942317211855172 0.9952797025969761 
1.4942277581154944 0.995345985384901 
1.494164359603712 0.995274705791395 
1.4941278406995633 0.9953633628816592 
1.4940581646501747 0.9954333734307871 
1.4939798785676903 0.9953494176918467 
1.4938935731109588 0.9953768902229916 
1.4938111384513153 0.9954179327233011 
1.493803535665914 0.9953796281243698 
1.4937430167495636 0.9953994299087477 
1.4937301282787154 0.9954218716788943 
1.493719093573536 0.9954319363436275 
1.4937374357590785 0.9954546422326676 
1.4937292074206527 0.9954908332248409 
1.4936663873505422 0.9954429496546184 
1.4936183885264438 0.995459616534292 
1.4935384598399102 0.9954529457791453 
1.493500458731236 0.995501919163651 
1.4934955094057207 0.9955111968336494 
1.493428091306085 0.99553617629763 
1.4933804707915017 0.9955356418245963 
1.4933809846645814 0.9955371660390836 
1.4933545286255667 0.9955595124163449 
1.4933078282438204 0.9955867455348896 
1.493249519094173 0.9955630205987175 
1.4931855756549821 0.995652265843168 
1.4931568376962883 0.9955619254252367 
1.4931840475353662 0.9955544991856694 
1.493153550817505 0.9956249372737438 
1.4931262806170809 0.9956232779157299 
1.4930862045367659 0.9956444684755286 
1.4930529714554521 0.9956371749129873 
1.4930673696150156 0.9956256240212883 
1.4930616946085369 0.995688953162046 
1.4930053015893383 0.9956110703716504 
1.4930042899577023 0.9956208012266968 
1.492971297001569 0.9956995132889569 
1.4928810824575236 0.9957260264714614 
1.4928261833456535 0.9956380702258129 
1.492791843511426 0.9957390954179499 
1.4927104484290727 0.995749092519087 
1.4926521364320355 0.995749926257814 
1.4926342899708305 0.9957505842497436 
1.4926512457787044 0.9957804929821631 
1.492616240414251 0.99575095820703 
1.4926010562522092 0.9957999607090747 
1.4925454518707744 0.9957964024996228 
1.492484008003393 0.995799269444535 
1.4924427326338237 0.9958490802943486 
1.4923914837395251 0.9958901257706827 
1.4923648288484448 0.9959017541570938 
1.4923271442122261 0.9959008115973975 
1.4923011003598041 0.995870288984925 
1.4922347666426885 0.9959050644155428 
1.4922197011014169 0.9959576075361645 
1.4921863329544094 0.9959608273936168 
1.4922172470009976 0.9959405020645842 
1.4921966836438028 0.995914875029173 
1.4921644770751377 0.9959260289011125 
1.4921641306814726 0.9959241448197206 
1.4921344319305136 0.9959427498876053 
1.4921317446910707 0.9958947773358845 
1.4920994450238658 0.9959629084818519 
1.4920830264444866 0.9959294955082298 
1.4920391084525542 0.9959603197061798 
1.4920357367553472 0.9959630697936656 
1.4920623776987074 0.9959853012351488 
1.492049348671163 0.9960137827119053 
1.4920069127861364 0.996006625003052 
1.491973783254988 0.9959622087347175 
1.4919618400568697 0.995991712329135 
1.49192336064281 0.9960427728488304 
1.4918982453732859 0.9960020545019057 
1.491840263740087 0.9960324381304415 
1.4917783035859007 0.9960333521739879 
1.4917635085761216 0.9959981162380916 
1.4917129909426323 0.9960654121172694 
1.491652067972293 0.996064134564145 
1.4915689356367463 0.9960479091950618 
1.491525428794417 0.9960442611806334 
1.4914612797077558 0.9960524291709758 
1.4914558406706113 0.9960750244776014 
1.491434943757934 0.9960855424860144 
1.4913876402194637 0.9961113560427806 
1.491320375419038 0.996101503987437 
1.491261896273215 0.9961087063763406 
1.4912362366190528 0.996072873447248 
1.491195399129855 0.9961279240201054 
1.4911446794406513 0.9960489989464638 
1.491114318651185 0.996116331640087 
1.491102257841268 0.9960647951684249 
1.4910790892966055 0.9960901133492325 
1.4910593884428487 0.9961091767407041 
1.491034582884051 0.9960718274727016 
1.4910409557383997 0.9960828753187999 
1.4910139735423165 0.9961418129144557 
1.4910245008279968 0.9961683723182526 
1.491008654015215 0.9961429180345449 
1.4909801593921397 0.996155006893682 
1.4910260215906277 0.9961579163583212 
1.4909905505295171 0.9961744216117072 
1.490961652168535 0.996157066919958 
1.4909516309787045 0.9961416651924253 
1.4909492307891716 0.9961684043016487 
1.490950429359657 0.996084358664565 
1.4909128200492356 0.9961428974201024 
1.4909216846989326 0.9961484033623165 
1.4909151605067628 0.9961665649624468 
1.490874045938512 0.9961785407571886 
1.4908308833474284 0.9961612346728769 
1.4908167940973247 0.996185452536485 
1.490774921179057 0.9961917549663623 
1.4907349192116424 0.9962189969038985 
1.4907026045988698 0.9961518134311711 
1.4906879598920832 0.9961770466517382 
1.4907082495706683 0.9962295171220972 
1.4907890853892736 0.9961987892596222 
1.490789096333998 0.9962168181498872 
1.4907402019721518 0.9961972940451571 
1.4907437741258094 0.9962001803686761 
1.4907217230442322 0.9962221905023152 
1.490717153282091 0.9962372231166596 
1.4907083571278206 0.9961861703802527 
1.490692785272484 0.9962053805411595 
1.4906728958511357 0.9962896444041333 
1.490668942165817 0.9962287882801035 
1.4906498721269175 0.9962595984717593 
1.4906707694832522 0.9961948608500759 
1.4906276593457364 0.9962636065397493 
1.4906147831399157 0.9962729509357828 
1.4906259532100865 0.9962598595236483 
1.4906182804211765 0.9962458814190641 
1.490618976970318 0.9962732931947245 
1.4906098546306135 0.9962722733319704 
1.4906018523097058 0.9962774165491084 
1.4905788364278711 0.9962599547364316 
1.490573619391773 0.9962551711105023 
1.4905424293615035 0.9962496025021526 
1.4905414839591118 0.996264443622591 
1.4905426684788405 0.9962569549302868 
1.4905696375565771 0.9962832469487612 
1.4906200705753376 0.9963053897698322 
1.4906591213879028 0.9963081607113708 
1.4906843907231149 0.9962828889471154 
1.4906820331464108 0.9962689266851478 
1.4907224589761345 0.9962155412919202 
1.4907335284436325 0.9962612395479234 
1.4907553487138767 0.9962905030866245 
1.4908411985946648 0.9963260752876791 
1.4908596499699895 0.9963177349811816 
1.490852755484224 0.9962958551551789 
1.490887692360859 0.9962949019312687 
1.4909225120330312 0.996328214755407 
1.4909324435549853 0.9963506567117905 
1.4909538057503344 0.9963431045558752 
1.4909714799348888 0.9963704864172239 
1.4910005759661966 0.9963487075365082 
1.491017261162254 0.9963372625214164 
1.4910718201637425 0.9963651034173328 
1.4911372574732007 0.9963849255546062 
1.4911739399400148 0.9963757163124405 
1.4911906679714912 0.996379440845628 
1.4912055246953873 0.9963659602677255 
1.4912206886121537 0.996409494690488 
1.491270927364753 0.9963853023116234 
1.4913248298277682 0.996364536995607 
1.4913793802320408 0.996430326826959 
1.4914280649914804 0.9963982251677862 
1.4915005767683058 0.9964328881891737 
1.4915278209821623 0.9963908197668412 
1.4915732838557747 0.9963795323618916 
1.4915927387957963 0.9964341965743273 
1.491630312497214 0.9964227061944638 
1.49169775682707 0.9963874640963184 
1.491714281975925 0.9964418777601683 
1.4917512102160826 0.9964112740549189 
1.491788485622281 0.996424343372337 
1.4918298313406733 0.996417230727852 
1.4918031405730394 0.9963718333868581 
1.4918055088008935 0.9964002362263247 
1.4918107448338302 0.9963919758278833 
1.4917833690929194 0.9963776649937487 
1.4917872736805997 0.9963660970288334 
1.4918159407672533 0.9964197938427369 
1.491858757833616 0.9964586986212404 
1.4919148793621015 0.9964398546684545 
1.491990290136007 0.9964477733965056 
1.492074661384479 0.9964573598128985 
1.4921030916149793 0.9964588888597281 
1.4921706566800232 0.9964761679052981 
1.4922113847386667 0.996456584965885 
1.4922574065331509 0.9964141047611031 
1.4923044659740998 0.996484230346682 
1.4923351500481774 0.9964710275710789 
1.492379553393564 0.996500353282494 
1.492435809443839 0.9964860694352075 
1.4924902495840127 0.9964773335532622 
1.492524643835057 0.996494708849371 
1.4925854504959004 0.9964638052493082 
1.492619551376404 0.9964619865242446 
1.492632378044285 0.996510882741903 
1.4926588974939907 0.9965018053465841 
1.4927155276924478 0.9965067981331596 
1.4927422897558673 0.9965189089298533 
1.492811359642328 0.9965020475215695 
1.4928863642184658 0.9965105271862514 
1.4929420656272945 0.9964921851868918 
1.492960486264685 0.9964756981928806 
1.4929720000363544 0.9965747778131232 
1.4929813097595324 0.996505181551133 
1.4929788079280444 0.9965129692869941 
1.4929791065124698 0.9965201197591138 
1.4929798768629159 0.9965401670972495 
1.4929701001922426 0.9965313528319963 
1.492970407453724 0.9965564461427117 
1.4929937149845132 0.9965167083309107 
1.4930002127907933 0.9965133728438628 
1.4930181065660546 0.996555208872711 
1.4930327254588163 0.9965532094373356 
1.493070007947692 0.9965670138931116 
1.493081669166303 0.9965581196013641 
1.4930960747207753 0.9966018666295512 
1.4930969472330304 0.9965756814790164 
1.4931209048157035 0.9965968886152429 
1.4931178352761778 0.99655891521321 
1.4931123333362761 0.9966006165071437 
1.4931237322222122 0.9966038521608179 
1.4931318069437494 0.9966361060587775 
1.4931725010828336 0.9966109807126518 
1.493188207980324 0.996619901913834 
1.4932211950340128 0.9965850039009799 
1.493229780691755 0.9966074018935063 
1.4932349228217017 0.9965860987821523 
1.4932155836297352 0.9966258333012737 
1.4932062538519217 0.9965887907482164 
1.493237420433578 0.9965948477449627 
1.4932523858279128 0.9966289335581253 
1.493281765987751 0.9965680052666835 
1.4932900766617279 0.9966140484207319 
1.49334550304374 0.9965930762531798 
1.493342904552756 0.996656040913034 
1.4933666941784007 0.9966238273500154 
1.4933581911497267 0.9966331455786499 
1.4933520670381473 0.9966258129688705 
1.493320394560631 0.996650691485274 
1.4933249807156006 0.9966327099698171 
1.4933634644276628 0.9966236254807734 
1.4933716259220666 0.996660783196037 
1.49340037086264 0.9966565478185184 
1.4934126738067068 0.996649096095999 
1.4934403667861005 0.9966389342250608 
1.4934538226015281 0.9966645263871947 
1.4934851286183546 0.9966686512062422 
1.493516278716769 0.9966908092011175 
1.4935504257333503 0.9966778736216635 
1.4935668330266587 0.9966795950031502 
1.4935555398458178 0.9966625931676647 
1.4935585529369217 0.9966466832922678 
1.4936010321042683 0.9966762628280142 
1.4936079668403617 0.9966990977095084 
1.4936310894210172 0.996711468048911 
1.4936523080547204 0.9967276362880442 
1.4936680326341258 0.9967517676398756 
1.4936518065800426 0.9967094608246472 
1.4936694860389597 0.9967051420141405 
1.493678634902042 0.9967139588667665 
1.4936637239540396 0.996719283929402 
1.4936603465391558 0.9967279547360407 
1.493654256363551 0.9967483557096544 
1.4936712791389697 0.9967461335157399 
1.4936359800011607 0.9967199089626347 
1.4936398024612725 0.9967131371025458 
1.4936591165558772 0.9967048503696522 
1.4936584248617302 0.9967673931624764 
1.4936937305425997 0.9967364702708342 
1.4937301087867665 0.9967274800420355 
1.4937674219198884 0.9967558816606396 
1.493771845534833 0.9967602732761951 
1.4937758609136116 0.9967225231831985 
1.493800479759593 0.9967465229459753 
1.4938432688050909 0.9967605700795019 
1.4938870563493907 0.9967576273708582 
1.4939028324035915 0.9967317577408675 
1.4939403666674893 0.9967853051633203 
1.4939416205454386 0.9967928110095243 
1.4939508970442652 0.9967857215233995 
1.4939658731430028 0.9967958857717593 
1.494000498457454 0.9968122092880234 
1.4940419156777283 0.9968350156321079 
1.4940604363167853 0.9968011151531386 
1.4941006997296675 0.996797107306249 
1.494131530239161 0.9967896298771335 
1.4941613366900368 0.996816104596103 
1.4941715901161419 0.9968028988747862 
1.494181730725887 0.9968436746586615 
1.4941852893679197 0.9968047073717824 
1.4941842474032885 0.9968199081322833 
1.4941846969676829 0.9967926454321417 
1.494179695814012 0.9968210507234987 
1.4941742833974356 0.9968077916611876 
1.4941833490414291 0.9968235949849954 
1.4941888025197527 0.9968553529235646 
1.4941832647515882 0.9968249005760516 
1.4942228343200588 0.9968348642525618 
1.4942460377171833 0.9968678042192156 
1.4942475383858769 0.9968383165912845 
1.494230435649337 0.996880068984234 
1.4942189202778433 0.9968384754537447 
1.4942556813932721 0.99687134483601 
1.4942902749541924 0.9968731077728435 
1.49430400654652 0.9968887923761105 
1.4943007320420543 0.9968405388663865 
1.4943393070103705 0.9968750989294631 
1.4943430350265736 0.9968854848555571 
1.4943649762135385 0.9968709543927484 
1.4943731794832682 0.9968285252534577 
1.4944050641075168 0.9968671502160027 
1.49441351689308 0.9968319743277946 
1.4944306807059056 0.9968415808147302 
1.4944876679566617 0.9968234936512211 
1.4945292350214232 0.9969261849405725 
1.494558723476976 0.9968622296055356 
1.494594728064223 0.9969099226203545 
1.4946136621432091 0.9969081654891032 
1.494602313587271 0.99690886781671 
1.4946128716474933 0.9968876836371684 
1.4946279301565433 0.9968850180398546 
1.4946714969643842 0.9969384220189498 
1.4947083484833847 0.9969451836496772 
1.4947227843926107 0.9969201463918674 
1.494786181558759 0.9969167899368435 
1.494804856092526 0.9969367124242279 
1.4948506789138813 0.9969413629823327 
1.4948800901796298 0.9969592060277905 
1.4949244505114616 0.9969293834396683 
1.49495747524549 0.9969450153058743 
1.4949949365753032 0.9969889962949043 
1.495005220519924 0.9969690780096204 
1.4950452134644074 0.9969542945463441 
1.4950618954210328 0.9969426748160867 
1.495120038593429 0.9969771029134838 
1.4951494163978347 0.9969696389538725 
1.4951861795159866 0.9969619337009489 
1.4951994945554357 0.9969570998770215 
1.495249021981803 0.9970108438333878 
1.4952741723639271 0.9969957494110301 
1.4953249847872283 0.9969553359428824 
1.495359700120816 0.9969936202244839 
1.4954042938606076 0.9969692122294523 
1.4954218744011816 0.9970185908246504 
1.4954490048191422 0.997013794574627 
1.4954583476312673 0.9969867793518953 
1.495481228414898 0.9969834863988768 
1.495487664474655 0.9969708521710605 
1.4955249404276971 0.9970037350486842 
1.4955628148155695 0.996995281523687 
1.4955848689819735 0.9970042207966172 
1.4956306974926297 0.9970048170840028 
1.4956428291587853 0.9969875447723283 
1.4956823290002328 0.9969919904314035 
1.495698435055769 0.997017633659044 
1.4957276858000714 0.9969973558374042 
1.4957626101922676 0.9970090719451439 
1.4957681917060361 0.9970130270376165 
1.4957894438664334 0.9969939878104341 
1.4958111615640926 0.99700911544595 
1.4958080494214474 0.9970318577043318 
1.495823018101106 0.997024900026341 
1.4958330596566602 0.997019590381079 
1.4958708798569713 0.9969993612724097 
1.495910249015072 0.9970105917840133 
1.4959132037738354 0.9970248808484081 
1.495937058792278 0.9970080122850848 
1.4959407422571531 0.9969994491279375 
1.4959491315511209 0.9969951318838232 
1.4959389577296354 0.9970030210387901 
1.4959354675699967 0.9970194586233453 
1.4959583564080217 0.9970474853159144 
1.4959706573242306 0.9969997956098136 
1.495990101230861 0.9970485930409811 
1.4960174380608007 0.9970133642122494 
1.49604052957585 0.9970118301638989 
1.4960562100473493 0.997045263514532 
1.4960628137203096 0.9970346186923184 
1.4960687940973523 0.9970250876872072 
1.4960877355275453 0.9970584983641301 
1.4960881387515046 0.9970299768706402 
1.4960785749144183 0.9970244675137565 
1.4960815767195732 0.9970411456775893 
1.4961200960152532 0.9970347174862336 
1.4961286620242826 0.9970200530635844 
1.4961614489259256 0.9970759435815598 
1.4961864912431035 0.9970550460120648 
1.4961955851384021 0.9970668459460317 
1.4962231970832711 0.99705809843807 
1.4962350839358163 0.9970615250277157 
1.4962567387291297 0.9970738008141037 
1.4962731013360697 0.9970730575960596 
1.4962872364251123 0.9970800621788329 
1.4963009968960375 0.9970711527581697 
1.496303824378203 0.997068924015115 
1.4963079501799736 0.9970583879203423 
1.4963057830339113 0.9970927983948938 
1.4963322895923252 0.9970849419527759 
1.4963302904658304 0.9970665667242903 
1.4963367476760898 0.9970604263707188 
1.4963709781174659 0.9970960451868659 
1.496391783393975 0.9971031395138309 
1.4964142305973052 0.9970939898610398 
1.496425735738342 0.9970947460236785 
1.496446696192171 0.9971039558921987 
1.496453653613604 0.997058011982221 
1.496455695481372 0.997088507059724 
1.4964482594587993 0.9971029993651895 
1.4964523063136936 0.9971160786469662 
1.4964603156318912 0.9970822439252259 
1.4964613517440817 0.9971448273156217 
1.4964875617062867 0.9971408910211708 
1.496486122321092 0.99712886522251 
1.4964871401556117 0.9971228697234275 
1.4965047252029346 0.997133012798742 
1.4965047870140729 0.9971041452653568 
1.4965299788137703 0.9971536628405315 
1.4965336368318902 0.9971454042229192 
1.4965375124736302 0.9971454739252966 
1.4965420733722892 0.9971296703792456 
1.496544717894932 0.9971670950878083 
1.4965817474696725 0.9971129058185706 
1.4965874250189808 0.9971153996062164 
1.4965817892623798 0.9971471738864746 
1.4965821502601597 0.9971345119974326 
1.4966049376997153 0.9971626669285515 
1.496601553080042 0.9971670636701123 
1.4966193511366181 0.9971108438494634 
1.4966255404823752 0.997137965325179 
1.4966487046791175 0.9971464617857766 
1.4966453548112222 0.9971304842611375 
1.4966565709066317 0.9971260539962393 
1.49667344923158 0.9971151579784253 
1.4967104615301867 0.9971522955416092 
1.4967351317164392 0.9971412069910522 
1.4967376433968522 0.997150730831007 
1.496754563854999 0.9971109683640819 
1.496761707706581 0.9971401364034352 
1.4967725695592462 0.9971526559548805 
1.4967763513556769 0.9971555363987736 
1.4967849225523486 0.9971748108565507 
1.4967881974607393 0.9971251221094949 
1.4968197677994177 0.9971534583744983 
1.4968449459985789 0.9971875980139546 
1.4968683052910607 0.9972024296780594 
1.4968891206958124 0.9971788225636493 
1.4968947619833033 0.9971849174781378 
1.496892220055568 0.997199630893998 
1.4968941833869809 0.9972101132031155 
1.4969033885953547 0.9972001575809185 
1.4969173477358209 0.9972026372237613 
1.4969386284215611 0.9972203529354554 
1.4969580720368194 0.9972263958409505 
1.4969883843344831 0.9972398995252478 
1.4969868101034918 0.9972300774785633 
1.4970008022742496 0.9971730189053564 
1.497014301203521 0.9972148834285876 
1.4970399486785926 0.9972554641810064 
1.49704653574371 0.9972251263820701 
1.49707124845921 0.997241889551168 
1.4970823749291118 0.997239810450097 
1.4971078470214136 0.9972397601933055 
1.4971197804542113 0.9972357459857667 
1.4971391953008577 0.9972535586824495 
1.497168414411942 0.9972455468462117 
1.4971845062681899 0.997239175118023 
1.4971888478113067 0.9972323781030478 
1.4972035872147285 0.9972373804911586 
1.4972114485431942 0.9972197206061434 
1.4972111512879256 0.9972303304420195 
1.4972367261984079 0.9972458249402408 
1.4972695564657243 0.9972231693718949 
1.4972960855353408 0.9972375651861369 
1.4973083510687457 0.9972499375076727 
1.497307250209507 0.9972675467652816 
1.497316615934077 0.9972372076478522 
1.4973375801417999 0.9972363320291204 
1.497351875395949 0.9972599790443408 
1.4973553375560906 0.9972561687316323 
1.4973698436548148 0.9972498811068568 
1.497387512931605 0.9972369037914741 
1.497423050553072 0.9972387463878865 
1.4974353756650896 0.9972525343565792 
1.4974479885160845 0.9972601568306414 
1.4974524477459192 0.9972733761507656 
1.4974621134514772 0.997232973042833 
1.49750442590696 0.9972606945053585 
1.4975111558834866 0.9972583293837352 
1.497521130501537 0.9972805898121219 
1.497527521059166 0.9972599219184366 
1.497540029870145 0.9972451473879663 
1.4975485831216009 0.9972608509456786 
1.497566550966007 0.9972506787611082 
1.4975451750463857 0.997245567169163 
1.4975631486585839 0.9972431773781144 
1.497559574779085 0.9972708202519541 
1.497569030853787 0.9972758995953571 
1.4975712043727758 0.9972445779088759 
1.4975847136313385 0.9972645992725838 
1.4976086172959828 0.9972649143803963 
1.4976318321887625 0.9972833181111282 
1.4976409139327496 0.9973066908027046 
1.4976523422483832 0.9972596542169729 
1.497655434465342 0.9972582614188501 
1.4976489088632023 0.9972654944617735 
1.4976701550051883 0.9973017300049644 
1.4976886248410806 0.9972879516233779 
1.4977036618194848 0.9972618750755973 
1.497735902807883 0.9972884572466499 
1.49775242933563 0.997283599222236 
1.497748544353338 0.9972854423006153 
1.4977699152812056 0.9972857457965221 
1.4977743152416683 0.9972681448124181 
1.4977930212050674 0.997251732433062 
1.4978041493110608 0.9972790578089331 
1.4978309178752056 0.9972876955686113 
1.497833247091267 0.9973033110203575 
1.497852335239127 0.9972861110291423 
1.4978672156769839 0.9972849942091007 
1.497877837803168 0.9973008140557051 
1.4978730363115893 0.9972900254489352 
1.4978948190018662 0.9973129008525731 
1.497899069564394 0.997298244353729 
1.4979315566677547 0.9973532919290041 
1.4979603649273598 0.9973232175064788 
1.4979650421528883 0.9973099063862995 
1.4979774082480353 0.9973424351231726 
1.49797969104765 0.9973637825497218 
1.4980143019724954 0.9973684728964921 
1.4980288645026898 0.9973781627982153 
1.4980471421748711 0.9973502598614572 
1.4980786248207256 0.9973673587388348 
1.4980822544663195 0.9973506466563161 
1.4980750061734178 0.9973607838729552 
1.4980890421495612 0.9973659894380147 
1.4980843377810997 0.9974027072284737 
1.4980987747928436 0.9973781685507506 
1.4981229035299404 0.9973545098923023 
1.4981442583562234 0.9974133118248619 
1.4981490594739322 0.9974090416182146 
1.4981747024436958 0.9973962348966249 
1.4982071780925625 0.9974031153757492 
1.4982194564336617 0.9974084025495922 
1.4982378988386083 0.9973716520671534 
1.4982473303126538 0.9973853649106843 
1.4982680733679157 0.9974177663654911 
1.498268240662862 0.9974225336304873 
1.4982891027608225 0.9974344525119098 
1.4983260852659928 0.9974276524271356 
1.4983404696736977 0.9974219589866757 
1.4983692784971772 0.9974280724232781 
1.4983750070481878 0.997419707562214 
1.4983858643072863 0.997425412085915 
1.4983963594244158 0.9974392519280647 
1.4984191825880435 0.9973828161350083 
1.4984330884772366 0.9974043059271853 
1.4984616020297974 0.9974181052305727 
1.4984803809465124 0.9974474123066003 
1.4984958545105582 0.9974189483337454 
1.4985246389266973 0.9973998594827735 
1.4985517520712355 0.9974493195794617 
1.4985632760089824 0.9974210304720109 
1.498591703700181 0.9973850597302593 
1.4985981678334521 0.9974080052280992 
1.4986058977361307 0.9974172481460538 
1.4986170154363523 0.9974104720960868 
1.498644987087985 0.9974204215666832 
1.4986554075499863 0.9974406080615434 
1.4986578815692535 0.9974154990069647 
1.4986830637382194 0.9974318789576284 
1.4986818354413682 0.9974418915063377 
1.4986967359559995 0.9974297381752217 
1.4987166263274656 0.9974434132952094 
1.498740454053243 0.9974433934560585 
1.4987540831128936 0.9974445492890662 
1.4987677995951807 0.9974385669638963 
1.498780463372171 0.9974235193956124 
1.4988040928287687 0.9974343335441465 
1.498830198537714 0.9974575914979918 
1.4988429946066275 0.997449040189532 
1.4988624010876859 0.9974229219271812 
1.498887849679395 0.9974233653783372 
1.4988896339764017 0.9974584088199089 
1.4989032705538288 0.9974513693565714 
1.4989245907540212 0.9974251240934925 
1.4989374942084892 0.9974603244245147 
1.4989657273407568 0.997449765608632 
1.4989797884580607 0.997450282637684 
1.4989823563445714 0.9974518957629681 
1.498995889755201 0.9974634086658569 
1.4990067005240295 0.997460517320451 
1.4990225294391224 0.9974567771286796 
1.4990461200176688 0.9974473588339325 
1.4990844499469385 0.9974629841161103 
1.4990855768879479 0.9974927842630772 
1.499104936330227 0.9974872352648704 
1.4991238583488098 0.9974935962784531 
1.4991291590546716 0.9975068928729499 
1.4991461472781367 0.9974694174894562 
1.4991715276776323 0.9974606420781325 
1.499186684695076 0.9975100320962952 
1.4991942374548508 0.9974885860055964 
1.4992063833906695 0.9974885094053025 
1.499217863840323 0.997490929891302 
1.4992391444292792 0.997493748206555 
1.4992371649633125 0.9975003859498247 
1.4992518950375973 0.9974988731370488 
1.4992623534280378 0.9974923327348827 
1.4992774241976379 0.9974953493956588 
1.4993140168427783 0.997506828009175 
1.4993360103967222 0.9974979947587794 
1.4993486997313956 0.9975149911781329 
1.4993764393184816 0.9975261109528911 
1.4993770361129926 0.9975126426481125 
1.4993846111240083 0.9975195921265454 
1.4993830069211493 0.9975228063066657 
1.4993868016791299 0.9975143301948833 
1.499386321443488 0.9974821229270419 
1.499408995590531 0.9974965917304294 
1.49941697969945 0.9974728665416024 
1.499444975646577 0.9975015331754855 
1.4994654681574617 0.9975051901062187 
1.4994862019709079 0.9974945112844547 
1.4995225679016484 0.9974659412271074 
1.499535432805727 0.9975053082190208 
1.499545358445627 0.9974831228231192 
1.49955811415719 0.997503268038393 
1.4995862378299596 0.9975119816556426 
1.4995843664447137 0.997517570133613 
1.4995967061299689 0.9975120473953298 
1.4996085307882092 0.9974982097088826 
1.4996177302450138 0.9974987249800225 
1.4996144365398456 0.9975293755773245 
1.4996332047386856 0.9975046422915118 
1.4996406793190509 0.9975053888393955 
1.4996818290092842 0.9974974001527834 
1.4997203935592343 0.997535209388473 
1.4997461539251558 0.9975339913584405 
1.4997808116079934 0.9975458129954209 
1.4998065181927622 0.9975460084794819 
1.4998234657280214 0.9975416391115899 
1.4998603585822377 0.997523152246278 
1.4998920339728725 0.9975283928566504 
1.499930789685468 0.9975193668527774 
1.4999747249421367 0.9975432547552179 
1.5000082498903113 0.9975593862532375 
1.5000265805778152 0.9975489328924892 
1.5000523968971624 0.9975758480379674 
1.500082947006274 0.9975528567001773 
1.5001241352966337 0.9975629975883217 
1.5001586747863749 0.9975499913511569 
1.5001897447625356 0.997568740855425 
1.5002289373123785 0.9975476430510768 
1.5002708230490232 0.9975469437024268 
1.5003134353680954 0.9975713614946271 
1.5003390644037362 0.997568953462798 
1.5003626656304034 0.9975778946727688 
1.5003938116082225 0.9975458118792383 
1.5004187197217005 0.9975642381939923 
1.500451802149069 0.997580331904069 
1.500493669774152 0.9975801378807251 
1.5005128467070639 0.997579939909659 
1.5005416304673642 0.9975968375226146 
1.5005762349334009 0.9976054575300338 
1.5006081295360298 0.9975685097157255 
1.500640025089209 0.9975773844353572 
1.5006596961147436 0.9975490861296986 
1.5006816303346109 0.9975727062415342 
1.5007164942097915 0.9975727653590821 
1.5007481486301735 0.9975448095366997 
1.500765042763276 0.9976196270625154 
1.5007887785031142 0.9975886608830259 
1.5008102432150985 0.9975989768738779 
1.5008244078421458 0.9976294395718764 
1.5008445955127308 0.9975950717362219 
