0.8249783772701152 1.0
1.2352689344347725 0.9247636899046258 
1.2497188431173862 0.894174426919494 
1.2332982409252382 0.906560745702783 
1.2293767582985455 0.9076510313770721 
1.2174825045955264 0.9069065388664522 
1.2095271968136938 0.9056164511251298 
1.2093434465593427 0.9049147095911907 
1.2075663544030224 0.9030811402041569 
1.2049647608395826 0.8997237621479474 
1.2061736721179672 0.8984154079913194 
1.2006557984535444 0.8962484957808491 
1.204003216775868 0.8967298383309376 
1.2010167328119008 0.8958340759018947 
1.200007613558823 0.8945796934810752 
1.2080604587243746 0.8943901604846412 
1.2128780122019402 0.8954966008996221 
1.2121388899184216 0.89606961845043 
1.2080147373191106 0.8954376111146406 
1.2077918021776552 0.8951244747527811 
1.2088164422328622 0.8947147883470223 
1.2107989715349705 0.8953551283384379 
1.2099885166915183 0.8949559980577502 
1.2104124316610536 0.8956881416778989 
1.213375856541939 0.8953568740191642 
1.2156346590874498 0.8959658722403616 
1.2153447123563776 0.8959760478627096 
1.2156120082024646 0.8959884240321521 
1.215243372449725 0.8955661140487818 
1.2129217309061782 0.895480389542083 
1.2121868891568113 0.8949119345726697 
1.2104046329114768 0.8946580752920847 
1.2094219103763293 0.8943596226515291 
1.208370839444344 0.8942605242981896 
1.209245638553109 0.8944545688088877 
1.207037260717387 0.8942380722222013 
1.206774074509501 0.8937984702354713 
1.205614470783529 0.8934358499173414 
1.206387067591127 0.893501449388913 
1.206005240590002 0.8935166533300449 
1.2065822169682134 0.8937585152231219 
1.207078804946343 0.8938052528879076 
1.207949294669563 0.8940692436060578 
1.2077670982285222 0.8940741217635411 
1.2099508244755453 0.8945990959890705 
1.209171645324279 0.894223520857965 
1.2106837655828886 0.8943063586856582 
1.2102591403185605 0.8943974864908835 
1.2105600618889167 0.8946674564948088 
1.2107259148432623 0.8946671275442948 
1.2123873362631645 0.8947973543189165 
1.2130727617076213 0.8948817520896233 
1.2145084837431284 0.89534075062281 
1.2151943410972148 0.8952405243820908 
1.2137824580754528 0.8951675159851812 
1.2130371161470672 0.8950491021683077 
1.2119102188177597 0.8948428376222783 
1.2114960957726337 0.8945541369934223 
1.210361560022786 0.894591039516954 
1.2097916004288807 0.8948006035518389 
1.2086946477651748 0.8946309439539267 
1.2095694594059911 0.8949116070108203 
1.209575332626404 0.8945756110354837 
1.2093437739904134 0.894844493964607 
1.207805657084523 0.8946223326535726 
1.2083571519271459 0.8948186929022321 
1.20736247352281 0.8943865230609859 
1.2094943990018225 0.8948825424125944 
1.2105026295249606 0.895044685417449 
1.2114963689129972 0.8953359545931614 
1.2126019926916296 0.895302294971596 
1.211904355894158 0.8951930389960501 
1.212160602343599 0.8952843825408158 
1.212297805278673 0.8951542599696061 
1.211780270967622 0.8949992644124678 
1.2120619018858456 0.8950512027508895 
1.2111420857277437 0.8949762252900474 
1.2119394868341895 0.8952344957901721 
1.2119383039126412 0.8949036352874703 
1.2118919947631832 0.8951052642117442 
1.2119111210881803 0.8950325983546249 
1.2118473167349502 0.8950361176217938 
1.211163889929307 0.8949767837630132 
1.2118233584252982 0.8950325347913074 
1.210636434691829 0.8946900944788393 
1.2108314025100502 0.8948047065633118 
1.2103319876943823 0.8946569275751121 
1.2107912984007987 0.8946433685259981 
1.2100140104321342 0.8945533561438243 
1.2100272903554248 0.894570431325833 
1.2093491720790188 0.894302732877039 
1.2100749985010435 0.8943301348194 
1.2101474495332347 0.894222798700042 
1.2092862066649308 0.8942392347944241 
1.2089693839529543 0.8939979021869027 
1.208823315758389 0.8940418726225804 
1.208405958260043 0.8940703164573941 
1.2080227251157483 0.8939959893539386 
1.2083798960089065 0.8937635665302825 
1.208280182351114 0.8937846747420508 
1.2091102115712011 0.8939762415943906 
1.2089018008177843 0.8940383441017585 
1.2096956391669604 0.8942722226416693 
1.2099290932708595 0.8944002179096326 
1.210025269241397 0.8944887008298968 
1.2095076784244054 0.8944464241769577 
1.2099546085714628 0.8944635959546621 
1.2096803504553668 0.8943804044999837 
1.210096902100076 0.8944721336687766 
1.2094023941924588 0.8943561775089759 
1.2102058193202367 0.8945992152555525 
1.2098984511219268 0.8946157680444523 
1.2103631492458797 0.8948196192334666 
1.2100691461937965 0.8947809365149282 
1.2112449639232896 0.8948404026717144 
1.2113107168590245 0.8946345680737329 
1.2116551470035437 0.8947709394118273 
1.2111714772500586 0.8945023439611954 
1.2115818462011776 0.8945688634827073 
1.2109666553486675 0.8943078205358095 
1.212233596583778 0.8946114591545016 
1.2119601474400343 0.8944935179717634 
1.2118163646719347 0.8946473034416716 
1.2119299021188623 0.8943683442513777 
1.2114713194889613 0.8942865469921626 
1.2105417723767486 0.8941721448635699 
1.2102446656075352 0.894162418150536 
1.2102399012388325 0.894190627757739 
1.2098960100223126 0.8942309992504859 
1.2099218526629616 0.8941584778079791 
1.2100209877703896 0.8940709265905874 
1.210029662316363 0.8940305485621478 
1.2098299390876657 0.8939176310982215 
1.2107584374561917 0.8940744999089867 
1.2108888982417414 0.8938951768664803 
1.2107232701757964 0.8939839907361876 
1.2109489119829333 0.8939577659390429 
1.2109084327957897 0.8939445807783809 
1.210980039679673 0.8939412947293598 
1.2105495220586213 0.8939754618417051 
1.2105444308920743 0.8939652938728326 
1.2107480259372063 0.8939832803002717 
1.2108043112973712 0.8939474457482316 
1.2102333631807858 0.8939070261471954 
1.2098635565182778 0.8938358283607343 
1.2107219637752824 0.8938432977558077 
1.210836614564581 0.8938169996925126 
1.2105683088530037 0.8937549650184496 
1.2107189649254244 0.8937720303880715 
1.2108748615300549 0.8937713106613476 
1.2108524807802166 0.8938304893194204 
1.2111080753864991 0.8937793165125147 
1.2106873106698806 0.893733407940039 
1.2107670052620703 0.8938372327796837 
1.2105817603801443 0.893805172603658 
1.2107977279260551 0.8939268102997292 
1.2107819524166155 0.8939057366258447 
1.210760698443983 0.8938961172079645 
1.2106224106737207 0.8938308940574138 
1.2106415709989484 0.8937935730242939 
1.2103532648498099 0.8937539643738721 
1.2105437127181178 0.8937490169175172 
1.2101982401990037 0.8937964220133067 
1.2104765712647465 0.8938451980901404 
1.2101802977644904 0.8938012605067458 
1.2103175334964045 0.8938921014493862 
1.2098639686803279 0.8938736249170077 
1.21120464523436 0.8940405575915862 
1.2113564888331987 0.8939701890483437 
1.2111808490467155 0.894125540769941 
1.2110577960315676 0.8940042227984486 
1.2115142682167879 0.8941165321615377 
1.2117771553068872 0.8939932251104966 
1.2126859869695654 0.8942306686161456 
1.2123898879686092 0.8941367608998103 
1.212518382552767 0.8942282712222573 
1.2131868290872725 0.8942783445878094 
1.2136192832922896 0.8943987305541243 
1.213476507403937 0.8943366955944552 
1.213529362500816 0.8943874638915021 
1.2135255238195748 0.8942867698578938 
1.2130852516302735 0.8942331408333464 
1.2130948075106736 0.8941625834642655 
1.2128908913880245 0.8940818825170085 
1.2127552543716564 0.8940301634681601 
1.2127118096916636 0.89402692250902 
1.213336707311085 0.8940592866077304 
1.2131009231033567 0.8940668230795266 
1.2130687306887167 0.8940341232331701 
1.2131312382749564 0.8939717092068462 
1.2126541371010158 0.8938739361194971 
1.2125937360704917 0.893979087401055 
1.2131033161514355 0.8940456818214028 
1.2132111181441405 0.8940814907613872 
1.2128125141871129 0.8940597421929547 
1.2130270926621978 0.8940962086921836 
1.2130439779382876 0.8940660468774418 
1.213386773787971 0.8941958931096627 
1.213585704105672 0.8941978289670165 
1.213290071696024 0.8941681397454828 
