0.7894850210319958 1.0 1.0 1.0 1.0 1.0 
1.3983685525273009 0.9467251813855372 0.966293419472486 0.9644980031421188 0.9694193980223894 0.9704116157773411 
1.4346516729834067 0.935780231402066 0.9337816499359975 0.9295017161737683 0.9385813268017531 0.9357085742905893 
1.4342821778959274 0.9279603690384017 0.9312199662326821 0.9286256264021253 0.9398346689461542 0.9359363501881435 
1.4376314143760471 0.9230224621651674 0.9342206793375228 0.9263650665373689 0.9412361050106026 0.9397266956000958 
1.4395302312273783 0.9219648910978245 0.938429204905708 0.9296723577382923 0.9458732464437499 0.9435556309013421 
1.44183060605487 0.9200893426076695 0.9411855150309616 0.9330717350605082 0.9492720675306746 0.9440742604824046 
1.4447504283823192 0.9210807477059827 0.9435692989728417 0.935450925826818 0.9510613157782448 0.9463708476922515 
1.445984607873991 0.9222517578612334 0.9456892075541402 0.9380754892250424 0.9523010886045822 0.9498117716484817 
1.4446677822596106 0.9212260319588449 0.9455832174729086 0.9387571778946912 0.9515998356973848 0.9509842462736376 
1.445797059573338 0.9203150323226149 0.94628044552304 0.9394292655748784 0.9520255942768618 0.9529636226105103 
1.445256841469546 0.9195667523693656 0.9465769999369448 0.9406908284325752 0.9521573791464233 0.9537444231139285 
1.4463376695013759 0.9193823884583376 0.9482991250594632 0.9417956589265268 0.9527740383342271 0.9548741246763403 
1.4470023473164677 0.9184122746585572 0.9493621691086417 0.9434286377310094 0.9539018238243588 0.9551833234052908 
1.4470222929275873 0.9188608360968735 0.9501111531295424 0.9445424534782758 0.9551253690583368 0.9557526743483238 
1.4461964717070048 0.9193987158466886 0.9516533637350627 0.9463908854478843 0.9555532984816145 0.9560836736440566 
1.4462567011345024 0.9195890609481041 0.9531953441351165 0.9468215424601844 0.9560325277576538 0.957372615404142 
1.4470890189099601 0.9203142938975855 0.9547107997372551 0.9473511661685626 0.9563915176330806 0.9580445926002747 
1.4482632793308134 0.9214400525944496 0.9560914082493083 0.9479835190156151 0.9573037683407349 0.958804456685302 
1.4490674248668889 0.9222910901713068 0.9563006396405102 0.9493807845864161 0.9588627149866313 0.9590277748298811 
1.4496510982723954 0.9230722938015371 0.9566393587341168 0.9500709924801035 0.959935328419103 0.9601683683893565 
1.4493434142617925 0.9233920158726859 0.9574077668437068 0.9511362978012949 0.9608221002244496 0.9606794392435968 
1.4500829773573012 0.9240236866081372 0.9579735092173556 0.9517371224785831 0.9616586882577104 0.9604494385122715 
1.450493610120841 0.923913105025442 0.9588897515843793 0.952576257601743 0.9621960148470647 0.9608135374858338 
1.4496505191132942 0.9238354033790982 0.9594695578730835 0.9533888465548048 0.962863730167417 0.9615612981075914 
1.4496544907942484 0.92365894845773 0.9597880374188045 0.9537234902397662 0.9630378537424218 0.9623084332759656 
1.4496582949364016 0.923307332127121 0.9604980710387593 0.9548244664087349 0.9632543016720834 0.9624159757919427 
1.4497380047896764 0.9230424290578693 0.9610840560030968 0.9551225260241238 0.963682398094274 0.962206895216714 
1.4501046224820877 0.923131369415664 0.9618036273085604 0.9552377291632358 0.964618171683109 0.9617335447512119 
1.4503832728632804 0.9237595493933982 0.9625467202576772 0.9549239780917584 0.9647799797054997 0.9625151080203084 
1.4500316881290973 0.9238915399145881 0.9626439415691384 0.9555924567034917 0.9654468448502951 0.9629930592330405 
1.4501686277734755 0.9242102522314424 0.9630866030577069 0.9561899297065022 0.9660192740606235 0.963186251812529 
1.4505777226251166 0.9245358179311334 0.9637147905606399 0.9569523994072285 0.966182242490227 0.9634528045315464 
1.450469759537426 0.924930664570959 0.9639632734104665 0.9574247094392118 0.9661496260341559 0.9636945701099708 
1.450405026792232 0.9249649193032664 0.9639856006163707 0.9574366360899366 0.9662966892464381 0.9637235604673102 
1.4505908643672 0.9252274187401126 0.9638063882136684 0.9575988983236744 0.9670189805434436 0.9636742852726581 
1.4504874921360145 0.9254630693540645 0.9636286963078191 0.9578999821426507 0.9676203747507812 0.9637970930359496 
1.4505839659157522 0.925666688308362 0.9638102548335714 0.9578891066227176 0.9681910172344611 0.9639158876560018 
1.4507126822662024 0.9257584237338411 0.9640545792477679 0.9579450777047835 0.9686154337850587 0.9639632902315254 
1.4503391588060282 0.9261431031902901 0.9647383337850495 0.9582872774185944 0.9689934982386809 0.963842532216563 
1.4504288835336954 0.9265052354189849 0.9653399947689374 0.9586601940146392 0.9693905485403622 0.9642113388842452 
1.4505220158789873 0.9266243528913324 0.9654729675186925 0.9588119632768216 0.9696212755395441 0.9647159661941355 
1.4507412875864252 0.9268198553261766 0.9654067325109865 0.9592708439543616 0.9699722405095415 0.9651199327683648 
1.4509851945210988 0.9270944675154115 0.9657106864223512 0.9597026501384458 0.970341416037808 0.9653851245483605 
1.4512730200267685 0.9272551403010119 0.9661990246867729 0.9600152130709417 0.9706831557733404 0.965900896016061 
1.4509706569054805 0.9272110767548332 0.966652891093191 0.9600997517242734 0.9708695678329494 0.9658813343247332 
1.4508747679906202 0.9277636021926936 0.9672764372544742 0.9604781765005308 0.9711974276769081 0.9660312852308698 
1.450941765821134 0.9277410371488615 0.9675376532609952 0.9603922011559569 0.9711521955934533 0.9662900112765068 
1.4505984499943985 0.9275877347048388 0.9677290285103328 0.9604617513018914 0.9714043802627836 0.9664334797164188 
1.4506303045595295 0.9274570671210524 0.9680389056365081 0.9604441038630074 0.9714212005267581 0.9667160764921638 
1.4510310218914877 0.9274753530193185 0.9682809988439719 0.9605109125454436 0.9716296901181248 0.9668814984477395 
1.4509342403157977 0.9279682960216707 0.9681298240112102 0.9603085600056054 0.9716321357567617 0.9670586484592495 
1.4509159189209593 0.9281488343348135 0.9683080748555339 0.9603696201172213 0.9717047124792974 0.9672977270119417 
1.4510545459071968 0.9282340378059705 0.9680670991048632 0.9602684945622345 0.9716689697884378 0.9674888210139234 
1.4512115569796276 0.9284166899972512 0.968448709361408 0.9606690656947142 0.9717858602148358 0.9678890304713267 
1.4517468701225935 0.928668943973985 0.9687217267149163 0.9614526997308006 0.9720477065653836 0.968081169121941 
1.4515887964685856 0.9287190448149345 0.9692605039964984 0.9617277253608723 0.9723066213847485 0.9682578841543874 
1.451674959547331 0.9288272703087044 0.9692531426067517 0.9619688705056304 0.9725440599083908 0.9686868661428879 
1.4516022666887538 0.9289018173258866 0.9690695934631973 0.9619099882774543 0.972827509880039 0.9687788978562619 
1.4514957602892224 0.9291035878119914 0.9688200144447905 0.9623189834376803 0.9732311619068698 0.9692184521995421 
1.45179359259127 0.9291552897005908 0.9691749616728722 0.9626968466539116 0.9733817689077294 0.9696900927311771 
1.4516858320236357 0.9289462926491564 0.9692398812175707 0.9630701785977833 0.9732429629526579 0.9699018354357025 
1.451878557005508 0.9290731934965281 0.9695668949325187 0.9634899844774931 0.9731711345917189 0.9700682068050546 
1.4518604873788121 0.9291719552608532 0.9698757701502141 0.9636191978712633 0.9733221489648471 0.970269910524291 
1.4519162514848827 0.9294733593333472 0.9702205768338809 0.9638657682760697 0.9734905221691089 0.970396078703696 
1.4519790906526007 0.9299424095349318 0.9702388308301549 0.9642205429565098 0.9736162312347518 0.9705424654806306 
1.4521726244203936 0.9298919970609529 0.9701919804398605 0.9643488974250377 0.9735681559378893 0.9705800262693935 
1.4518939296829936 0.9301022145646788 0.970395714987035 0.9643244489934296 0.9737523540433528 0.970639735950807 
1.451733020723216 0.9303670848201877 0.9703672651519349 0.9644784410694744 0.9739561092321318 0.9707934303614495 
1.4516957919054745 0.930820457949313 0.970159533074027 0.9646236204059261 0.9741605282940826 0.9710499052905237 
1.4517489878727652 0.9310270700686387 0.9702410718606571 0.9647496396589399 0.9742964156511247 0.9710349520614767 
1.4519222770853701 0.9311152121566919 0.9703148123445711 0.9648215792821873 0.9746220333788861 0.9712672174931738 
1.4521399861875162 0.9311653369568788 0.970377736432349 0.9649349444415484 0.9748810862464349 0.9714982995938352 
1.4521880160852476 0.9311190036569168 0.9704786182345114 0.9649974776277891 0.9749674896242699 0.971538425467747 
1.4521636707218484 0.9311781954886951 0.9704171122592314 0.9651822547481738 0.9752701685840389 0.9713112343384961 
1.452202493201474 0.931245796300467 0.9704362003749437 0.9652111351163111 0.9755140566243677 0.9713321265489497 
1.4523357057215234 0.9313343201828614 0.9706242617937973 0.965318252146516 0.9757985359612054 0.9714915667664296 
1.4525480179407677 0.931525404137871 0.9705188027437024 0.9653600690452153 0.9759199734113122 0.97159001705844 
1.4527089523553607 0.9318435136815183 0.9704789392205339 0.9652644746274351 0.9760098627361313 0.971574261169081 
1.452654659029538 0.9320538483494987 0.9705905723029167 0.9653521277703864 0.9761009302753668 0.9716732475163458 
1.4526205880105836 0.9320407520340515 0.9706051066693872 0.9653445345794585 0.9761705827862525 0.9717482624904038 
1.452828346769998 0.9321816496123331 0.9708089029242021 0.9654752875960335 0.9764343951919771 0.9719251057914833 
1.453002157200456 0.9322482532892675 0.970749792436279 0.965558104832701 0.976323877391435 0.9722233180672746 
1.4529078669286466 0.9324557822340117 0.9706918882718938 0.965538709888183 0.9763701600073103 0.9722623439665536 
1.4529809227815473 0.9324738451207506 0.9706252941329916 0.9656239173663845 0.9764877191898751 0.972240560243532 
1.4529046323121286 0.9326059932066585 0.9705211631541717 0.9654502898434052 0.9765959459351867 0.9724035368502546 
1.4531030578877229 0.9325927068149108 0.9705824510697572 0.9654235339084924 0.9767534957471687 0.9726751377416167 
1.4531343022752965 0.9324431325171579 0.9705694892355345 0.9655321360622877 0.9767339593824014 0.9726593174957185 
1.4531835770194543 0.9324841425033858 0.9704578896953018 0.9655614044855695 0.9768011113098913 0.972820235460157 
1.4530813035531291 0.9327827112317228 0.970433889745718 0.965681321961588 0.9769712767986015 0.9729728468639327 
1.4529889967206144 0.9328215831109877 0.9704868877059863 0.9656563389855963 0.9769323798668105 0.9728920472720763 
1.4530142322119584 0.9331283234273751 0.9704837032752068 0.9658025703388917 0.977036381049788 0.9728705371153121 
1.4530555352288042 0.9333386457377514 0.9705620915206151 0.9658251615875155 0.9771628722346398 0.972869015459773 
1.45305374759665 0.9335072397085574 0.970749729746882 0.9657763170339518 0.9772447946123836 0.9730939154252397 
1.4532015558377727 0.9335412267316667 0.9710155939999032 0.9656402136703535 0.9773863472803558 0.9731593157406594 
1.4533683857759514 0.9336655257358227 0.9710582004237504 0.9656648989560492 0.9775078018423146 0.9732635842863352 
1.4536209199244061 0.9338452356373657 0.9711780875287053 0.9655904111404601 0.9774589028941949 0.9735759086320661 
1.4538153411897985 0.9338530788822195 0.9711085906345815 0.9654649966092674 0.9776564058770817 0.9736922609370237 
1.4538021745293468 0.9339159840135893 0.97102078014355 0.9654374506097038 0.9778905451918075 0.9737834793685439 
1.4537489644129558 0.9338312164379005 0.9710031389061655 0.9654301209232307 0.9780781401793165 0.9736945570047921 
