0.8246763267620248 0.0 
1.4359189274797741 0.08705360173300919 
1.5062691554151924 0.19416914541845956 
1.5301549381953334 0.1871941631123422 
1.5373027990211068 0.17847037984558745 
1.5415133984525164 0.1713463484607828 
1.5419299875257626 0.16756191122330893 
1.5431881088897206 0.15992697876757656 
1.5443960865295452 0.1560507048851741 
1.545725876172856 0.14807496850421065 
1.5465333773252838 0.14186345025310887 
1.5473128991092 0.13614827108921262 
1.5479936974857351 0.13048338984568067 
1.548605600388491 0.1259483431568121 
1.549323155345421 0.12065862363321005 
1.5493838646010853 0.11670847396194117 
1.5497766033076803 0.11350314520039756 
1.5501926992805506 0.10971203763364254 
1.5504299037572045 0.10638901414671358 
1.5507320700645117 0.10478521596966392 
1.5509980571937236 0.10141691197408582 
1.5512522103078819 0.09754487493512894 
1.551359605882892 0.09523299969127749 
1.5514805507925054 0.09380735764876463 
1.551701461245748 0.09161546443333078 
1.5518983920663254 0.08988988164831917 
1.5520240945037485 0.08835937633317358 
1.5521178783167138 0.086989806605203 
1.552187040349552 0.08532106595745076 
1.5522475531546587 0.08442697641436414 
1.5523594891477113 0.08319521917138126 
1.5524518310318653 0.08202020257687759 
1.552457736834483 0.08110062823332766 
1.5525615586346506 0.08020237265792923 
1.5526505498652114 0.07927410355346326 
1.5526627060527187 0.07818394595377302 
1.5527092248016463 0.07705522479275043 
1.5527876692012923 0.07613522978851546 
1.5528457297516636 0.07499955956552996 
1.5528492363268875 0.0742160667432821 
1.552878968408613 0.07341843131188329 
1.5529223665946423 0.07245769376791199 
1.552986836105947 0.07184981120940281 
1.5530355792790569 0.07078343354650954 
1.5530857155488549 0.07025258577325891 
1.553153147939387 0.06919325503329807 
1.5532067488627384 0.06820221819594773 
1.553232339230737 0.06774220795128018 
1.5532580414919852 0.06709454574462795 
1.5532927365679208 0.06647881811801977 
1.553339658351585 0.06575581992559762 
1.553393076403363 0.06524606523641119 
1.5534290859880373 0.06466375388148055 
1.5534459051462386 0.06427274712561581 
1.5534482475631608 0.06364472792726182 
1.5534642109521097 0.06343268061768453 
1.5534965870840831 0.06283116203366738 
1.5535312450145098 0.06212031883244768 
1.5535486357054076 0.06130310895363053 
1.5535555364205906 0.06115641572035647 
1.5535675801469147 0.060890190036693624 
1.5535396508573536 0.0607217608000683 
1.5535569580619542 0.06046587437820387 
1.553542952007855 0.060364503790541486 
1.5535786745035443 0.05993914434718119 
1.5536267123802974 0.059343431375100446 
1.553632871766688 0.05904400295185674 
1.553651492253014 0.05864532256282142 
1.5536653639762643 0.058219140029853164 
1.5536906201055836 0.05781189460339767 
1.5537033107205065 0.057568562425155526 
1.5537348027759175 0.05715350245507262 
1.5537289467218671 0.05692401668627146 
1.5537433540707295 0.05666146290367729 
1.553732244905011 0.056402102944969446 
1.5537319988766791 0.05618946814743776 
1.5537355306896918 0.056077306016019984 
1.5537578049519332 0.05583524752593497 
1.5537901504736338 0.05545020647066675 
1.5538087789946717 0.05504740241630036 
1.5538167149546618 0.05478244242631184 
1.5538197484669687 0.05433250845814603 
1.553826538037053 0.05414866129845475 
1.5538458734267733 0.054063640960680885 
1.5538656660867787 0.05371805898633858 
1.5538855228605006 0.05324827950048732 
1.553903833003054 0.05303087671216672 
1.5539094011231025 0.052850994915793495 
1.5539027869892825 0.052721685452971935 
1.553912352854226 0.052526271560495726 
1.5539180886542172 0.05222576821694241 
1.55392624124623 0.05198960908728043 
1.553938797723811 0.05167896426951898 
1.5539491981826399 0.051425517443273124 
1.553949099363586 0.051170459732905044 
1.553956558398099 0.050993115936858735 
1.5539735385803621 0.05065306918632774 
1.5539703045667699 0.05061636203818231 
1.5539785263646997 0.05050821700170857 
1.5539913222113615 0.05034216891322627 
1.5539850704541314 0.05014426498867051 
1.5539855507175662 0.04984181882562303 
1.5539837880248741 0.04975771942324517 
1.5539804578391527 0.04962131305110814 
1.553993663284768 0.04936364015734377 
1.5539972619203215 0.04910712274638953 
1.5540092225348723 0.0487308804744317 
1.5540282570880894 0.04853856269769791 
1.554030359013807 0.04850909009251844 
1.5540419720265144 0.04814422528503066 
1.5540465303709712 0.04789885850028611 
1.5540562734011465 0.04789950416051283 
1.5540460587900828 0.047818759331623245 
1.554052966861658 0.047586453188619135 
1.554065575435464 0.04735675264501669 
1.5540671536985384 0.047061783995094614 
1.5540734087586288 0.04681394041547601 
1.5540848720216123 0.046674583478176296 
1.5540925782787465 0.046490361172627254 
1.5540931418331938 0.04630163861030164 
1.5541028460025403 0.046095533140764935 
1.554105410630447 0.04580308184522421 
1.5541086728783844 0.045651047518090064 
1.5541221801834435 0.04542984084055653 
1.5541230523754002 0.04523966360884168 
1.5541386265376946 0.044959724677032006 
1.5541412317143957 0.044767642727692784 
1.5541501462535658 0.04458901623138402 
1.554153033276121 0.044494538414503515 
1.5541594075116085 0.044368948601155964 
1.5541736588202208 0.044138228451715965 
1.5541831833243764 0.04390180268129482 
1.5541927116230339 0.043743393535129065 
1.5542023891794285 0.04341538123117965 
1.5542088191697379 0.04311514775709648 
1.5542210153409168 0.04286823053390385 
1.5542167632122774 0.04273570370928573 
1.5542198187259417 0.042690651170111345 
1.5542325624654207 0.042492157209908336 
1.5542313860100414 0.04234722930349 
1.5542316520364945 0.042189510991025594 
1.5542335725571443 0.04196513635418693 
1.554242784811877 0.04166746193102412 
1.5542496793195757 0.04137631112822996 
1.5542541064590771 0.04129323572352224 
1.5542576934051464 0.04120312447225073 
1.554255301643632 0.041223652330131026 
1.5542567404296381 0.041086567423741185 
1.5542651500319118 0.0409609413877798 
1.554272576401552 0.040778457328195974 
1.5542832127216628 0.04060972689139762 
1.5542938505298753 0.04038865804883586 
1.554293306374472 0.04034268725767241 
1.5542969801437188 0.04027178897798997 
1.5542940792238094 0.040280378323674954 
1.554300503039109 0.04021741337595869 
1.5542999006259997 0.040263884874491715 
1.5543080444832496 0.0402667550720533 
1.554307285210769 0.040145231137791476 
1.554308234004863 0.04007144741177244 
1.5543230298268438 0.0399045988130515 
1.5543280928298733 0.03976461699168172 
1.5543372089886465 0.03959047595787452 
1.5543411564033043 0.03950437083014749 
1.5543445774319085 0.039475433763910765 
1.554345136814151 0.03948263057198836 
1.5543506319375602 0.03939455006403767 
1.554353341001293 0.0392739188492205 
1.554356890024048 0.039132281112571714 
1.5543540616561153 0.03916566931014102 
1.5543519225867806 0.039155350007123654 
1.5543482847960222 0.03919465621379569 
1.5543608669664029 0.03906144102171568 
1.5543683654789942 0.03891473784363374 
1.55437229137119 0.03877951642647532 
1.5543724696685934 0.03867046536120274 
1.5543749203561203 0.03857350190020494 
1.554380784648348 0.038525594320594506 
1.5543807344270535 0.03850044546660902 
1.5543885128348787 0.03846587047368285 
1.5543950651995895 0.03831541858640669 
1.5544007775293434 0.038115956215110255 
1.5544047169400959 0.03799305782728151 
1.5544100619818795 0.03790253854446996 
1.554417857349154 0.0377701170374329 
1.554421453267898 0.037718975165408515 
1.5544278591269922 0.037472132268939674 
1.5544312203980488 0.03734043995772029 
1.5544324180303013 0.037256382084684715 
1.5544354986318811 0.03725561588294607 
1.5544369194952428 0.03723386801709529 
1.5544376099880688 0.03723355072999327 
1.5544374998420583 0.037141272835272146 
1.5544406234204735 0.03699948034268673 
1.5544452027789 0.0368764372143829 
1.554449858764652 0.03670713641823214 
1.554452242449728 0.03662829257554264 
1.5544581108134183 0.03662278832271873 
1.5544613881894096 0.03652728456272865 
1.554460458525024 0.03652930355819289 
1.5544636763873974 0.0364720629495039 
1.5544652187152541 0.0364027446575402 
1.5544713398172663 0.03626937311853073 
1.5544751158700156 0.036213695508697595 
1.554477880637391 0.03612997921711424 
1.5544762951363589 0.036124736602104135 
1.554477204257405 0.03606413028523081 
1.5544800394635057 0.03592387210188255 
1.5544844623468095 0.03574670475006109 
1.554489700070015 0.03563159017646707 
1.5544932196703254 0.03544369102924836 
1.5544935825448238 0.03529585770494357 
1.5544961881235553 0.03522021374768081 
1.5544953928796799 0.0351877721189396 
1.5544967613763456 0.03512357874176792 
1.5545011200451084 0.03501146944614282 
1.5545019071634054 0.03492982983225008 
1.55450325209234 0.03484391214768348 
1.55450487869343 0.03479116337265373 
1.5545071478532042 0.03469357793751419 
1.5545067288687884 0.03471862703307849 
1.5545114567057985 0.0347050973209868 
1.5545103683794566 0.0346152733740111 
1.554511720575813 0.03444954942286233 
1.5545132254736655 0.03432197965260332 
1.554515771441948 0.03421664179633561 
1.5545138537236787 0.03418126042787764 
1.5545176673067924 0.03410154452151209 
1.554521902952538 0.03396262957563411 
1.5545226056294708 0.03380503501224851 
1.5545266884152364 0.03369689064244285 
1.5545294738677373 0.03352733527951061 
1.5545340412556514 0.03340244285783051 
1.5545318042112735 0.03334260975524102 
1.554534218126357 0.03324056743885521 
1.5545324933151337 0.03322030358172087 
1.554533181591503 0.0330983445383147 
1.554536835557715 0.033004329035419035 
1.5545390001958619 0.03292494937852017 
1.5545397338136724 0.03286472204179098 
1.5545415678141628 0.03279235239694621 
1.5545415127472444 0.03275252814608431 
1.5545397951080815 0.03271223783369614 
1.5545398013097411 0.03266911984714327 
1.5545410092556742 0.03263380956983423 
1.5545451355949844 0.03257176996494235 
1.554545308288399 0.03254450482191386 
1.554545367016952 0.0325512594601548 
1.5545448775223227 0.03253250532882835 
1.5545479560355122 0.03242983319851482 
1.5545502273999687 0.03241090931460117 
1.5545497381007585 0.0324239467803143 
1.5545496516585524 0.03237158611877267 
1.554547018130169 0.032374750442793344 
1.5545501109613686 0.032337653730396966 
1.554551750372331 0.03224876458992953 
1.5545505590712767 0.03220988842159403 
1.5545496917898867 0.032130657220689876 
1.5545508641446761 0.032055251990287 
1.5545527058875974 0.0319984436673943 
1.5545524479978579 0.03192464896676243 
1.5545519470408231 0.03186969183471358 
1.5545575759780101 0.03172105611786867 
1.554560545494254 0.031567154871577165 
1.5545594996599021 0.03149550632532608 
1.5545583381306098 0.031416764524292824 
1.5545593419963328 0.03136238585137649 
1.5545588237852885 0.03134838229296833 
1.5545596060063855 0.03132778880060652 
1.5545610610554255 0.03124732663132238 
1.5545621036602038 0.03112429550830926 
1.5545624211037403 0.03108804596875271 
1.5545613543395431 0.031080861436981664 
1.5545598055391812 0.03107263369865807 
1.554558303263631 0.03102061776902297 
1.554558727227219 0.030942809678346696 
1.5545586360014498 0.03088553470489971 
1.5545578509733982 0.030869397357389635 
1.5545572205548839 0.030909532472522743 
1.5545581307556542 0.03086808366267286 
1.55455955760896 0.03081867357802883 
1.554558851608753 0.030741026329991164 
1.5545622099539576 0.03063680999124577 
1.5545622716288807 0.03054176850584226 
1.5545658928926371 0.03047731187868741 
1.5545657005578883 0.03038173012548659 
1.554567331535739 0.030308648577758904 
1.5545705614951606 0.030196655478601675 
1.554571847215143 0.03010777547500898 
1.5545728810090524 0.030042198110192115 
1.5545727363302322 0.030025205094753024 
1.5545738853833482 0.02998969348443018 
1.554574718109292 0.029935261549991037 
1.5545771829172947 0.029896953124943247 
1.5545804578547797 0.029864727881844435 
1.5545812339346008 0.0298529747837074 
1.5545797898000822 0.029855033071318003 
1.5545818809728897 0.02980232035804429 
1.5545827944446247 0.029753455788184013 
1.5545833755520635 0.029685760805308267 
1.5545862846555196 0.02961848344850778 
1.5545882624954879 0.02954102524412417 
1.5545880045071838 0.029472309314854315 
1.5545890066173467 0.029569373151924292 
1.5545911589072687 0.029603615533619763 
1.5545931526504757 0.02951719672771204 
1.5545928251766405 0.029450231317287866 
1.5545928007533814 0.029420137525502835 
1.5545933235512868 0.02937070441285806 
1.554594993314901 0.029295137529307028 
1.5545967860482637 0.029216195655070065 
1.5545997909479639 0.029123706977549894 
1.554600770478961 0.029077605586603415 
1.5546025869106574 0.02901729798393024 
1.554603457078086 0.028905083338778684 
1.5546038619404672 0.028845338819004925 
1.5546056445709562 0.028803054317945248 
1.5546074555603182 0.028768570696302384 
1.554608435512111 0.028755604556258824 
1.554607557405766 0.02872287240068602 
1.5546086542971493 0.028633933144030274 
1.5546088066232662 0.0285934017010816 
1.5546086229390972 0.028562376861408865 
1.5546099755411062 0.028534610716145967 
1.5546108749956071 0.028469060387046483 
1.554612620518706 0.028391050695967757 
1.5546121403426065 0.02835902890580483 
1.554612620097376 0.028350769965729376 
1.5546137073871753 0.028266742981168085 
1.5546153724071872 0.0282078579107465 
1.5546179610360713 0.028120558267617096 
1.5546184066346058 0.028035609325264093 
1.5546169772144294 0.028037510239620596 
1.5546166535280248 0.028019216205280965 
1.5546163693067843 0.027953432725599348 
1.5546161496363167 0.027904991110980444 
1.5546184103154193 0.027851843276244157 
1.554619159357747 0.027850094843352054 
1.554620232609962 0.027786110033076773 
1.5546216587806505 0.027695635616943503 
1.5546216978321044 0.02763382329387376 
1.5546227531653727 0.02762278927061738 
1.5546232129241824 0.027592732631448784 
1.554624414310513 0.027521985360586136 
1.5546245040132096 0.027462494856695285 
1.5546240634080764 0.02747800765438081 
1.5546242551715943 0.027524783824513174 
1.554624919944674 0.02747947832558795 
1.5546248837190904 0.027442218901399335 
1.554626910598636 0.0273927946171705 
1.554628595897092 0.027363167570134347 
1.5546306402354966 0.027323744725141017 
1.5546298905082465 0.02730294748923267 
1.5546292227353542 0.02729358277343144 
1.554628682654745 0.02725390630505392 
1.5546275495274104 0.02723285694640683 
1.5546263264027036 0.027199824859869767 
1.5546263166798973 0.027211919841665717 
1.5546275307888218 0.027177255125067894 
1.554628749115155 0.02713416732315854 
1.554629012359329 0.027080412590931368 
1.5546314933686525 0.02698562532258181 
1.5546310273394448 0.02698021326046412 
1.5546310296644008 0.026984961726171923 
1.5546320993227678 0.026937510479904204 
1.5546317571090291 0.026898517349734 
1.5546334171461915 0.02684846828651569 
1.5546344416054556 0.026782280573206314 
1.554633251200848 0.026726021791249437 
1.55463553569703 0.02663778540460488 
1.554636667424763 0.026552257727631014 
1.5546393267376515 0.0265587874860361 
1.5546400680652965 0.026510535112157254 
1.5546421571305757 0.026409415729021096 
1.5546419700529532 0.02636105627841095 
1.5546433528700583 0.02633024491190619 
1.5546440841563833 0.02626889690487672 
1.5546452813987228 0.026266621410247968 
1.5546476541224308 0.02623911970480526 
1.5546457035956427 0.026215948991892588 
1.5546476970297338 0.02617248800094987 
1.5546503742891657 0.026100717050770425 
1.554652436746814 0.0260520345407149 
1.5546563323558633 0.025998267374198508 
1.5546568562203864 0.02597023105242898 
1.5546574096520085 0.025919337781497954 
1.55465774907855 0.0258563874481736 
1.55465921269111 0.025807161496515643 
1.5546608681899967 0.02575166849794651 
1.5546605344599298 0.025692362515918023 
1.5546620694990019 0.02564645225044223 
1.5546617447161033 0.0256410073718047 
1.5546622902194374 0.025613189688910513 
1.55466334903077 0.025577480130027083 
1.5546657595165292 0.025503980635519657 
1.5546659692026796 0.02547379427767677 
1.5546672945454558 0.02544560498315719 
1.55466853602772 0.025402079320604582 
1.5546681216084153 0.025359733499664652 
1.554667993224626 0.025369275554538877 
1.5546683453340502 0.02534104051147614 
1.5546686559462632 0.025306226594020816 
1.554669669642523 0.025284162790834147 
1.5546700230816373 0.025273077047743897 
1.5546719299903395 0.025212363915671564 
1.5546727441042523 0.02516128759923493 
1.5546743028710381 0.02510066372207033 
1.5546748363242646 0.02508593625149242 
1.5546753111655596 0.025079877973132592 
1.5546746958834754 0.025063960173178502 
1.5546741723539537 0.025066323780688623 
1.5546739094787796 0.025029336460932822 
1.5546733807902582 0.025068739900899247 
1.5546747529852343 0.025043638002966637 
1.5546744894494733 0.024974566825894155 
1.5546763855519763 0.02493056079707488 
1.554675744966683 0.02490539190733062 
1.5546764427224635 0.024865453811836042 
1.5546771086371045 0.02485626421743879 
1.5546769523253778 0.02484886312314162 
1.5546759998668307 0.02485859328989429 
1.5546752748749952 0.02491647172335424 
1.5546762565703207 0.024878226517795504 
1.554676967115513 0.024870357009755616 
1.554677905277279 0.024864171638610672 
1.5546784761740249 0.024838277800011497 
1.5546793148300273 0.024843877603304775 
1.5546808788052011 0.024809565492862888 
1.5546817443094492 0.024770097552565595 
1.5546826406437002 0.024724195838340002 
1.5546824709633067 0.024730075280517783 
1.5546818727224445 0.024727605215345123 
1.5546822045645443 0.024677996131069607 
1.5546832916492581 0.024613020673831535 
1.554683096121146 0.024612397616165207 
1.5546830274390777 0.024597610896682578 
1.5546840433688371 0.02454900030490547 
1.554684615905507 0.024549432688945404 
1.5546847205374126 0.024536986050260997 
1.5546846721609453 0.02453413295442846 
1.5546847177598073 0.02453743269418776 
1.5546855812505471 0.0245252614792688 
1.5546864712227508 0.02448214006467469 
1.55468811583792 0.024410836949758662 
1.5546887746648417 0.024355084313677045 
1.554688915277656 0.024306671263876995 
1.554688555409977 0.024285234636673078 
1.5546880050165364 0.024223415887521263 
1.554689231484585 0.0241680827651728 
1.5546905651965177 0.024143025632554906 
1.5546912929036105 0.024113257202275487 
1.5546905745670396 0.02409032718148656 
1.5546916714720302 0.024054492691133175 
1.5546928021912316 0.024020047050955767 
1.5546925066991273 0.023978262837019346 
1.5546933226921238 0.02394741621074022 
1.554693614713287 0.023908237578444128 
1.5546934356374573 0.023897499696822064 
1.5546940522345236 0.02387352413104184 
1.5546942589177033 0.023851171023873925 
1.5546941245584034 0.023852265189781053 
1.5546940601273955 0.02384206103608725 
1.554694054705967 0.023803888470841767 
1.5546948289653857 0.02380189625502921 
1.5546954279382537 0.023758810771379254 
1.554695551074943 0.023763699941470033 
1.5546958424243178 0.0237291099765189 
1.554696345048374 0.023697915913002666 
1.5546966644614342 0.023682260785558372 
1.5546975035283215 0.023645392242569327 
1.5546980339874243 0.023611101948385907 
1.5546983211649263 0.023584586699666232 
1.5546987201292322 0.023512878745639204 
1.5546996166870555 0.023467459358827773 
1.5547002618580206 0.023437413399907035 
1.5547012596774161 0.023397414703051733 
1.5547015605645622 0.02340998680847634 
1.5547013034407429 0.023363208233657416 
1.5547023039789623 0.023342333206389107 
1.554703072510823 0.023295731537420605 
1.5547033917816937 0.023258502315151815 
1.5547037686047263 0.023260938906671497 
1.5547052374543655 0.02320017916824847 
1.5547050418758517 0.023164581637483053 
1.554705765970013 0.02316311035687951 
1.554706675408125 0.023088073764555756 
1.554707520715869 0.023043003560889414 
1.5547076470466925 0.023033316083289013 
1.554706488398617 0.023059615693892043 
1.554706223207294 0.02308746255129092 
1.5547064944943205 0.023080557878658207 
1.5547064923948122 0.0230601247472268 
1.554706194356147 0.023067151930764123 
1.5547064009506708 0.023019855914985204 
1.5547068454434498 0.022984391231698327 
1.554707993053587 0.022957627856456483 
1.5547077382586938 0.022931754343604456 
1.5547074229908222 0.022934351603064583 
1.5547074715127964 0.02292917186642823 
1.5547074161970755 0.022938540761772326 
1.5547086574168283 0.022899936262741873 
1.5547086785495454 0.02290864296081914 
1.5547095762060739 0.022917403297047306 
1.5547097295214596 0.022878526653742078 
1.554709936052594 0.022869458074855638 
1.554711139748264 0.02280580636263653 
1.5547120249189257 0.02275908919573309 
1.5547121259246466 0.02269445556141902 
1.5547123063183308 0.022669805091039504 
1.5547116331268758 0.022653049634215616 
1.5547114792026748 0.022666654112359342 
1.5547119606698736 0.02262244195794325 
1.554711290224023 0.022633803363135783 
1.5547116506773273 0.02262807588993601 
1.5547128984668457 0.022584809354228675 
1.5547137307390477 0.02255380276767237 
1.5547138284187667 0.02254111983372767 
1.5547140605416494 0.02256791969630561 
1.5547132696729413 0.022588772998063878 
1.5547129371579949 0.022577054870661868 
1.554712675890976 0.022563402329406894 
1.5547128206334577 0.022539251683117184 
1.5547119905428388 0.022524937368666485 
1.5547126379688567 0.02250790745001334 
1.554713571175389 0.022501545415756295 
1.5547127566466254 0.022519802919164174 
1.554713848747395 0.022477224630463716 
1.5547142788225614 0.022418966704730342 
1.554714485392313 0.022395570876202812 
1.554714779588075 0.022358941779892363 
1.5547160240680626 0.02234881447986343 
1.554716935070824 0.022304695878190346 
1.5547168635488366 0.022298811634105818 
1.5547169718666145 0.02227602105180644 
1.5547162359383004 0.022289363315575343 
1.5547168565339455 0.022268802509810535 
1.554717146120742 0.02223644167256427 
1.5547172515621097 0.022258342863202444 
1.5547172734003916 0.02222902341132331 
1.5547176356080432 0.022210564898621287 
1.5547180023387068 0.022174202143681324 
1.5547181187989858 0.022132239108183443 
1.554718072215862 0.022140613658079303 
1.554719107742644 0.022107853366767304 
1.5547186858530506 0.022094444978130904 
1.5547197236547967 0.022069635148556723 
1.5547198790909076 0.022023467834411364 
1.554720813428551 0.022003662515079663 
1.5547207407752601 0.022005894021947532 
1.5547206572986185 0.021977753299632193 
1.5547209183978936 0.021975412301098826 
1.5547206862452003 0.022000781677041694 
1.5547203135373604 0.02201561835003827 
1.5547198981224772 0.02200588260969446 
1.5547199658042434 0.021990939109436832 
1.5547204228330396 0.021960520397507944 
1.5547211009105075 0.021945229091620843 
1.5547212321908548 0.021895173046668385 
1.5547212827026866 0.021873480226951868 
1.5547210812282362 0.021861406801214716 
1.5547221355876502 0.021851535341725535 
1.5547216192692541 0.021822806436210304 
1.5547213341611834 0.021788664305011154 
1.5547221284183161 0.02175179841566946 
1.5547217472714265 0.021736653622478255 
1.5547228243320315 0.021717707394079362 
1.5547217927333286 0.021737889399117503 
1.5547223280915992 0.021733298479530816 
1.5547222445448479 0.021703020560074907 
1.554722744715002 0.021662128536789275 
1.5547227555626186 0.02164250682148646 
1.5547231924575569 0.021643443307688554 
1.5547236174025592 0.021622493511680357 
1.5547247609044863 0.021605331245989522 
1.5547250758574693 0.02160348149871095 
1.5547254432011266 0.021578604889658584 
1.5547259815390377 0.02154542416485161 
1.554726620562625 0.0214964974724625 
1.5547274022111761 0.02145014406799674 
1.5547277341430303 0.021426866989487134 
1.554727537641532 0.02142105023160695 
1.5547281991119744 0.02139455379616003 
1.554728288744513 0.0213732823409769 
1.5547279814144916 0.021389362825773972 
1.5547282947722716 0.02136173457756836 
1.5547285835228 0.021349797894731744 
1.5547282755619443 0.021344697632359064 
1.5547280537720929 0.0213361564010621 
1.5547281097056744 0.021323836235395934 
1.554728202787422 0.021328425739048588 
1.5547285255263052 0.021323940569367098 
1.5547281732926932 0.021296116701317692 
1.5547286256450707 0.02127617984263866 
1.5547280122159832 0.021316170747155194 
1.5547269627266795 0.02133894937698627 
1.5547280686124858 0.021321786626835135 
1.5547289176230474 0.021288991538558247 
1.5547286144244774 0.021266445644667956 
1.554729820300407 0.021245506250404163 
1.5547299810405917 0.02123904856012996 
1.5547300268819197 0.02123985723469117 
1.5547311566321245 0.021203468451070955 
1.554730910441492 0.02118175079655047 
1.5547303932216145 0.021179441122765423 
1.5547308590247182 0.021160069730788822 
1.554730765956627 0.021145179724319323 
1.5547314222524817 0.02110486119641325 
1.5547312548224965 0.021075342550508046 
1.5547307430178627 0.021083482041529794 
1.5547307869341849 0.021080212934868132 
1.5547309504410374 0.02109729843383038 
1.5547315725369948 0.02107435804761301 
1.5547318934891683 0.021042169231663 
1.5547320716562434 0.021032216578558034 
1.5547318178248741 0.02103561953883074 
1.554731717602738 0.0210228536040234 
1.554732243516306 0.02100308133552788 
1.554732348963054 0.02098641593084835 
1.5547326393235603 0.02095322260354798 
1.5547324177967847 0.020946817459300552 
1.5547326928639187 0.020920849787550728 
1.5547332872040525 0.020890386367364337 
1.5547339801088187 0.020855352533003788 
1.5547348492918764 0.02081254022752467 
1.5547355911887148 0.020790286061533887 
1.5547365765979997 0.0207468149797614 
1.5547366851675408 0.020698962166094244 
1.5547372390584542 0.020675233909639622 
1.554737455208802 0.020664270504385046 
1.5547366899129564 0.020640413157447572 
1.5547353142665956 0.02066015008762477 
1.5547351607334616 0.02063615789124797 
1.5547357126933015 0.02061273011677072 
1.5547352045497147 0.02061054973206001 
1.5547351584294502 0.02060290718590068 
1.5547347892453454 0.020589049070336957 
1.554735331472388 0.020582633938922557 
1.5547358573637329 0.020574747054833996 
1.5547368977266276 0.02053619186611281 
1.5547374003376935 0.020518679823903624 
1.5547372987310548 0.020501095288645473 
1.5547373706196776 0.02049403935904674 
1.5547372041462815 0.02047618689789256 
1.5547375434609718 0.020443757358728363 
1.5547378784727135 0.020434657403128886 
1.5547388229956682 0.02041143454654939 
1.5547389119698631 0.020404836940514155 
1.5547396893073657 0.020399542871139265 
1.5547392652089373 0.020395873149140233 
1.5547386315695615 0.020411318763576287 
1.5547387568104956 0.020398495242399093 
1.5547387845606655 0.02037479187878311 
1.5547395420428307 0.02035470714979629 
1.554740303830016 0.02035758813714526 
1.554740438741982 0.020341582180133908 
1.554740921776148 0.02032113935321417 
1.5547413543894117 0.020302920341646394 
1.554742153650002 0.020259761315506546 
1.5547422542338059 0.020238685051507495 
1.5547420523868616 0.02023934073912123 
1.5547419206656892 0.02021603262491762 
1.554741920074664 0.020209493724493873 
1.5547417596388715 0.020204378396954752 
1.5547421468755178 0.020180071245314207 
1.5547420066680737 0.02015868846423717 
1.5547419331783854 0.020140213019167314 
1.554741636377796 0.020109558160532583 
1.5547411953970092 0.020101166582353818 
1.5547405762276323 0.02010925374540615 
1.5547401974839927 0.020100252586802873 
1.554740533416014 0.02006097408419946 
1.554740242265432 0.02006868235524436 
1.5547405875032647 0.02005819356903289 
1.5547403205026702 0.02003615136594386 
1.5547411146250716 0.020017345285081627 
1.5547415720807456 0.020009978641886583 
1.5547418647352282 0.019985901864409517 
1.5547429692072934 0.019932660338394945 
1.554742740200046 0.019911018614509193 
1.5547429634782421 0.01989605530018674 
1.5547435660403766 0.01988170528579626 
1.5547431343161864 0.01990989371653243 
1.5547431797522144 0.019900709983666987 
1.5547435558018012 0.019898384096364168 
1.554744130763604 0.01986944299223628 
1.5547446212823302 0.019841516220763352 
1.5547455225297182 0.019825202800335565 
1.5547458629304194 0.01979575587991139 
1.5547464444682704 0.019771954076695433 
1.5547467300482463 0.019760562100915688 
1.5547462545433655 0.019770064520691667 
1.5547461480300109 0.01977261951628453 
1.5547461780981302 0.01978633783002736 
1.5547465417624744 0.01978032485773019 
1.5547473565583763 0.019736656091852448 
1.5547477814629482 0.019716096228137074 
1.5547480014429094 0.019708186834262124 
1.5547477665449674 0.01972124458501337 
1.5547473920643455 0.019721997694060054 
1.5547478845119538 0.019725894518048445 
1.5547477543362722 0.019702281999977964 
1.5547475058430678 0.019682670713973862 
1.5547467531253063 0.01967299343009969 
1.5547468830533657 0.019639437273151462 
1.5547471896072462 0.01962955373701269 
1.554747452753514 0.019620922138944553 
1.5547473271831909 0.019613026668598176 
1.5547475877484527 0.01961396114619634 
1.5547479954786811 0.0196037473267897 
1.5547481414472788 0.01959681879959131 
1.5547476032321468 0.019598860006189253 
1.5547470591026447 0.019594015091514178 
1.55474696174513 0.019568233759036272 
1.5547473369403968 0.019551326006502983 
1.5547482657524097 0.019514662506996464 
1.5547482429358725 0.019506524889922567 
1.554748562464327 0.019500071685459166 
1.5547484541882817 0.01949443258259032 
1.5547488061363768 0.019474564639629842 
1.554748809612814 0.01945089083022779 
1.5547490925807577 0.019441410310007186 
1.5547485167711916 0.01942912307106161 
1.5547493949761628 0.019406886944748607 
1.5547493150475387 0.019405333662189553 
1.5547491388692227 0.01940842048895584 
1.554749754585841 0.019384898671888525 
1.5547495336266128 0.019364232278108736 
1.5547491995404146 0.01936999698532215 
1.5547496982382902 0.019356728478620494 
1.554749941605653 0.01934365025219192 
1.5547503366318074 0.019330261751793875 
1.5547506614330548 0.019325685340193022 
1.554750557773858 0.019309485408120813 
1.5547503806369773 0.019282790143000172 
1.554750190409741 0.019277664139211278 
1.5547503401975657 0.019252697273149568 
1.5547507723867593 0.019216097349476817 
1.5547509425343187 0.01920923319066075 
1.554750820523083 0.019196683766203433 
1.5547512885497385 0.019178143797698163 
1.5547512511706145 0.01916155151623467 
1.5547520299187976 0.019117809145144698 
1.5547517669255433 0.0190824936895243 
1.554751661902576 0.01907455717143299 
1.5547517515847826 0.019053990772281777 
1.5547515294786183 0.019053544566418272 
1.5547516533219603 0.01903350379568835 
1.5547520839791003 0.018999745901841447 
1.554752113817621 0.018973712398459436 
1.5547521484070865 0.01894013625666781 
1.5547520734925822 0.01891935506049805 
1.5547520001968376 0.018897264104754813 
1.554751961387027 0.018900924033373765 
1.5547525531842545 0.01888793575556523 
1.5547531285767322 0.018866955173580793 
1.554753186176817 0.018846830142262298 
1.5547530606493487 0.018855568373726365 
1.5547531488907227 0.01883955718429325 
1.5547524933524575 0.018848114401380605 
1.5547527133183403 0.01884330702444097 
1.5547527255658564 0.018832463199541547 
1.554753044768199 0.018829954798538003 
1.5547531297560635 0.01881716575494058 
1.5547538058735597 0.01880039140794416 
1.554754140645726 0.018759373005292165 
1.5547542093821778 0.018738004566818085 
1.5547548496410164 0.01870610382107842 
1.554755335672693 0.018681460148956615 
1.5547557089727997 0.01868206154768834 
1.554756823006834 0.018657803271215054 
1.5547564510297638 0.01863660625239096 
1.5547560246661654 0.01865082908000947 
1.5547557635609592 0.018632128621922085 
1.554755766783409 0.018613931478541623 
1.5547562034448335 0.01859487265243526 
1.554756584997352 0.018583068259984008 
1.5547568309107633 0.01857246507034847 
1.554757191102533 0.01854242911203409 
1.554756424272962 0.018503472512886542 
1.5547565851215244 0.018503227825006345 
1.5547571998264567 0.018486114621492446 
1.5547575637262359 0.01844377218690699 
1.5547581408508477 0.018405691377742252 
1.5547578828701614 0.018404563988864402 
1.5547581720057086 0.01839062802722421 
1.5547586373080715 0.018376001864191988 
1.5547586568144425 0.01837224784425403 
1.554758714822227 0.01835696978060127 
1.5547587243619112 0.018326321087252708 
1.554759065030577 0.01832387090459994 
1.5547595202747435 0.018290740387708844 
1.5547597772688075 0.018290237390761226 
1.5547595151945208 0.018276878693949398 
1.5547598106807448 0.01825710894207214 
1.5547600474537846 0.018245168407329426 
1.5547600195812057 0.018254135590719357 
1.5547594785034713 0.01828557311819838 
1.554759676843144 0.018286824838860856 
1.554760494781557 0.018253704292309186 
1.554760512033787 0.018238585491133552 
1.5547604843433809 0.01822828229751316 
1.5547601138660765 0.01825256715705056 
1.5547600557372665 0.018237929521752773 
1.5547600442581397 0.0182225991855432 
1.5547605773768545 0.018213848578961547 
1.554760798639752 0.01820258760780417 
1.554760452241126 0.01820708504868979 
1.5547602585584015 0.018207214537592456 
1.554760906977972 0.018188891857255956 
1.554761313191249 0.018163502388304806 
1.554761066412185 0.01814874250081638 
1.5547611951680775 0.018137599866680433 
1.554761121414105 0.01811829077212226 
1.5547608862953803 0.018118181110043256 
1.5547608345338229 0.01812443647259654 
1.5547609401520166 0.018113987430537555 
1.5547608591237652 0.01809712732160154 
1.5547605812347887 0.018104061616809428 
1.5547606166422838 0.018102190188953874 
1.5547607520500093 0.018089578334194306 
1.554760436675955 0.01808330903387382 
1.554760820077563 0.01808484644906734 
1.5547609834866842 0.018074696159198038 
1.5547614628064887 0.018051230081316188 
1.5547614609877976 0.018045138168927728 
1.5547618112305532 0.018034147628007643 
1.554761720635244 0.018019973560378003 
1.5547622393345666 0.01802157547450916 
1.5547621825825082 0.018020266249636364 
1.554762103824105 0.01800981518087852 
1.5547616900126593 0.017993924482540325 
1.5547614009838067 0.017981303152777427 
1.5547612138962847 0.017975595766434795 
1.5547615910385093 0.017963218391675122 
1.5547619104156176 0.017958927047025026 
1.5547622233281233 0.01797036532193971 
1.5547618534106695 0.017976566386276815 
1.5547618498506874 0.017975377839152044 
1.5547619089398685 0.017953778262215222 
1.5547622397985448 0.017936944635330382 
1.5547624854843833 0.017907906025458536 
1.5547622762040045 0.017894858861682097 
1.554762354571022 0.017865932389536522 
1.5547627234890722 0.01783483232346712 
1.5547625881919125 0.017815529336819683 
1.5547622909777201 0.017803367169380205 
1.5547619504630412 0.017816856213632902 
1.5547626199420865 0.01781384820745658 
1.5547631866657887 0.017784641554852224 
1.5547629186315002 0.017767637438361433 
1.5547629501761766 0.017767782246777008 
1.5547632961414708 0.017755490197578477 
1.5547635245639349 0.017736194952453464 
1.5547629923550492 0.017729938083313704 
1.5547626640389953 0.017739233696125598 
1.5547631625904104 0.017716301572206012 
1.5547631948569314 0.017698247652619497 
1.5547637576771602 0.017687253402566668 
1.5547643440144903 0.017643486976055642 
1.5547645263992538 0.017625009747712264 
1.5547649933594037 0.01761370257858012 
1.5547655097299649 0.0175932191570035 
1.5547654030270308 0.017577009963988383 
1.5547656195247859 0.017557687119979633 
1.5547652993353476 0.01754694359480227 
1.5547651270917848 0.017557254255789356 
1.5547649955919531 0.017550483028232568 
1.5547648149269406 0.017544591384647274 
1.5547650435206346 0.01752585582548691 
1.5547652824017895 0.017505078910998454 
1.5547654253837113 0.017483620893827708 
1.5547654499958259 0.017465444611737463 
1.5547653136872204 0.01746333802862482 
1.5547658476839006 0.01744505108208289 
1.5547661267725457 0.017413852144211216 
1.5547663374757605 0.017402050768797157 
1.5547668498357905 0.017386003816646085 
1.5547668332903897 0.01737797268212395 
1.5547666522465544 0.017374167986592155 
1.5547666642466627 0.017381641222676693 
1.5547661812726652 0.017379949891950856 
1.5547661810755917 0.01738421445641766 
1.5547659568267935 0.017382733756821752 
1.5547658004535692 0.017383075905429902 
1.5547660728045165 0.017372612783304073 
1.5547664144888977 0.01735740227449751 
1.5547667551239737 0.0173591091608073 
1.554766771770504 0.017366231910241812 
1.5547670590441327 0.017344144143569558 
1.5547673754792477 0.01732171712262009 
1.5547676391849568 0.01729746074729395 
1.5547678166032728 0.017290910793626317 
1.5547680831747268 0.01727029472576225 
1.5547685166289174 0.017247492718750847 
1.5547687306110032 0.01723085053038744 
1.5547689500552866 0.017228613543399007 
1.5547691134841586 0.017224705779225073 
1.554769719277593 0.017203011738828086 
1.5547698253851798 0.01717922431085702 
1.5547700212392819 0.01716076253508972 
1.554769687954715 0.0171494082770942 
1.5547697569560959 0.01713428652995705 
1.5547697161044816 0.017141420529086664 
1.5547697297004943 0.017138918822021208 
1.554770330902091 0.01710626450375254 
1.5547702544894437 0.017093141436640653 
1.5547702814982387 0.01708937257959187 
1.5547700286981694 0.017087701281682004 
1.5547701570871404 0.017085586339208054 
1.5547700565146065 0.017090168082889757 
1.5547702647792019 0.017083619852934016 
1.5547700629422974 0.017097744263844073 
1.5547697986962208 0.01710281563052734 
1.5547694433929609 0.017112030455858265 
1.5547692649552365 0.01710997279371939 
1.5547690121082671 0.017105740485074964 
1.5547690340261968 0.017102060797011726 
1.554768549021131 0.01709748219462461 
1.5547682953502961 0.01709905656102144 
1.5547688223894778 0.017080596939234027 
1.5547694432620345 0.01704810876196233 
1.55476976072549 0.017039385635817098 
1.5547696612191872 0.017029991795908844 
1.5547695214185073 0.017023056464507184 
1.5547696069711936 0.017014860614650882 
1.5547700956454822 0.017014975794936965 
1.5547704336715789 0.01699929619607285 
1.5547704470053187 0.016993858844659145 
1.554770780075356 0.016984310216803966 
1.5547710437812041 0.016965266934124826 
1.5547711282373236 0.016961734094144983 
1.5547711273779397 0.01695766627265614 
1.5547716125731343 0.016935192478774338 
1.5547718925712029 0.016925501476439394 
1.5547717239685483 0.01690916065113375 
1.554772105711921 0.016919816463206287 
1.5547719546331331 0.01691802401838481 
1.554772331673613 0.016907078162739186 
1.554772647519166 0.01688697970817044 
1.5547728237942027 0.016881806774876496 
1.554772920300424 0.0168708767736502 
1.5547724509967287 0.01687602510811385 
1.554772245765673 0.016876004253371595 
1.5547720348718486 0.016872133988871975 
1.5547723924101806 0.016867122502788077 
1.5547726189917674 0.016860482829076102 
1.5547726023314001 0.016862718765831536 
1.5547723250187329 0.016870324996990777 
1.5547727071216308 0.016873894167675912 
1.5547725355837672 0.016859642142511996 
1.554772559681327 0.016855348427537026 
1.5547724942056673 0.016860421328075772 
1.5547724218832504 0.01687239896243233 
1.5547720550123263 0.01687805951560801 
1.5547722577740581 0.016870943921348545 
1.554772153281438 0.016867336613673883 
1.5547724306692134 0.016853732378452686 
1.5547725658890632 0.01684791564267562 
1.554772805410023 0.01681662814500533 
1.5547731606291373 0.016796543300478854 
1.55477294813298 0.016788861829482242 
1.554772866264987 0.0167937354091709 
1.5547728186062675 0.016792264694939305 
1.5547730470451195 0.01677509952215882 
1.5547729113040452 0.016758757066555906 
1.5547734610793404 0.016753996577279606 
1.554773527698322 0.016741296481115824 
1.5547731505045042 0.016733557016507243 
1.55477333288662 0.01671173272680104 
1.5547735380700534 0.016684620204939517 
1.5547734030737292 0.016691225706265862 
1.5547730341148955 0.0167026370111158 
1.55477303054663 0.016701363570478394 
1.5547727443203796 0.016700004251612197 
1.554772541001273 0.01669124994441861 
1.5547721021709768 0.016703734779552344 
1.5547721275886788 0.016707992918300503 
1.554772113098823 0.016708455933169282 
1.5547723118793946 0.016702351460358377 
1.5547724113336383 0.01669234425286218 
1.5547724933104508 0.01666884766112452 
1.5547730207358679 0.016656787017507845 
1.5547731466148413 0.01664493562698684 
1.5547732854355107 0.01661954201432869 
1.5547736611170568 0.016589538379702094 
1.5547740303757964 0.01655369027577254 
1.5547744606491156 0.016532702121895053 
1.5547741487080429 0.01653639167768467 
1.554774615819888 0.016547089454975995 
1.5547749989636834 0.016540627053478803 
1.554775057277906 0.01654291217893204 
1.554774990395911 0.016536614705237058 
1.554774761824578 0.016531609317911304 
1.5547746550783312 0.01652118907469646 
1.5547754231608861 0.016492070613315646 
1.5547759146099576 0.016458771763260834 
1.554775703429157 0.01646092621190654 
1.5547756247100262 0.016453284835129624 
1.554775840703829 0.016440889259927358 
1.5547756614352006 0.016451816798289207 
