0.0 0.8252784698152701 1.6094379124341005 
0.0 1.1822952787898118 1.5870215079757923 
0.0 1.306037073589272 1.5991905313585155 
0.0 1.3395036263285367 1.604482197530219 
0.0 1.355735907135695 1.6073681711615604 
0.0 1.3684096687620035 1.6085872897942188 
0.0 1.3772723138346086 1.6084604718390818 
0.0 1.3776992164683717 1.6086888121303076 
0.0 1.3752536541205156 1.6084383031859861 
0.0 1.376782296920287 1.6077145043336434 
0.0 1.3763443938675566 1.605477728765796 
0.0 1.3739878077851022 1.6026373725538001 
0.0 1.3732379994361787 1.6011933862174508 
0.0 1.372895814247328 1.601131604648248 
0.0 1.3741023748829142 1.6004623629063766 
0.0 1.3722684433972865 1.6001540784662782 
0.0 1.3674581132725017 1.5993257833327579 
0.0 1.3647823922222735 1.5980706116816266 
0.0 1.3640259712006229 1.5979111354028273 
0.0 1.359426909831421 1.5964870349302795 
0.0 1.357690918324564 1.5955031484254865 
0.0 1.3579751517412297 1.595102483964496 
0.0 1.3571034093756127 1.5949766535363814 
0.0 1.356902584670213 1.5941848507312582 
0.0 1.355866579500449 1.5936373443889267 
0.0 1.355884596884877 1.5927560606108186 
0.0 1.356217610361884 1.592300704163692 
0.0 1.3559154785467133 1.5924063372985966 
0.0 1.3543334577943438 1.5917948317663835 
0.0 1.3533635772544992 1.5914900404802717 
0.0 1.3527556745989955 1.5909129118371492 
0.0 1.3533444532759575 1.590641622344483 
0.0 1.3527560496767523 1.590657421767101 
0.0 1.351975030260424 1.5904307879701098 
0.0 1.3522637759677134 1.5903134350965566 
0.0 1.3496468268317658 1.5902847101572557 
0.0 1.3495091939930712 1.5896609010019258 
0.0 1.3496290103275221 1.5900936124434062 
0.0 1.3470058768368618 1.5897592679121568 
0.0 1.3438528943595394 1.589550839479211 
0.0 1.3416321238998907 1.5889237057386598 
0.0 1.3389939360871033 1.5885698756839752 
0.0 1.336183057262462 1.5879600269106018 
0.0 1.3333964254946158 1.5873503974979242 
0.0 1.330750770387697 1.586705523749473 
0.0 1.3278596353201262 1.5863131244437132 
0.0 1.3261588556385295 1.585500159473929 
0.0 1.3238436521473453 1.5853915360720352 
0.0 1.3214744829322842 1.585034408123991 
0.0 1.3194654221779876 1.5843613909765726 
0.0 1.3173533864204676 1.5839799029044186 
0.0 1.314902931711981 1.5833071766209823 
0.0 1.3127431391712667 1.5828407419578354 
0.0 1.3103888940621298 1.5823065171108677 
0.0 1.3079552490992028 1.581698781286701 
0.0 1.3055999042765007 1.581146578458564 
0.0 1.303350077353839 1.580354609366472 
0.0 1.3015876589864643 1.579729638868304 
0.0 1.2996007147108433 1.5790891658308004 
0.0 1.2976122178431866 1.5785573167592153 
0.0 1.2956606915367899 1.5780327903657272 
0.0 1.293971503512154 1.5772538923372101 
0.0 1.2921775761062995 1.5765780069323247 
0.0 1.290299424543242 1.5759869442349916 
0.0 1.2882317315896845 1.575028534047115 
0.0 1.2861713223665119 1.574113825424986 
0.0 1.2842475902525472 1.5731927752359025 
0.0 1.2823565178101972 1.5723999815526757 
0.0 1.2804945857465928 1.572041519794962 
0.0 1.2788190855953356 1.5726383127245227 
0.0 1.2770860907271544 1.5745440502933992 
0.0 1.2752478610454714 1.5760300084661207 
0.0 1.2732911133448281 1.5774424581647164 
0.0 1.271501563628355 1.5775352028513823 
0.0 1.2697473015685528 1.5794050492856864 
0.0 1.2680510174831057 1.5796914893379645 
0.0 1.2664184097996423 1.5810375799171186 
0.0 1.2649417595138666 1.582029150781035 
0.0 1.2634086744430522 1.582060801748167 
0.0 1.2617756780549676 1.5821177875751715 
0.0 1.2602509325142048 1.5822104487024056 
0.0 1.2585994747376794 1.5831840232511387 
0.0 1.256788221265929 1.5844533507160448 
0.0 1.255451359246896 1.5842530965493602 
0.0 1.2541672540658624 1.5852765497268753 
0.0 1.2527543749013543 1.585136871137378 
0.0 1.2516041133663287 1.5852878793926524 
0.0 1.2503174601227265 1.586123951168549 
0.0 1.2487962686033465 1.5860393214989412 
0.0 1.2473089984377197 1.5858549912439126 
0.0 1.2458572122122995 1.5865272759368865 
0.0 1.2444463882155763 1.5871201246456577 
0.0 1.2429047092195977 1.5878875841354216 
0.0 1.2416297321331142 1.5878146932235297 
0.0 1.2406225630225896 1.5885020341864289 
0.0 1.2400638892239901 1.588398033895865 
0.0 1.2396681736351445 1.5893063657101651 
0.0 1.2386080703822864 1.5893454363498352 
0.0 1.237259187164651 1.5891381880813453 
0.0 1.2358444835382045 1.5895025636427733 
0.0 1.2347419107162734 1.5901548495710707 
0.0 1.2335863045407383 1.5900921201287608 
0.0 1.2323300767597467 1.5898819250301137 
0.0 1.2313565921458736 1.5895759831406726 
0.0 1.2303046937097675 1.5899381054325583 
0.0 1.2290907358225007 1.590479196390611 
0.0 1.227893354363533 1.5903145430393075 
0.0 1.2267926750543408 1.5905723734437207 
0.0 1.225753696868179 1.590145362661422 
0.0 1.2245254157742353 1.5904739648186026 
0.0 1.2234083516525784 1.59061917627821 
0.0 1.2222718517406388 1.5900914742279155 
0.0 1.2213691068560388 1.589582770246566 
0.0 1.22024033000844 1.5897893810495596 
0.0 1.2190228423406446 1.5898665607344968 
0.0 1.2177904308399283 1.5894822876156527 
0.0 1.2168863468246325 1.5897759059599792 
0.0 1.2157822976249912 1.589297990203292 
0.0 1.214761804330954 1.5889447408940973 
0.0 1.213632397597623 1.5891167174711027 
0.0 1.2126008194214815 1.5886832826511799 
0.0 1.2115592168565426 1.58893045150314 
0.0 1.2105449971990305 1.5884997330169157 
0.0 1.2094949472091288 1.5881722057612293 
0.0 1.208587732574939 1.5883792575153335 
0.0 1.2075709807789026 1.5884999373933297 
0.0 1.2065576741485684 1.5879978403324768 
0.0 1.2056367809953905 1.588171291809352 
0.0 1.2048193833145993 1.5879248267632002 
0.0 1.203873831531587 1.587585768883761 
0.0 1.2027769370284949 1.5877054157590063 
0.0 1.2017362634348667 1.5875486526256894 
0.0 1.2007512380191951 1.5873543560827692 
0.0 1.199773502999278 1.5870698083033221 
0.0 1.1989261170425403 1.5865905313934896 
0.0 1.1980981666662753 1.5859772665795526 
0.0 1.1972710302427247 1.585585857017562 
0.0 1.1965570515721404 1.585092514367132 
0.0 1.1956441489105223 1.5846184194483193 
0.0 1.1948558012458248 1.5841438376787884 
0.0 1.1940321957337394 1.5837976484615128 
0.0 1.1931999839904552 1.5839472424683227 
0.0 1.1922959318993078 1.583538290214999 
0.0 1.191465263777899 1.5828869880399177 
0.0 1.1910319797951265 1.5825220445695798 
0.0 1.190630306383253 1.5827185170843487 
0.0 1.189978511684749 1.5822757277798665 
0.0 1.1891232234414875 1.5817871221642583 
0.0 1.1884213185068286 1.5813596525179296 
0.0 1.187693773950115 1.5815091206007956 
0.0 1.1868270795657818 1.581005941835305 
0.0 1.1861258582683751 1.5803688906663516 
0.0 1.1853762814754307 1.5803976142970677 
0.0 1.184682215472952 1.5801963634534757 
0.0 1.184098136090439 1.5804479073016502 
0.0 1.1835241093158066 1.5806204145460407 
0.0 1.1827816284287886 1.5802008427822742 
0.0 1.1820547973294424 1.5795840684769868 
0.0 1.1812543785109282 1.5796025024700058 
0.0 1.180554791419569 1.5791743128515667 
0.0 1.1798117877153107 1.5793449570598397 
0.0 1.179129379422773 1.5787033841832312 
0.0 1.1786414185943697 1.5783819231029144 
0.0 1.1779482390858236 1.5785653229332288 
0.0 1.1772556770253242 1.5780676186966867 
0.0 1.1765616298440966 1.5782604809022716 
0.0 1.1760032781051393 1.5779050270948407 
0.0 1.1753938421855934 1.5775363839395582 
0.0 1.1747938577927082 1.5771035353121035 
0.0 1.1741775303682596 1.5772863816353322 
0.0 1.1736206778599618 1.5767343106513851 
0.0 1.1730458709930032 1.5761080776009688 
0.0 1.1723890123452554 1.5762764964268072 
0.0 1.171746921027408 1.5758658677968744 
0.0 1.1710795908064702 1.5759366672042718 
0.0 1.1703504297008782 1.5754666312786911 
0.0 1.1697567183802187 1.5751419551216972 
0.0 1.1691020255284041 1.5753105378742527 
0.0 1.168471620555461 1.5745910999425798 
0.0 1.1678343980670658 1.5747869200513793 
0.0 1.1671473734699667 1.5744314836176887 
0.0 1.166520854386504 1.5738655719256498 
0.0 1.1661618134283012 1.5734396478811314 
0.0 1.1659140641813044 1.5735086571965062 
0.0 1.1655128767827618 1.5736108096029888 
0.0 1.1650110156584281 1.5732212311292186 
0.0 1.1644524775359617 1.5734596543041732 
0.0 1.1639620245463407 1.573510146587012 
0.0 1.1634862620005606 1.5728339248846517 
0.0 1.1629485048854586 1.5724767064844851 
0.0 1.1623980378473655 1.5725519292467238 
0.0 1.1619145607304697 1.5726820065431788 
0.0 1.1613742040340893 1.5729155032813071 
0.0 1.1607743265545003 1.5725157334884947 
0.0 1.1601722034191402 1.5720623274845014 
0.0 1.1596373150031234 1.5728206400696647 
0.0 1.1590562076561615 1.573586912109826 
0.0 1.1584931507867875 1.5742662060385482 
0.0 1.157921501049098 1.573798658361634 
0.0 1.1573908658163141 1.5744381383843027 
0.0 1.1568655393110996 1.5738932059163973 
0.0 1.1563530722315356 1.5733680778635084 
0.0 1.1557482703911572 1.5739331236387872 
0.0 1.1555314638875749 1.5746060486020839 
0.0 1.155124046528286 1.5740700711679092 
0.0 1.1546603795458115 1.573595741527722 
0.0 1.1541251298411876 1.5730466274640995 
0.0 1.1535953353979693 1.5727655881873548 
0.0 1.1531296698655102 1.5734061389688532 
0.0 1.1526155285740063 1.5729162865247723 
0.0 1.1521165049735875 1.5734262777451151 
0.0 1.1515525012699461 1.5729713729364518 
0.0 1.151557936864771 1.5727024177905993 
0.0 1.1516606608063422 1.5723959178598825 
0.0 1.1515005156535731 1.5731694657368631 
0.0 1.1509680665716677 1.572752515033634 
0.0 1.1505282459198098 1.5733382971468848 
0.0 1.1499624674812103 1.572857227247122 
0.0 1.1495091392146797 1.5734731112831561 
0.0 1.1494089497622308 1.573259151177828 
0.0 1.149489077177375 1.5737126018735998 
0.0 1.1492321692534717 1.5734242973393127 
0.0 1.148894000076823 1.5739637253526055 
0.0 1.1484707206262013 1.5735799537096324 
0.0 1.1480310856252354 1.5732530584684028 
0.0 1.1476575472822865 1.5738018578808415 
0.0 1.1473829559992883 1.5733819012873878 
0.0 1.1469888536169046 1.573906406898556 
0.0 1.1470529752875462 1.573578204040566 
0.0 1.1471035468863255 1.5733288633470006 
0.0 1.147175938955558 1.5738708182846406 
0.0 1.1474521284158392 1.5735772865986388 
0.0 1.1474404199908868 1.5740521910828966 
0.0 1.1471303864918372 1.5745075899759016 
0.0 1.1466856442441278 1.5740983063746865 
0.0 1.1462611306008226 1.5744966827426232 
0.0 1.1459718624901059 1.5741505890416279 
0.0 1.145581163089191 1.5739008834642272 
0.0 1.145165455629769 1.5743847971831517 
0.0 1.1449320855220708 1.5739979544564062 
0.0 1.1447392289102827 1.5735899244185967 
0.0 1.1443804098291925 1.57394320605637 
0.0 1.1439670103904194 1.57347607643168 
0.0 1.1439752377290686 1.5732373177329584 
0.0 1.1438209651320583 1.573747157472517 
0.0 1.1435173414532585 1.5734918755039733 
0.0 1.1432775815762453 1.5739094790103245 
0.0 1.1429261903603047 1.5734600064411988 
0.0 1.1426556277023212 1.5732306836132537 
0.0 1.1423493649958478 1.572773386791225 
0.0 1.1419591564075298 1.572435447500666 
0.0 1.1415735071033564 1.572067213842387 
0.0 1.1412244493960337 1.5725217160369565 
0.0 1.1408715035700505 1.5721840401106593 
0.0 1.1405121106171157 1.5717559070965115 
0.0 1.1400899683860215 1.5721317596809437 
0.0 1.1397893369597596 1.5717480523475793 
0.0 1.1394972978774913 1.572145700087305 
0.0 1.1391363654030815 1.5725789047371128 
0.0 1.138760288663146 1.5722963791817246 
0.0 1.138336837941662 1.571902998056847 
0.0 1.1379797557107094 1.5715893674345045 
0.0 1.1375360540516295 1.5713142196199987 
0.0 1.1373432687775404 1.5710196176131315 
0.0 1.1372384295183822 1.570687530578411 
0.0 1.1370253873469307 1.5703181111187012 
0.0 1.1367363660547332 1.56987933290661 
0.0 1.1364223754290128 1.5694614674386786 
0.0 1.1360964692088515 1.5690268053928653 
0.0 1.1357683899360227 1.5686711319533813 
0.0 1.135505835572366 1.5683076841556811 
0.0 1.135199436756434 1.5686739056673251 
0.0 1.13488933444557 1.5683539038803933 
0.0 1.1349952242143904 1.5679148617737688 
0.0 1.1350406791134384 1.568346239969559 
0.0 1.1347569318972799 1.5679158861870375 
0.0 1.1344468225378959 1.5675721566186154 
0.0 1.1341029120079635 1.567220024852138 
0.0 1.133840295003355 1.5668106247000564 
0.0 1.1335491652838687 1.5670642605317235 
0.0 1.1332218924584483 1.5667664113287558 
0.0 1.1329817925716814 1.5672094825882028 
0.0 1.132974796552626 1.5668561458876953 
0.0 1.1327842068802962 1.5671777866278207 
0.0 1.132455988789506 1.5667535912595945 
0.0 1.1321334269980416 1.566356623725441 
0.0 1.131777627089676 1.5667139753852948 
0.0 1.1315116459758914 1.5663233071587759 
0.0 1.131304693713912 1.5667961131445942 
0.0 1.131174731346822 1.566609207621092 
0.0 1.1309970038766088 1.5663287782029145 
0.0 1.1307799088311974 1.5660190518638806 
0.0 1.1307408569076662 1.565759526898549 
0.0 1.1305579564772872 1.5655342864765578 
0.0 1.130223197485127 1.5653820632610131 
0.0 1.1300420071387085 1.5651053036919045 
0.0 1.1298854022912683 1.5654854434892633 
0.0 1.1296233429874614 1.5650449809779177 
0.0 1.1293941137137138 1.5653356067387547 
0.0 1.1291557188260202 1.5657420088321705 
0.0 1.1289811560523735 1.5654222757026353 
0.0 1.1287778951275775 1.565079378587952 
0.0 1.1284450129164754 1.5646938820670573 
0.0 1.1283206691747898 1.5644196311857947 
0.0 1.128106040626945 1.5641146926784009 
0.0 1.1278755494303332 1.5637356076332367 
0.0 1.1276493242534777 1.5640978573311148 
0.0 1.1273833215140092 1.5644529488799217 
0.0 1.1271432380861193 1.564844589482786 
0.0 1.1268563037261603 1.564498845638688 
0.0 1.1265758903408687 1.5641086882663204 
0.0 1.12631034833904 1.5637994382385587 
0.0 1.1260698872021542 1.564185217330443 
0.0 1.1257735908824553 1.5640039721669896 
0.0 1.1254981226976835 1.5637231385380947 
0.0 1.1252840255041927 1.5640576180563333 
0.0 1.1250113356971885 1.5644425199913161 
0.0 1.124825732977045 1.5642213303992278 
0.0 1.1248636821371032 1.564548111527954 
0.0 1.1249192351666415 1.5649099417888526 
0.0 1.1248905303271244 1.5647181418141345 
0.0 1.1248318242390412 1.5643196035575258 
0.0 1.1246006039883782 1.5640463795370898 
0.0 1.124424195720896 1.5637058975464346 
0.0 1.1248133845544224 1.5634408081043984 
0.0 1.124913209557758 1.5631738693764272 
0.0 1.1246660168440636 1.5629660318738998 
0.0 1.1245769592755668 1.5626319929465584 
0.0 1.1246079446099406 1.5631165731939425 
0.0 1.1245461224661069 1.5628089318615934 
0.0 1.1242932378204062 1.5625046221896972 
0.0 1.1240644633266197 1.5621053718228382 
0.0 1.1238474493947432 1.5618228307427378 
0.0 1.1237443566668635 1.5614280024842748 
0.0 1.1239191770901373 1.5612301740225147 
0.0 1.1240470845213735 1.560918120633371 
0.0 1.1239470577649118 1.5612633700544976 
0.0 1.1236588385001702 1.5616241763154066 
0.0 1.1234279972443757 1.5613882455972317 
0.0 1.1231997059114665 1.5617366609816976 
0.0 1.1230877928090004 1.5613902731968357 
0.0 1.1228970981455653 1.5616263523802596 
0.0 1.122624013403806 1.5619232922111348 
0.0 1.1223474895394832 1.561589716194146 
0.0 1.122039416217225 1.5613068344682373 
0.0 1.1217689105739888 1.5610042398013564 
0.0 1.1214748913162613 1.5613070740991548 
0.0 1.1212045103381802 1.561050355526755 
0.0 1.1209483923916952 1.5608312348614768 
0.0 1.120745246910346 1.56118363748898 
0.0 1.1204862990497728 1.5614885592093048 
0.0 1.1202009127005959 1.5612349982372526 
0.0 1.1199261007607693 1.5609771930723766 
0.0 1.1198008501808419 1.5606141280144685 
0.0 1.1197199227306969 1.5602871611553104 
0.0 1.119607209943083 1.560547689444226 
0.0 1.11949325669886 1.5603461038332807 
0.0 1.119302058691613 1.560024676582212 
0.0 1.1192941754655692 1.5598183490941773 
0.0 1.1192172752327145 1.5595913034734536 
0.0 1.1192601313563726 1.5600420636525627 
0.0 1.1199811508316717 1.5607176663687452 
0.0 1.1203402957265338 1.5609965877308085 
0.0 1.1202015695861518 1.5613620456571637 
0.0 1.120019675899464 1.5616303029730996 
0.0 1.119745750599885 1.5614465736432424 
0.0 1.1195064931201 1.5611592448862714 
0.0 1.1192858262554106 1.5609110055832698 
0.0 1.1191043224892527 1.5606543387322986 
0.0 1.1189752908678892 1.5603973887861984 
0.0 1.118756444988384 1.560642777772883 
0.0 1.1185262214935883 1.5603971709852757 
0.0 1.1182508596310061 1.5601690673988144 
0.0 1.117995329317159 1.559934405385848 
0.0 1.1177502830487396 1.560202202698487 
0.0 1.1175573042774896 1.5599347641436228 
0.0 1.1174083898802756 1.5596123164674531 
0.0 1.1173665526678012 1.5598672690950677 
0.0 1.1172237594157148 1.5601418078605662 
0.0 1.1170163796980481 1.55990096852061 
0.0 1.1168778570740205 1.5603306779012476 
0.0 1.1167423240525676 1.5600743568126325 
0.0 1.1167306246175248 1.56038278936273 
0.0 1.116580295991737 1.5601256703996893 
0.0 1.116424303157864 1.5598524101724138 
0.0 1.1162129314022449 1.5596476577644085 
0.0 1.1159951601319227 1.5598746639127576 
0.0 1.115832074274397 1.5596290370962234 
0.0 1.1159311936750052 1.5598950439973625 
0.0 1.116256850414359 1.5597211152213648 
0.0 1.1163699493077688 1.5600182803130456 
0.0 1.1162447232935342 1.5598008375270571 
0.0 1.1160801939218763 1.5594812666214846 
0.0 1.1158664515356798 1.5597075988657458 
0.0 1.1156506402107356 1.5599086865076925 
0.0 1.1156589525739296 1.5596801580979505 
0.0 1.1155833394456405 1.5594400620041542 
0.0 1.1154282958912225 1.559735816117036 
0.0 1.1153045669157347 1.559520721187815 
0.0 1.1151301192586012 1.559279859867515 
0.0 1.114952251995905 1.55904820667304 
0.0 1.1148018679644653 1.5588527870983893 
0.0 1.1148912844006649 1.5586697989988918 
0.0 1.1149590836376602 1.5585042950542944 
0.0 1.1149147814449092 1.558296023731339 
0.0 1.1147797204296208 1.5581477040728335 
0.0 1.1145801072905743 1.557935608458809 
0.0 1.1143567168876543 1.5576124685973147 
0.0 1.1141762268018978 1.5573232997573552 
0.0 1.1141167588633485 1.5571141239532764 
0.0 1.1139664190983725 1.5568115865168322 
0.0 1.1137539265255147 1.5565641701022672 
0.0 1.1135195206771538 1.556317677894439 
0.0 1.1133280027498633 1.5560518441622833 
0.0 1.1131623740678736 1.555788858818748 
0.0 1.1129845951070718 1.5560281691540507 
0.0 1.1128469200385611 1.5557333806733515 
0.0 1.11275565361877 1.5554403932009389 
0.0 1.1126383348756643 1.5552216042215834 
0.0 1.112514821727678 1.5555701181993709 
0.0 1.1124717517286569 1.555423042309246 
0.0 1.1123073311985774 1.555671291688402 
0.0 1.1121156141461626 1.555999148298846 
0.0 1.1118893084934525 1.5557483767592282 
0.0 1.1116543527375138 1.5555009340561678 
0.0 1.1115018345795376 1.5552335044318648 
0.0 1.1113480988445075 1.5550092060664533 
0.0 1.1111800933781235 1.5547252254892907 
0.0 1.1109855803916937 1.5544789434057351 
0.0 1.1109887877678704 1.5544007164854254 
0.0 1.1109445429902443 1.554182985306605 
0.0 1.1107989709840103 1.5545300180151154 
0.0 1.1106342088099808 1.5543167413228764 
0.0 1.1104614487568047 1.554546129851948 
0.0 1.1102872023486425 1.5542909721187297 
0.0 1.110096467282211 1.5545734614156415 
0.0 1.1101433753811745 1.5544213094730068 
0.0 1.1105405373606612 1.5546647951711707 
0.0 1.110799831410849 1.5549479970094728 
0.0 1.110748463317754 1.5547367253485669 
0.0 1.1105946793741814 1.5545170397029495 
0.0 1.1104284204131583 1.5548369191823352 
0.0 1.1102770740520498 1.5551410260495966 
0.0 1.1101641363457937 1.5549488596506347 
0.0 1.1100155078273872 1.5547736459966706 
0.0 1.1099113231847866 1.554597338920699 
0.0 1.1097836183050827 1.554798469845034 
0.0 1.1098861011576027 1.5552165254246009 
0.0 1.1100747573596401 1.5550164824278498 
0.0 1.1100945024642919 1.5547557217476293 
0.0 1.1099986253841458 1.554987023770042 
0.0 1.1098782048185636 1.5552355033912009 
0.0 1.1097594088713685 1.5550294348700255 
0.0 1.1096124630045436 1.55478791244743 
0.0 1.1094656760426296 1.5550397294790625 
0.0 1.1093001638545994 1.5549502836751428 
0.0 1.1091576108821495 1.55472196249505 
0.0 1.1089818907888012 1.554520632352058 
0.0 1.1088762571075426 1.554867299568095 
0.0 1.1087269891373654 1.554694994971172 
0.0 1.1085667658864142 1.5544676386353382 
0.0 1.1085859592531722 1.5547921178534687 
0.0 1.1088504538723802 1.5550405939051157 
0.0 1.1095466493943666 1.5549395333208456 
0.0 1.1097374473232995 1.5551262433774031 
0.0 1.1095916231137695 1.5549511468245458 
0.0 1.1094323910882742 1.5550961659631888 
0.0 1.1092298119662056 1.5552260105960705 
0.0 1.1090847826704315 1.5550395259646563 
0.0 1.1089251315030273 1.5552208427026886 
0.0 1.1088262625238337 1.5554928745287602 
0.0 1.1087507993415846 1.555264021874668 
0.0 1.1085916611451154 1.5555399925053721 
0.0 1.1086494989784175 1.5553761164348598 
0.0 1.1086494221729783 1.555198229682084 
0.0 1.1085347351164774 1.5549602433244796 
0.0 1.108405382858647 1.5547676561835257 
0.0 1.1082784667426704 1.554638683311664 
0.0 1.1081585247486885 1.5544213867136283 
0.0 1.1080332009598537 1.5546753901342645 
0.0 1.107866473461831 1.5548829705746212 
0.0 1.1085438116728707 1.55489721403191 
0.0 1.1096137115196398 1.5553137889423674 
0.0 1.110755232320589 1.5553757534501464 
0.0 1.1117917401891189 1.5553323400138526 
0.0 1.112802236096537 1.555225904934301 
0.0 1.1138788703871354 1.5550955882774609 
0.0 1.1146311384030394 1.5553547849817324 
0.0 1.1154593171927059 1.5558098592298784 
0.0 1.1164815263276804 1.5563930660051173 
0.0 1.1173550367278269 1.5566189321177788 
0.0 1.1181703187260537 1.557073112465006 
0.0 1.1192707976523935 1.5574624869400393 
0.0 1.1202078376869444 1.5577542484457179 
0.0 1.1209059933816679 1.5581715902160471 
0.0 1.121864202288817 1.558546881856788 
0.0 1.1225883740593907 1.5589267287901527 
0.0 1.1235233643217772 1.5592548797661343 
0.0 1.1238063970999035 1.5594071216812393 
0.0 1.1236782330019806 1.559509676864414 
0.0 1.1234971014610613 1.5596268853043112 
0.0 1.1233375759923048 1.559794931420248 
0.0 1.1232490117491383 1.5599436669125482 
0.0 1.1230936033013939 1.56008340359962 
0.0 1.122942916201853 1.5601911910647184 
0.0 1.1227810612483835 1.5603139129584278 
0.0 1.1226199363894742 1.5601812168314586 
0.0 1.1224321162650255 1.559966371359574 
0.0 1.1222110577457658 1.5601245124181211 
0.0 1.1220343532981794 1.5602449999381567 
0.0 1.1218713338643487 1.560460855949062 
0.0 1.1218566238607819 1.5604334851049617 
0.0 1.1218240301952727 1.560285927011347 
0.0 1.1217018097909202 1.5601088141826294 
0.0 1.1216547546885918 1.5602110492637218 
0.0 1.1216889951398281 1.560362486287318 
0.0 1.1216481722234504 1.5601754706419158 
0.0 1.121489249782416 1.5599720980267113 
0.0 1.121321215414839 1.5598992290132654 
0.0 1.1211460867762917 1.5600667678768416 
0.0 1.1209637114942217 1.5601521246708363 
0.0 1.1208268368512033 1.5599214554713656 
0.0 1.120634652508712 1.5600689577961262 
0.0 1.1204302685659018 1.5599304354164234 
0.0 1.1205622520729925 1.5601029474011323 
0.0 1.1205499963542362 1.559980623606308 
0.0 1.1204172359370488 1.5598419738379852 
0.0 1.1202596112936591 1.559641678393097 
0.0 1.1200947827995358 1.5594578273415705 
0.0 1.119937695412598 1.5593033818942827 
0.0 1.1197619960863054 1.559131906906445 
0.0 1.119573774478265 1.5589995377461 
0.0 1.119469090546126 1.5591147087892592 
0.0 1.1194105999653412 1.559028921142753 
0.0 1.119562156641317 1.559193923416601 
0.0 1.1195596194098658 1.5591086190756713 
0.0 1.1195281212396522 1.5590017440471944 
0.0 1.1194627146917289 1.5587997296381628 
0.0 1.1193077764856996 1.5586270990215552 
0.0 1.1191341943869852 1.5584751136501473 
0.0 1.1189759530301704 1.558608968595459 
0.0 1.1188171755021226 1.5584578630093169 
0.0 1.1186661998569032 1.5583382826761398 
0.0 1.1184735040998157 1.558444598215423 
0.0 1.1182958464459543 1.55854203900738 
0.0 1.118113299391682 1.5583257363250178 
0.0 1.117960714768094 1.5581299039601526 
0.0 1.1177767930717628 1.5581995958938226 
0.0 1.11757506230464 1.5580508048376558 
0.0 1.1174361167462785 1.5578566488911656 
0.0 1.117425598625835 1.5579842271519753 
0.0 1.1172980111142554 1.5580860836252077 
0.0 1.117146810189812 1.5579820432323834 
0.0 1.117086571521589 1.5578852318488776 
0.0 1.117011791944082 1.5577173087154064 
0.0 1.1171516586043526 1.557635743808536 
0.0 1.11726299522955 1.5574272031225993 
0.0 1.1171553571769097 1.5572385276893643 
0.0 1.1170249226100426 1.5571357482988606 
0.0 1.116880336627388 1.5573273717146805 
0.0 1.116732265818436 1.557163009419655 
0.0 1.1165535367990496 1.5572496386849384 
0.0 1.1164139299324283 1.5571151114415374 
0.0 1.1162852668485 1.557247166736464 
0.0 1.1162759639784807 1.557114723341632 
0.0 1.1161983270552005 1.557226926243066 
0.0 1.1160619772717228 1.5571148383354725 
0.0 1.1159215736949908 1.5572099712506722 
0.0 1.1157745118870839 1.5573476292188828 
0.0 1.1156258282340388 1.5574986025735944 
0.0 1.115499179375823 1.5573574955324994 
0.0 1.1154020383883219 1.5572321662026578 
0.0 1.1152870009034859 1.557327044441031 
0.0 1.1151335810247884 1.5571420867665746 
0.0 1.1149801872116065 1.556922668750661 
0.0 1.114839745708908 1.5569873273052706 
0.0 1.1146783996348857 1.5567994667900806 
0.0 1.1146255552336155 1.556610997924229 
0.0 1.1145473993222745 1.5564861452449026 
0.0 1.1144414084719376 1.5567015290487494 
0.0 1.1143081571993179 1.5568058324483187 
0.0 1.11415224326301 1.5566193618146402 
0.0 1.1140552236834662 1.5564593707524979 
0.0 1.11422184312059 1.5562771797787462 
0.0 1.1142046037302304 1.5564262478417623 
0.0 1.1140611612770484 1.556270898826421 
0.0 1.1139835977467651 1.5564885221336122 
0.0 1.1140341143676202 1.556385497376606 
0.0 1.1140165979013932 1.556473093588841 
0.0 1.1138539697561907 1.5565891250688577 
0.0 1.1136649950087427 1.5564396362829371 
0.0 1.113545376271264 1.5565032158990155 
0.0 1.1134224584226329 1.556587105698556 
0.0 1.1132706607795342 1.5564212389176393 
0.0 1.1131263643398133 1.5565369097360977 
0.0 1.1130205357745107 1.556587661827322 
0.0 1.1128649620229754 1.5564562234401302 
0.0 1.1127277276423237 1.5565585764075365 
0.0 1.1125703959239466 1.5564681694481695 
0.0 1.1124480132262733 1.5563226376162427 
0.0 1.112326759860981 1.5561888637496695 
0.0 1.112219324133609 1.5563059912852995 
0.0 1.1122687493901522 1.556204834754685 
0.0 1.112343232038724 1.5560878731403536 
0.0 1.1122674464144615 1.5559681117243063 
0.0 1.1121249157635775 1.5560485987030839 
0.0 1.1120079759036448 1.5559047368531274 
0.0 1.1119312647925264 1.5560175967929049 
0.0 1.111836962339914 1.5558927676719612 
0.0 1.1117119476966042 1.5559721258790669 
0.0 1.1115693429220397 1.5558440214292317 
0.0 1.1114508585851874 1.5557160699397128 
0.0 1.111352537399653 1.5557840137412589 
0.0 1.1112381897721686 1.5558511251727751 
0.0 1.1111225171085393 1.5557287285864283 
0.0 1.1110115937007587 1.5558838734386962 
0.0 1.110898404785064 1.5557966681062683 
0.0 1.11078806162294 1.5559324954740312 
0.0 1.110684152183996 1.5558351549827751 
0.0 1.1106134411356237 1.5557171573811288 
0.0 1.1105125902078188 1.5555745500352882 
0.0 1.1103938601113827 1.5554595616843911 
0.0 1.1102596449525133 1.555358219745571 
0.0 1.110132711022862 1.5554499586552517 
0.0 1.1099909932037841 1.555338264033256 
0.0 1.1098528703758486 1.5554146575472434 
0.0 1.10975672648815 1.5553042906488388 
0.0 1.1096884898231227 1.5553694013817374 
0.0 1.109554208769972 1.5552292409306028 
0.0 1.109409111490805 1.5550360067019917 
0.0 1.109333526769689 1.554909643632023 
0.0 1.1092328971257548 1.5550360858109535 
0.0 1.1091286432873264 1.5548710262256251 
0.0 1.1089874830355577 1.5549542122902735 
0.0 1.1088580637487127 1.555051241318614 
0.0 1.1087066818534645 1.555174695400872 
0.0 1.1085814747857774 1.55530154082124 
0.0 1.1084905190995153 1.5552260700572238 
0.0 1.1084361629605957 1.5553412441821226 
0.0 1.1083012710917937 1.5554001443377579 
0.0 1.1081740828393574 1.555255194248724 
0.0 1.108115611548201 1.5553775350347023 
0.0 1.10815137793284 1.5552316805026685 
0.0 1.1081959567370026 1.5551139029100713 
0.0 1.1081241170401874 1.5551715623466893 
0.0 1.108026483808008 1.5550648698574003 
0.0 1.1079057136459336 1.5551767105787677 
0.0 1.1077887954999868 1.5550458557436202 
0.0 1.107789108422563 1.5549732249216426 
0.0 1.107926196445414 1.555241304637161 
0.0 1.1082160760212618 1.5554051441467054 
0.0 1.1082563118408575 1.555267319572335 
0.0 1.1082896833832807 1.5551830197552952 
0.0 1.1082816839819172 1.5552818603684129 
0.0 1.1081383460323313 1.555171559158218 
0.0 1.1080173636639474 1.555010779700956 
0.0 1.1079181767088728 1.555105131409166 
0.0 1.1078647196303655 1.5549494308916114 
0.0 1.1078005256781926 1.5550703807305586 
0.0 1.1077075136094074 1.554931645878565 
0.0 1.1075839824012539 1.5550103075353343 
0.0 1.107470339165353 1.5549233764598138 
0.0 1.1076023423536885 1.554867733718997 
0.0 1.1076603118220627 1.5547372837409645 
0.0 1.1075535660504268 1.5545693665535785 
0.0 1.1074811976817143 1.5543759081130508 
0.0 1.1074019641206465 1.5545046056216953 
0.0 1.1072983831070973 1.5544009594815542 
0.0 1.1072018719253154 1.5542469470357374 
0.0 1.1070919856349601 1.554090078991289 
0.0 1.1071113585800094 1.5541132760415208 
0.0 1.1071032272268386 1.553981765058019 
0.0 1.1069800405764882 1.5538399520260442 
0.0 1.1068533899382391 1.553695180506189 
0.0 1.1067500869538975 1.553567655980228 
0.0 1.1066253919879983 1.5536634312301096 
0.0 1.1065329289483021 1.5535499437411078 
0.0 1.1064307684281134 1.553606452516389 
0.0 1.1063589127061166 1.553456669861006 
0.0 1.1062277701235794 1.5533272973957999 
0.0 1.106113546206483 1.5533606050039064 
0.0 1.1059963637599683 1.553230785574027 
0.0 1.1059536433396004 1.553138103478908 
0.0 1.1058580121060455 1.553036276415679 
0.0 1.1057454959871988 1.5529072753560496 
0.0 1.1056394594440961 1.5529454243227518 
0.0 1.1055757014547745 1.5528078410325534 
0.0 1.1054967368505175 1.5528894052257356 
0.0 1.1054124261011573 1.552961244588949 
0.0 1.1053326510600254 1.5528951908560251 
0.0 1.1052616452576365 1.5527990098588889 
0.0 1.1051868147975943 1.5526771565399728 
0.0 1.105100110432033 1.5528179824235118 
0.0 1.1050514528386715 1.5529759467506115 
0.0 1.1049886614044575 1.5528415102752895 
0.0 1.104930783398841 1.5527602652024601 
0.0 1.1049878962282813 1.552729563107625 
0.0 1.1052240493263883 1.552788493319966 
0.0 1.1053767899225533 1.5530072083787305 
0.0 1.1055280189569165 1.5531848857708042 
0.0 1.1056240182107755 1.5530936849841779 
0.0 1.1055671530506703 1.5532400673205111 
0.0 1.1054428476763267 1.553103771940328 
0.0 1.1053007447332135 1.5529688538535562 
0.0 1.1051767375716304 1.553024099949515 
0.0 1.1050609872259094 1.5528922561989933 
0.0 1.1049463907128787 1.5528065115745635 
0.0 1.1049556376925136 1.5528618489647132 
0.0 1.104916497046656 1.5527177653058355 
0.0 1.1048384250383696 1.552685793853353 
0.0 1.1047999552719139 1.5527845786385424 
0.0 1.1047669576417218 1.552642621514302 
0.0 1.1046690260784378 1.5526974293889002 
0.0 1.1045521542775751 1.5525379707922846 
0.0 1.1044298810206392 1.5526132453865864 
0.0 1.1042964890614815 1.5524781629668545 
0.0 1.1041526065323293 1.5523619065139043 
0.0 1.1040314661519126 1.5522283240291816 
0.0 1.1041038613717498 1.5521777375533639 
0.0 1.1041346406812826 1.5520788697515615 
0.0 1.1040354850329561 1.5521741028305966 
0.0 1.1039422927886644 1.5520756265254114 
0.0 1.1038323011753426 1.5519661584805788 
0.0 1.103719349685086 1.5519007685941362 
0.0 1.1036477090947623 1.5520613809336399 
0.0 1.1037492662702808 1.5519390885756668 
0.0 1.1038303760388064 1.5521132103805648 
0.0 1.1038421658231592 1.5519704487749852 
0.0 1.1038282640703403 1.5518523009933356 
0.0 1.1037626588185825 1.551970852554145 
0.0 1.103682749696787 1.551849151584525 
0.0 1.1036135853708642 1.5517326825233035 
0.0 1.1035158596249004 1.551601121661207 
0.0 1.1034132188868386 1.551510258166702 
0.0 1.1033559879099986 1.5513908861453078 
0.0 1.1032740538336465 1.5512730134286965 
0.0 1.1032092734175225 1.5511412110574943 
0.0 1.1031552354083092 1.5510322105750947 
0.0 1.1030756148594303 1.55090032732111 
0.0 1.102980683939987 1.550794634521291 
0.0 1.1029214590721719 1.5506804473992213 
0.0 1.1029071606814458 1.5506702014857014 
0.0 1.1029461014202127 1.5505798110048876 
0.0 1.1029247685920642 1.5504624169154675 
0.0 1.1028363038346556 1.550363147911873 
0.0 1.1028172988198754 1.550210178015941 
0.0 1.1027971290435479 1.5500807496775952 
0.0 1.102705882312454 1.5501941443634168 
0.0 1.1026517472705448 1.5502418184199827 
0.0 1.1025888491954203 1.5501634444020367 
0.0 1.1026156562671205 1.5500705030292887 
0.0 1.102783128498688 1.5500215462686242 
0.0 1.103134275711919 1.5499697205993326 
0.0 1.1033204560752035 1.5498858035859993 
0.0 1.103297859086538 1.5497277713559283 
0.0 1.103205737520106 1.5498035081143209 
0.0 1.1031217519591916 1.5498930935315767 
0.0 1.1030644444562294 1.5498153777564283 
0.0 1.1029755161877528 1.549886246296832 
0.0 1.1028940188129588 1.5498091977784259 
0.0 1.1027986746099179 1.5496882481874794 
0.0 1.1027103552221318 1.5496113339801278 
0.0 1.1026230752786428 1.54948181314881 
0.0 1.1025505486034908 1.5493405246993541 
0.0 1.1024629280645994 1.5494153331297091 
0.0 1.1024138887405752 1.5495361158341814 
0.0 1.102336078293168 1.5494363816437176 
0.0 1.1022637031247873 1.5494183336509564 
0.0 1.1021950406044587 1.5495409449371977 
0.0 1.1020898335033082 1.5494039626465248 
0.0 1.101979647819005 1.5494540700617248 
0.0 1.1018843415820356 1.5494205591105206 
0.0 1.1017990909995017 1.5495014354393855 
0.0 1.101704993031165 1.5494297426502643 
0.0 1.1016242566124894 1.549547924948582 
0.0 1.1015388354052245 1.5496780010890294 
0.0 1.1014546369320637 1.5498426148887854 
0.0 1.1014178829630357 1.5497859957074465 
0.0 1.1013814133476676 1.5497115008143856 
0.0 1.101344932589765 1.5497690459394637 
0.0 1.101264085535099 1.549666608680999 
0.0 1.1011796116642554 1.5498118546420336 
0.0 1.1011093885588623 1.5498798788693455 
0.0 1.1010659657360093 1.5498070132339232 
0.0 1.101014385508153 1.549733345739991 
0.0 1.1010693262639886 1.5498770743839991 
0.0 1.1011370539155338 1.5497445224062707 
0.0 1.1012593579419065 1.5498874529313686 
0.0 1.101263168684198 1.54983166357599 
0.0 1.1013249876749371 1.5497578506500644 
0.0 1.1013581637284853 1.5496930416294015 
0.0 1.1012979048492335 1.549804856845335 
0.0 1.1012420192761345 1.5497040484938494 
0.0 1.1011662133091262 1.5496016399032695 
0.0 1.1010777768338762 1.5496871224981574 
0.0 1.1009860249660184 1.5495864836287694 
0.0 1.1009317087895016 1.5495037910409328 
0.0 1.1009133497609638 1.5494093435733116 
0.0 1.100913719484051 1.5493019799257017 
0.0 1.1008363778607806 1.549414861880619 
0.0 1.1007884090854465 1.5493120191438188 
0.0 1.100708003074758 1.5492202168729583 
0.0 1.1006498287601791 1.5493990847417578 
0.0 1.1005446712973816 1.5493256983122108 
0.0 1.100507708979689 1.5492063021146536 
0.0 1.1004200290733737 1.5492831982019082 
0.0 1.1003923878966813 1.549140512401939 
0.0 1.1003645852579573 1.5492065971889277 
0.0 1.1003177134132898 1.5492641530126252 
0.0 1.1002668068262873 1.5493452304907236 
0.0 1.1002170115859093 1.5494063149337363 
0.0 1.1001281165969141 1.5495240912145685 
0.0 1.1001032206779564 1.5496349705678758 
0.0 1.100061464306149 1.5495092743285763 
0.0 1.1000348628061511 1.5494577940243173 
0.0 1.0999760042202962 1.5493982179700794 
0.0 1.0999068852236247 1.549342730278158 
0.0 1.0998321981153873 1.5492360285033584 
0.0 1.0997604022674876 1.5491318617652245 
0.0 1.099668951452566 1.5490988543891753 
0.0 1.0996882142266087 1.5490611329426014 
0.0 1.0996314372479938 1.5489787591053115 
0.0 1.099598137804364 1.5488601016141796 
0.0 1.0995717551677358 1.5487699060904978 
0.0 1.0995225426948225 1.5486518297158696 
0.0 1.0994219876617648 1.548561464365093 
0.0 1.0993257449050968 1.5485101049263867 
0.0 1.099314646654804 1.5484221663822801 
0.0 1.0992859559719594 1.5483620239886222 
0.0 1.0992235267032786 1.5484072347084261 
0.0 1.0991817885613453 1.5482522996710804 
0.0 1.0991269579801377 1.5482105780502544 
0.0 1.0991614521962512 1.5480951832819554 
0.0 1.0991635675573184 1.5479798495489239 
0.0 1.0991324041557304 1.5480720796074425 
0.0 1.0991765826139768 1.548031847456349 
0.0 1.099204522490694 1.547988520897463 
0.0 1.0991672386602565 1.5480636239571886 
0.0 1.0991191634891964 1.5479847173989958 
0.0 1.0990585497411565 1.5480386364785805 
0.0 1.099015783047371 1.5479560897366071 
0.0 1.098958017602892 1.5478852714294276 
0.0 1.098909715415332 1.547854829675654 
0.0 1.0988466261723033 1.547778283276906 
0.0 1.0987626597703746 1.5476408424999404 
0.0 1.098694736278904 1.5475185316542703 
0.0 1.0986334136123503 1.5475967889641904 
0.0 1.0985725058017948 1.5475103288317311 
0.0 1.0985376040011017 1.5475958708257331 
0.0 1.0984987087054487 1.5474926095157466 
0.0 1.0984767252575998 1.5474167437554995 
0.0 1.0984330208276767 1.5474921684021814 
0.0 1.0983768924765498 1.5474042185457908 
0.0 1.0983252631905365 1.5474939727876502 
0.0 1.0983016785698716 1.5476224642962555 
0.0 1.0982513519491586 1.5475270790387532 
0.0 1.0981833790172557 1.5474596123760518 
0.0 1.0981003397230031 1.5473698399060583 
0.0 1.0980041384146395 1.5472550980149293 
0.0 1.0979734225444142 1.547184713096521 
0.0 1.0979375615996945 1.5470871437414944 
0.0 1.09789046280656 1.5471541823820636 
0.0 1.0978377404925173 1.547263269232094 
0.0 1.0978241871264407 1.547159299836642 
0.0 1.0978999374794787 1.5470353362678773 
0.0 1.0979190181508212 1.547136306400624 
0.0 1.0978369435903026 1.547189032978773 
0.0 1.0978239209571248 1.547124798077149 
0.0 1.0978683560567941 1.547040718748371 
0.0 1.0978893242360945 1.5471858483703873 
0.0 1.0979678458115631 1.547269724895953 
0.0 1.0979604282559685 1.547157298948174 
0.0 1.097892825880862 1.5470369982767376 
0.0 1.0978297152383212 1.5469148326963107 
0.0 1.0978292764331188 1.5470018604805524 
0.0 1.0977762909491457 1.546916993764947 
0.0 1.097724009513983 1.5468589399779478 
0.0 1.097642837584753 1.5469332196169117 
0.0 1.0976043182891562 1.547014058814084 
0.0 1.0976083021256577 1.546904954555474 
0.0 1.0975607071191216 1.546796500051274 
0.0 1.0974864443397254 1.546758709944906 
0.0 1.0975689582523371 1.5468820599570627 
0.0 1.0977358294818977 1.5467882813862595 
0.0 1.097870022052162 1.546705324143013 
0.0 1.0978990857963955 1.5466069394214657 
0.0 1.0978445053614696 1.5465160873905028 
0.0 1.0977402155043106 1.5463953675464055 
0.0 1.0977136428982288 1.5463154291740056 
0.0 1.0977376243251578 1.546404912231198 
0.0 1.097888170095288 1.5466450951891995 
0.0 1.0979096514340674 1.5465073596081784 
0.0 1.0978332619823807 1.546406215776962 
0.0 1.0977751495234722 1.5463033764707588 
0.0 1.0977220162458128 1.5464198803763223 
0.0 1.0977061002757469 1.5463099755714407 
0.0 1.0976134598058644 1.5461906395849123 
0.0 1.097543547240142 1.5461467213374427 
0.0 1.0974970490322982 1.5462671414290512 
0.0 1.0974197306865392 1.5461844502457804 
0.0 1.0973275407441447 1.5460749484769685 
0.0 1.0972565861768573 1.5461830303896589 
0.0 1.0972062064038777 1.5460836498331647 
0.0 1.0971591614209273 1.5460015817744321 
0.0 1.0972740972113815 1.5459553833553585 
0.0 1.0973797087158317 1.5460096965611214 
0.0 1.0974288257647922 1.5459442898008584 
0.0 1.0973642854594683 1.5458697310845613 
0.0 1.0972881027891832 1.545914696688376 
0.0 1.0973320287538881 1.546036740685226 
0.0 1.0973634829218606 1.5461505664554889 
0.0 1.0972762161180238 1.5460698013629846 
0.0 1.09722132562415 1.5461129641485978 
0.0 1.0972329674034402 1.5460772927572628 
0.0 1.0974383432783041 1.5460492386785467 
0.0 1.0975242020448541 1.545961296778961 
0.0 1.0974961315523533 1.5458969791398054 
0.0 1.097436749610639 1.5457708154557772 
0.0 1.0973817650954694 1.5456638904936253 
0.0 1.0973240176364907 1.5456115419032208 
0.0 1.0973186823287175 1.5455137181327614 
0.0 1.097278783405443 1.5454498380100166 
0.0 1.0972168010460557 1.5453431193449005 
0.0 1.0971537121234451 1.5452545648958038 
0.0 1.097062421566313 1.5453360263128322 
0.0 1.0969845390328374 1.5452460838859705 
0.0 1.096948560556864 1.5453603842751193 
0.0 1.0969276604899079 1.5454331501121594 
0.0 1.0968810814159353 1.5453722504359173 
0.0 1.0968037442333123 1.5452926334309913 
0.0 1.0967267963913274 1.545193644453984 
0.0 1.0967039641836596 1.5450782926031266 
0.0 1.096648905731811 1.5451850481717053 
0.0 1.096609425102776 1.5451224677227144 
0.0 1.0965904460185834 1.5450333235103308 
0.0 1.0966319635606547 1.5451752593844243 
0.0 1.0965906354137411 1.5452288491413144 
0.0 1.0965365813942225 1.545315249943519 
0.0 1.0965141157109803 1.545277427772533 
0.0 1.0964476240836756 1.5453299702234295 
0.0 1.0963975998938786 1.5452443706013232 
0.0 1.0963419454888668 1.5453390105569087 
0.0 1.0963407297335994 1.5452703988870957 
0.0 1.096339716927204 1.5453486267413648 
0.0 1.0963128379258302 1.545287162247401 
0.0 1.0963293881466165 1.5452584104660874 
0.0 1.0962988808301564 1.5451709757677539 
0.0 1.096280553856717 1.545091023442687 
0.0 1.0962509152245536 1.5449799637804102 
0.0 1.096205187106939 1.5448997483501687 
0.0 1.0961464422497054 1.544815124661909 
0.0 1.0961245036031972 1.5448755102598755 
0.0 1.0960814019791432 1.5449258419773995 
0.0 1.096057520363791 1.544875768599843 
0.0 1.0961410046535025 1.5450293227568437 
0.0 1.0962506462432575 1.5449546116973996 
0.0 1.0962851595968583 1.5448704832066897 
0.0 1.0962247589371554 1.5449642666378147 
0.0 1.0961531920010692 1.5450136803299905 
0.0 1.0961508580141106 1.5449464353802536 
0.0 1.0961927143824848 1.5449155012568125 
0.0 1.0961616276324606 1.5449739313067552 
0.0 1.0961464041361748 1.545068709627687 
0.0 1.0961314932836848 1.5450525812652662 
0.0 1.096375845493124 1.545051074948625 
0.0 1.0964644329144944 1.5449517393242154 
0.0 1.0964114463444612 1.5448635863395896 
0.0 1.0963563563874679 1.544812520407087 
0.0 1.096295546315439 1.5447546878570495 
0.0 1.0962338172216262 1.5446609519228347 
0.0 1.0961859781990992 1.5446038000753208 
0.0 1.0961382385796248 1.54452778714314 
0.0 1.0960927504554663 1.544412505226928 
0.0 1.0960319373771232 1.5443382033709698 
0.0 1.095993025463932 1.544283953089476 
0.0 1.0959388648705621 1.5441743117297035 
0.0 1.0958705154995518 1.5441071186081725 
0.0 1.09585116479829 1.5440293913018692 
0.0 1.0958165271759561 1.5439213976739783 
0.0 1.0957777661044845 1.5440259142778294 
0.0 1.0957618579933972 1.5439683815511005 
0.0 1.0957167345032675 1.5438603178498878 
0.0 1.0956557964715725 1.5437940591174366 
0.0 1.0956100453740083 1.5439145299916857 
0.0 1.0956358005388498 1.5439931884873146 
0.0 1.0956530238976805 1.5439267575507278 
0.0 1.0956655546856007 1.5438602978258267 
0.0 1.0956465054795195 1.5438099187422984 
0.0 1.0955947844800968 1.543734533261568 
0.0 1.0955622344536236 1.5436842820050254 
0.0 1.095556411592482 1.5436033811342755 
0.0 1.0954997050270077 1.543687832240648 
0.0 1.0954354517374871 1.543628196739489 
0.0 1.0954009118613468 1.543547204283727 
0.0 1.095374481558147 1.543472787983715 
0.0 1.0953183614472677 1.5434455417535262 
0.0 1.0952693657397576 1.5434917874132403 
0.0 1.0952297764128762 1.5433924801568515 
0.0 1.0952011875571905 1.5434099106632746 
0.0 1.0952024163926877 1.5435211776162068 
