0.8249783772701152 0.0 
1.2185854299008037 0.9238807533294549 
1.2131997823572713 0.8910504043473247 
1.2102104615371811 0.8984762635237443 
1.1905983888455358 0.8991902004105611 
1.1901457272213596 0.895785291303458 
1.1978282334035222 0.8933003460740724 
1.2004720793465322 0.8936169370460731 
1.2005460986730543 0.8924251009823491 
1.200300881756144 0.8930177483811235 
1.202753504159272 0.893122653282121 
1.2058979433523778 0.8935551808469535 
1.1995955436165595 0.8922325929000522 
1.1937488159038059 0.8908074336047599 
1.1911095814461439 0.8901398413259937 
1.189956764722602 0.8902671440301634 
1.1888010698075486 0.8890281256764171 
1.1947006503536 0.888774509796933 
1.1961418788614036 0.888286872428577 
1.1988496963389879 0.8889378319957851 
1.201242361125201 0.888339139726252 
1.2019705681208068 0.8876388839882734 
1.198749778502282 0.8861815040698195 
1.1953008787412363 0.885619198059268 
1.1952903801849366 0.8851941524712404 
1.196146985679584 0.8853250142336876 
1.1949518301815436 0.8848586613175017 
1.195656122991283 0.8854767411194039 
1.195109157377341 0.8853599091151106 
1.1954413488802376 0.8851884284162944 
1.195568957088168 0.8845580301350037 
1.1957724196217665 0.8844929122678853 
1.1941163892982405 0.8840864922891913 
1.1960815576817976 0.8835998616722525 
1.195201981558291 0.8836178001320528 
1.1957813042277812 0.884022378095082 
1.1943872717287274 0.8835424242165908 
1.1950462264941508 0.8837215063110347 
1.1970336817300966 0.8838532303842728 
1.1955281967904745 0.8835540309246778 
1.1982547665657572 0.8843432312475437 
1.1972327213260516 0.8834699932423229 
1.1980169656644581 0.8838354890692334 
1.197265753774898 0.8832265676182881 
1.1976416351228332 0.8836011892614658 
1.1964706455157432 0.882947464869274 
1.1985311692724303 0.8831915158213497 
1.198369515579503 0.8827561087799325 
1.1993228802327753 0.8830463817408586 
1.200547585652086 0.882851267617263 
1.199998830789264 0.8829458958116377 
1.2003202485281175 0.8829847659357662 
1.1994601282195252 0.8829225136521499 
1.200090890164643 0.8832028112904173 
1.2000930006672246 0.8831231418143546 
1.199105012383911 0.8832050585771658 
1.1990893454656917 0.8829043615482735 
1.1985801161983551 0.8830330272988101 
1.1989496283372385 0.8829546198027473 
1.1989209837791321 0.8830978108534828 
1.1974639380666618 0.8829100043355371 
1.1988301354835702 0.8833748591552822 
1.1977592257818948 0.883226883874173 
1.1988585617962522 0.883546865234729 
1.1978223848141132 0.8832942844226 
1.1986433150805584 0.8835080202025412 
1.1997219266324293 0.883357790372207 
1.2013979713014884 0.8838497738876501 
1.2010879149727662 0.8834870897047631 
1.2031490084337577 0.8841131958440622 
1.202538598998712 0.8839570884095264 
1.2025584210401556 0.8840903448659091 
1.2025681158998482 0.8838300818789022 
1.2036385202733693 0.8841497995438957 
1.2030508767753996 0.8838860171868125 
1.2041367375172796 0.8841548466147431 
1.2042140471435296 0.8839547377545618 
1.205367402490318 0.8842592793798385 
1.2047216334598647 0.8841549413249222 
1.204746058005272 0.8843872402308205 
1.204909961992695 0.8841980880654432 
1.2056798671063222 0.8844578498274457 
1.2052972003813613 0.8843380389084576 
1.205262896961132 0.8842346811094415 
1.2049755732774892 0.8842635694672075 
1.204836070502941 0.8843398338843209 
1.203730506109933 0.8843817919027467 
1.203677047516858 0.8844709112067473 
1.2037833519134644 0.8843197266073075 
1.2040399192439084 0.8845130607981665 
1.2040235812918556 0.8842626961357797 
1.2046114006912236 0.8843355946737054 
1.2041785917946661 0.8842086264687736 
1.2039821484936144 0.8841654587811449 
1.2037980370642014 0.8838492975630539 
1.2033149432459087 0.8839258246866566 
1.2040290979696526 0.8839181738430835 
1.2035990111223243 0.8839785591055118 
1.2039877235828926 0.8841411632821571 
1.2039042375242215 0.8840299540241244 
1.2033124554511696 0.8840974474374491 
1.2027886656691031 0.8840375272827427 
1.2023498370978765 0.8840762538702324 
1.2020129080947262 0.8840737803109365 
1.2027384516736526 0.8842769117831801 
1.2024321392062922 0.8840929785264675 
1.2027043985599073 0.8842102048961766 
1.2026314704850323 0.8841555602034953 
1.203657521531502 0.8844117561255276 
1.2036536872628936 0.8842344681272345 
1.204358159626284 0.8843798845772597 
1.2047433843840751 0.8841522001946475 
1.2048395685109203 0.8842085385293673 
1.2050106468723103 0.8841012840693963 
1.2045059298121759 0.8841882055729361 
1.2037006449893652 0.8840662631219862 
1.203845735176022 0.8840002688450751 
1.2046152158776715 0.8841113645229436 
1.20445923812298 0.8842341120286173 
1.2040007084484667 0.8841193954252865 
1.203508877272894 0.8842527498058472 
1.2032845562875683 0.8840886338103141 
1.204633612343293 0.8843569027033396 
1.2040334454337052 0.8842665300872304 
1.2060367789790694 0.8846660238559778 
1.2061011762300895 0.8845745314286412 
1.206670427737429 0.8848233068936157 
1.2067218990497486 0.8845392072595079 
1.2063881852265832 0.8847098800937009 
1.205945443326227 0.8844767909841086 
1.2057608175609504 0.8845857198369144 
1.205408983619078 0.8844540913637071 
1.2052436398652673 0.8845030077340114 
1.2052589641593374 0.8843140598506078 
1.2044454777835711 0.884296031610013 
1.2040591455582788 0.8842292612654526 
1.2037065238509814 0.8842793097082043 
1.2038269152307326 0.8843184478134308 
1.2029484021591532 0.8842127724350979 
1.2030047965533535 0.8843341685237293 
1.20285160422085 0.8842589786102352 
1.2043089565726803 0.884656174943241 
1.204201484840106 0.884656890463694 
1.2044095996516488 0.8849336881039384 
1.203986513436673 0.8847654618597229 
1.2039010067561144 0.8848155664884184 
1.204130973120465 0.8846794258171232 
1.2041410777348307 0.8846873264550591 
1.2045726085312074 0.8847178199925773 
1.2045013854010316 0.884734778417798 
1.204299773326378 0.8847365009214541 
1.2043092805210944 0.8847789618817968 
1.2038156072936994 0.884741354224395 
1.2033292450920812 0.8845900271074936 
1.2027778224277739 0.8846113246481451 
1.202670463815785 0.8845827187026658 
1.2029211675623082 0.8846259989716203 
1.202618242602347 0.8846699245814903 
1.2019979420806175 0.8846572306796635 
1.2018565848879015 0.8845358719983207 
1.201195914370825 0.884483470423726 
1.2007135884720557 0.8844342887715945 
1.2007300757432715 0.8843398587841425 
1.2008102490752104 0.8844423033296528 
1.2011108876533367 0.8844543594634482 
1.2015224386821814 0.884571018516424 
1.2017681335395685 0.8844623342065815 
1.201462831225962 0.8844296497629743 
1.2021675531191154 0.8845104323066393 
1.2018908496466818 0.8844326124034416 
1.2016321309933027 0.884404808262343 
1.201655231593654 0.884262710692965 
1.201509298570992 0.8842625355693866 
1.2011516863312466 0.884118126667944 
1.2008916534881728 0.8840569973380588 
1.2004094073402136 0.8839281796827082 
1.2002774380455197 0.8839056412715709 
1.2004234609540998 0.8838983706602701 
1.2002024703489471 0.88384802707851 
1.2003454267933626 0.8838581351242357 
1.1999176941929013 0.8838576645320054 
1.200505661778354 0.8840471121041714 
1.2001885874459624 0.8839922792001526 
1.200708235806685 0.8840960952759707 
1.201584267837361 0.8842166919616389 
1.2013459766107493 0.8842699316487389 
1.2016193212736255 0.884328686309414 
1.2014333235698254 0.8842598063654618 
1.2012575810506883 0.8842776742192735 
1.2010756484902763 0.8841630175478413 
1.2008359694366098 0.8841696355889335 
1.2005583981813936 0.8841226078312041 
1.200005275364998 0.8840727038734465 
1.1997280749178316 0.8840687509465 
1.199520555755535 0.8839990002253191 
1.1993642313628574 0.8839009278838613 
1.199750313215875 0.8839132550815127 
1.1998311966554278 0.8839699321784193 
1.199398751153984 0.8839161536044255 
1.1991521846751603 0.8838905700045424 
