0.8252784698152701 0.0 
1.2861454162151427 0.8245285514366287 
1.3824620768325084 0.8524725913314543 
1.4008653231602903 0.8652450184129374 
1.4044336101391348 0.8750244338863121 
1.4105233339985497 0.8881471315845791 
1.418003392790185 0.9070176041069792 
1.4238038816330911 0.9079994579889378 
1.426179676834125 0.9176539506763949 
1.4279046165941822 0.9183234113025397 
1.4307981512153938 0.9223090920968393 
1.4310941128731196 0.9242415190431331 
1.4331668318220945 0.9283630074709651 
1.4344048127513984 0.935141123650759 
1.4353707967157752 0.935313025696043 
1.4354472608456066 0.9429758084477199 
1.4365793837094607 0.9400877458906923 
1.437120097523528 0.9376270086681223 
1.4382538564948184 0.9419380027373635 
1.4376540258927972 0.9451420990240583 
1.436998555136614 0.9347352820813315 
1.437166907903084 0.9457765249013005 
1.4370631139405738 0.9517401934995338 
1.4372573682294052 0.9485690887369845 
1.4382110031554503 0.9473069379030483 
1.438541412445073 0.951713239174702 
1.4379301254946988 0.9462624172696481 
1.4376606680790127 0.9317664362846981 
1.437682317305924 0.9375219089642642 
1.439091870179813 0.9418032610488819 
1.4388684621673893 0.9502288839861335 
1.4380625948489956 0.9271593905668447 
1.4371337465940002 0.9322411251707843 
1.4365612856940064 0.9286471724833807 
1.4355288593661317 0.9285228472672388 
1.435261907772965 0.9324841825622684 
1.434567708969231 0.9365900075664095 
1.4335744008216846 0.9338708611429498 
1.4328974543821542 0.9367097198560783 
1.4323252692958328 0.9408239016267441 
1.4311063139796165 0.933233892043709 
1.4299167999584 0.9306519185387683 
1.428852997782247 0.9328531764640076 
1.4277314410970152 0.9336667541430544 
1.428323671068929 0.9286376024065094 
1.4286777807904003 0.9481883526450781 
1.4296448142934257 0.9368594633847075 
1.4296296054344855 0.9463704120315165 
1.4304928596582838 0.9325463938309948 
1.4312440419366053 0.9525832627877223 
1.4306472729772857 0.9441761296423362 
1.4294717293112533 0.9267399765060725 
1.4290634640366513 0.9207735619393527 
1.428389461313508 0.9326239598393333 
1.427844040088838 0.9288870786965976 
1.428210192647736 0.9379773512268815 
1.427718535934964 0.9427929978717021 
1.4268453340210905 0.9269814361468232 
1.4264406332766404 0.9245979812805675 
1.4257589659330712 0.9378521410847385 
1.4245738680850604 0.9288547433036789 
1.4237741931043582 0.9257243642946881 
1.4226533872098597 0.9308095197663487 
1.421272640470769 0.9219689941375098 
1.4198882927358956 0.9281322432604244 
1.4185741221162784 0.9280539911709543 
1.4171029098352017 0.934972970497934 
1.4157066393839648 0.9280254207910429 
1.4149477008985314 0.9322174615210758 
1.4136920733522944 0.937928363324073 
1.4123027916466449 0.9296708336386282 
1.4109454627547386 0.9296904392606875 
1.4096514794892367 0.9292518678511359 
1.4089178219815914 0.9272225249069089 
1.4085668934323052 0.936573399641736 
1.407409493808478 0.9382588276444408 
1.4060127611138489 0.922684157516926 
1.4045235165816687 0.9228000084604897 
1.4030148996390672 0.9263025434885894 
1.4024164859862116 0.9335128079639273 
1.401515018445966 0.937919363326094 
1.4003865183780881 0.9247808192853548 
1.399275445105136 0.9214552590883928 
1.398192883870252 0.9225255822239078 
1.3968773264355574 0.9268214175923671 
1.395599026567773 0.9341091300209121 
1.394421575153596 0.9352647250636036 
1.3932895046884934 0.9291991940621224 
1.3929830197071875 0.9333042550884624 
1.3932683888832855 0.9482509636009753 
1.3928621855636976 0.9389919493750548 
1.3920780020800754 0.9141590451168339 
1.3914843556284469 0.9201309269641453 
1.3916030586347403 0.9280315269534815 
1.3911614170168585 0.9367432467218132 
1.3903844560360379 0.9184766415410682 
1.3896539781417938 0.9150993588895108 
1.3888725306553933 0.9189787031276316 
1.388450618014963 0.9215138830645903 
1.3877514152020842 0.9300668526194614 
1.3874314835844705 0.9257812348196827 
1.3868110762820143 0.9320912464234026 
1.3859616476494094 0.9238283151508399 
1.385138178314786 0.9293043283311679 
1.3848928875379094 0.9312529244646923 
1.3847803608709552 0.9359782921591047 
1.3851820724313166 0.9253010278662465 
1.3849080063447474 0.9318561750911962 
1.3843498886883168 0.9175352609461845 
1.3841270078693526 0.9168980557899787 
1.3836896056797354 0.9288948722931688 
1.3837175612116106 0.9190645254938127 
1.3834028814579225 0.931605900341116 
1.3833844633979187 0.926101080233506 
1.3830896240363346 0.9353609820123486 
1.3826595042548027 0.9249855447129948 
1.3821434083934083 0.9194480973996857 
1.3814920535775388 0.9185348440620715 
1.3808400461255952 0.9237422986326279 
1.380235858180373 0.9273850106334978 
1.3795402430916266 0.9285783704080915 
1.3789474459824125 0.9295743308249538 
1.378252700099427 0.9321021738120899 
1.3775499398710158 0.9260100671567014 
1.3769105368792514 0.9298028375622365 
1.3762632863614772 0.9298459231459877 
1.375767211770364 0.9291890846022363 
1.3760706728599332 0.931045552137625 
1.3758918975086478 0.9499728222932773 
1.3752354421648016 0.9277279648640384 
1.3745367062988658 0.921962690887068 
1.3740166963297409 0.9247989865427626 
1.3734736353524517 0.9230359118385641 
1.3728956230521354 0.9234335720630951 
1.3723702382267187 0.925204418830071 
1.371873683599157 0.9283594018569321 
1.3712894935905948 0.9250201163306344 
1.370627695717395 0.9297621476323948 
1.369875803092221 0.9327486211819395 
1.3692089856263685 0.9305480794988512 
1.3686959270392471 0.9351368271312248 
1.3681933884090178 0.9358522979826214 
1.367513339957469 0.9313933117456336 
1.367557717891265 0.9338451807263828 
1.3672183821867316 0.9365218900130801 
1.3666792848916711 0.9242703348528609 
1.3660751038018726 0.920021434692669 
1.3654056830930692 0.9245006993377773 
1.3648201241715998 0.9281269239648551 
1.3643391748438805 0.9286164488235816 
1.3636807719737316 0.9336664564778265 
1.3629851783850722 0.9353325015911472 
1.3629199992073489 0.9330064495243459 
1.3633267224252235 0.9361536708120056 
1.3640046945091227 0.9405230866318349 
1.3646689974102402 0.9481156048910194 
1.3647275725144656 0.9365770423424593 
1.3645800794413356 0.9163953268595693 
1.3645619722376903 0.9203845933182216 
1.364375235724082 0.9254113255427394 
1.364222701429035 0.9215578615781609 
1.3639555774017933 0.9265459960617679 
1.363580039477569 0.9216758641991254 
1.3631206247200913 0.920600163521925 
1.3628156875319584 0.9224943513934016 
1.3624547473847257 0.9219493056071412 
1.3626589132030071 0.9286143294500158 
1.3625254214283224 0.9431171535979614 
1.3620847682052184 0.9215643581135352 
1.3616289371816588 0.9196191935237015 
1.361204417062372 0.9199789761087297 
1.360747109093409 0.9264528979318315 
1.360651499920723 0.9275820224958745 
1.3604714101670847 0.9361765179227418 
1.3600839149690618 0.9346878287397932 
1.3596286211926192 0.9194022865903145 
1.3595622152692433 0.9254363216030767 
1.3593693035893226 0.942197312914445 
1.3591649095481353 0.9329531602603752 
1.3587827638331016 0.9359126636689074 
1.358328814087812 0.9193891572234294 
1.357983102686245 0.9237838042517342 
1.357501612630031 0.9214567199371787 
1.356964102708282 0.9228904104707633 
1.356482180494742 0.9247097312749157 
1.356014552568994 0.9278717521694771 
1.3554263341641768 0.9287881360556608 
1.3547928192190666 0.928355777458619 
1.3541424916322014 0.9284680984038931 
1.353480549198791 0.9350916407607854 
1.3531943273511113 0.9354551408965582 
1.3526282549236568 0.9319371379922979 
1.3519637735362688 0.929726464679267 
1.3512588969022958 0.9297677787473643 
1.350563508660556 0.9311830749029164 
1.349792795393072 0.9291598145483453 
1.3489920901547583 0.9352559959507294 
1.3482873813912892 0.9348621954750361 
1.3474871827006663 0.932424806497546 
1.3466854264476003 0.9347010551719802 
1.3458964430668143 0.9323681570691968 
1.3450530630840594 0.9261287046427467 
1.3442501525275026 0.9345759573356018 
1.3434948568339486 0.9347423948700306 
1.3427881294365114 0.9326179356806669 
1.3421672505068931 0.9349152785274646 
1.341469899345788 0.9386493391079759 
1.3408265608353527 0.938603208045601 
1.340127105229687 0.9406060668106275 
1.3393756450856091 0.9353052046489908 
1.3386502221591725 0.9362470440468845 
1.337911133561573 0.9392325946723173 
1.3372576082571672 0.9383953973666312 
1.3365923777319217 0.9372764512277032 
1.3358363091015297 0.9371337379762137 
1.3351418755760023 0.9326500147422051 
1.3344365923642183 0.9340922336462952 
1.3337646950371616 0.9381736194598783 
1.3330803980458596 0.9381098705483425 
1.3324202063084234 0.9406983072067597 
1.3317568195201779 0.9393153656586558 
1.3314839950404045 0.9383484363376344 
1.331262712460807 0.9502181481632698 
1.3315218440592689 0.9527237056620717 
1.33126773178833 0.9466465996585177 
1.3308870367691912 0.9245285367958657 
1.3307251510970786 0.9209211831999053 
1.3305668171949354 0.9274120187851398 
1.3301320588402583 0.9262380276582386 
1.3297140493749386 0.919038566148093 
1.329339774446904 0.9217538753635882 
1.3290023029719524 0.9267704307143229 
1.3286994314965508 0.9274511686099137 
1.3288207948904294 0.9251072151009914 
1.3286950862415 0.9309436981694033 
1.328436687391854 0.9145128060238881 
1.328396432177049 0.9186487253582389 
1.328910583959438 0.9300897571797122 
1.3295615250834434 0.9484336874927285 
1.3299238777295845 0.9434246800581993 
1.3299344909803217 0.9337214878782695 
1.330119066028106 0.9269684393730162 
1.3304993603447743 0.9382646322251206 
1.3308338096976946 0.9322872833319156 
1.3308770822635567 0.9198933095192549 
1.3308599057318746 0.9171328693308186 
1.3308458360396493 0.921158945518242 
1.3308969343690358 0.9263127752060163 
1.3308664350358117 0.9279164458074607 
1.3309676127876549 0.9273646649694919 
1.3309618818396398 0.9304740036921291 
1.3308783829467845 0.930943449297726 
1.3310912301869675 0.9285763495830383 
1.3312423064449581 0.9390364315414804 
1.3312111989130904 0.920947484275467 
1.3312365986754342 0.919896766933689 
1.3312515400074472 0.9227646114005305 
1.3311841256375097 0.928161537898733 
1.3311574148678396 0.9235486710376425 
1.3311360380745232 0.9230152523645747 
1.331043762049751 0.927651686436289 
1.3314265234250893 0.9318251902150775 
1.3315646475494394 0.9480530774216834 
1.3314439862187206 0.9247327277403312 
1.3313060402983725 0.9230098705419337 
1.3311375662530567 0.9236157623198303 
1.3310620695594528 0.9253718372584978 
1.331142198278636 0.9347668752946595 
1.3314014152615168 0.9375367752465381 
1.331315317918084 0.9306473676310882 
1.3311439046349987 0.9268240958628998 
1.3313081677819951 0.9232149379592296 
1.3313071690512226 0.9391395368585881 
1.3311717304945014 0.9152981993737086 
1.3310842868223505 0.9163493330483775 
1.3309454532122622 0.9251320599778803 
1.3313119184230204 0.9250617409169906 
1.3312887658925805 0.9356019165330391 
1.3310439055511105 0.9207837452043772 
1.3310645379094221 0.9176393024325179 
1.330998138544644 0.9216291034976878 
1.3308036817630182 0.9184999664858731 
1.3305741907403823 0.9148662652980483 
1.3304130511275354 0.9169778675166221 
1.3302985856542082 0.920399231931701 
1.33011909235832 0.9234990234011543 
1.3299616018486817 0.9300166354348367 
1.3298946856101828 0.9272206028713738 
1.3299993638163192 0.9377767287578999 
1.3299067510630938 0.9356082373689167 
1.3297090950163553 0.9330551856612119 
1.3295676716998077 0.9279041995022693 
1.3293116179760842 0.9341196300880833 
1.3290736312405358 0.9290003376966511 
1.3289519793508942 0.9282707845642906 
1.3288074057355723 0.9328752050169651 
1.3285244488202363 0.9290103246496391 
1.328248927839174 0.9243463764768834 
1.3279503356925573 0.9298875994355779 
1.3276599824558206 0.9329101282783233 
1.3275457004966291 0.9295617726948834 
1.3273524038725941 0.9377355970588945 
1.3271951046019883 0.9258885225408172 
1.3269491603028216 0.92407625435919 
1.3266981378030618 0.9274490629304661 
1.3264585342280775 0.9298439885269584 
1.3266529481697515 0.9313567718930119 
1.326647082898084 0.9427862068724489 
1.3265866059186149 0.9258479088863083 
1.3263838401214427 0.923942001441955 
1.326101455654321 0.9262812180630473 
1.3258246185350422 0.9240457073591981 
1.325496953029599 0.9235216077019304 
1.3251547574749218 0.9228558387124932 
1.3248616851860846 0.9331067421681604 
1.324576730265692 0.9311193808530613 
1.3242530591693205 0.9306375738480784 
1.3239270665386098 0.9328219312664093 
1.3236049757853 0.9323853547064332 
1.3232571235319008 0.9376119779156066 
1.3228362758457226 0.9382786067158011 
1.3226570855911057 0.9372698955630844 
1.3225230894580298 0.9448470734697967 
1.3222151253454768 0.9430252745157771 
1.3222188993899455 0.9327600955957622 
1.3224896848183272 0.945739262818821 
1.3224560636132956 0.9297952688339689 
1.322398799035192 0.9354339578835308 
1.3226269605191383 0.9289601694520353 
1.3226559511771045 0.9341492518516168 
1.322618897420162 0.9256654493785667 
1.3225323140900729 0.9205159841873466 
1.3224493081479287 0.9226023468193755 
1.3224449497741562 0.9273078552586413 
1.322516397594324 0.925165265390898 
1.3224617166810526 0.9297305312634596 
1.322404746055292 0.9235131444253143 
1.3223533390041498 0.924269373581626 
1.3222352026404058 0.9245359546488606 
1.3220983997355868 0.9244441166630045 
1.3219270074580265 0.9239657277653707 
1.3217459248409016 0.9238858513209819 
1.3215078476085078 0.9279358956500425 
1.3212134400951532 0.920234290981013 
1.3209425174711575 0.9323156736339622 
1.3206716075756626 0.9292341773834503 
1.3204002262042056 0.9275111131870797 
1.3200865186615327 0.9345660336759403 
1.3197731349718755 0.934300212529546 
1.3194692149737879 0.9362495854072096 
1.3191211231877338 0.9401536656223372 
1.318733919442825 0.941404517793914 
1.3183074027911692 0.9407645477060338 
1.3179162510155502 0.937543756768469 
1.3174836438645154 0.9372468054363255 
1.3170617271445293 0.9390769523321585 
1.3166189375387365 0.940159137836738 
1.3162866765022188 0.9387319242708143 
1.3159679878623567 0.9430087666387947 
1.315584238529201 0.9324903218834167 
1.3152634418677343 0.9336053690436645 
1.3149439858312377 0.933423049415941 
1.3146117018042327 0.9327420090085504 
1.3142648556387722 0.9356427320980699 
1.3139065416532114 0.9389686699871858 
1.3135087120225737 0.9379401391969429 
1.313148137704717 0.9340374975877662 
1.3127619946263327 0.9377807339663063 
1.3123083122374681 0.9431331888140169 
1.3118622908735171 0.93898282645551 
1.3114119234904063 0.943966776883992 
1.3109314245288537 0.9430920856654706 
1.3104929760308188 0.9401444645935105 
1.3100486628101238 0.9394819892161987 
1.3095772656154172 0.941856108044365 
1.3090961145707074 0.9396899708339032 
1.3086247054268183 0.9442105112031086 
1.30815361229308 0.9445075070816411 
1.3076681237766474 0.9460439786102681 
1.3071037769432832 0.9449211164903217 
1.3065661049444612 0.947973347345025 
1.30601288226509 0.9477861737255963 
1.3054185534297835 0.945020214806044 
1.3048672394173675 0.9480653163286379 
1.3042905502665547 0.9466177794901456 
1.3043382803031274 0.9447506022349212 
1.30409650305394 0.9406337377565184 
1.3036921389593235 0.9224659466256472 
1.3032721382354726 0.9162160542657299 
1.3028719112964153 0.9209375405934778 
1.3024815461413053 0.9234858299457395 
1.3025130965802119 0.9271165650827577 
1.3024243840887113 0.9336700273582278 
1.302622505347824 0.9226465045149242 
1.302688516725609 0.9349669426270207 
1.302669951164399 0.9251214482049903 
1.3026130231297133 0.9273434513155695 
1.3027646522118606 0.9284054858499199 
1.3027808976917412 0.9262892903300818 
1.3027570643287145 0.9173778673457043 
1.3027306808807975 0.9251665656906735 
1.3028017018429094 0.9227556602427858 
1.30276428003824 0.9268158163308339 
1.3027321854869884 0.9214022232725737 
1.3028200658122875 0.9259044702314004 
1.3030925080248958 0.9363418212794644 
1.303169564149883 0.9380476666585335 
1.303179158851401 0.9222784795085677 
1.3031608851643446 0.9226857840141046 
1.3031185841515736 0.9221634695330193 
1.3031442333027112 0.927585875803454 
1.3032994059695113 0.9303458918498515 
1.3033572978383998 0.9251907369220603 
1.303393515788951 0.9195870379390153 
1.3033998812182823 0.9210053526501704 
1.3035215595028111 0.9196718757486361 
1.3035694816334167 0.9326522186543287 
1.3035904790592103 0.9191605315564374 
1.303637951869053 0.9316870470199523 
1.3035972707106607 0.921727320907823 
1.3035128851784428 0.9205122743184939 
1.3035993974044715 0.9262560321714678 
1.3036185714453545 0.9372024714466964 
1.3035262774185727 0.9195959941510988 
1.303429067349853 0.912948614180634 
1.3032838058601353 0.9206318072619094 
1.303179451717362 0.9227375628567455 
1.303066095706478 0.9232828268859562 
1.3029447776436227 0.9250050974687941 
1.3031651977025922 0.9287235455933723 
1.303204354391705 0.9349294903902868 
1.3031036524741102 0.9225621813443364 
1.3032097410934933 0.9247708412040287 
1.303172979116539 0.9344512501601135 
1.3030580526415587 0.9175665956035682 
1.3029531005780954 0.9192456773325914 
1.3027922797011127 0.9214521674551146 
1.302638100881231 0.9226075951920835 
1.3025865899390507 0.925153330730454 
1.3024595126338028 0.9297022238719167 
1.302389285792395 0.9261351775121239 
1.302338792176612 0.9327478911440764 
1.3021561205993437 0.929514064360713 
1.3019855565260505 0.9278489544538584 
1.3018784738950488 0.9278414253248982 
1.3018312154446205 0.939016244033787 
1.3017019087858546 0.9343192263623599 
1.3016787768895837 0.9358462125086817 
1.301895947343665 0.9445133830820338 
1.3020152430970824 0.9478380188597652 
1.3018892215074958 0.9360991215999178 
1.3017005813115394 0.9261366137186812 
1.3015026016684634 0.9311009530124152 
1.3013029351026653 0.9327192683089814 
1.3010850366790787 0.935156198566074 
1.3008724414612425 0.9319386862524467 
1.3006717180787346 0.9350861851178371 
1.3004905360451509 0.9321917061889665 
1.3003409577111162 0.9343395792956006 
1.3001934539765665 0.936340900548712 
1.3001945704244582 0.9378508013953687 
1.3001295031232862 0.9357538972430787 
1.3000390496855467 0.9227594188581841 
1.3003242033393718 0.9284590214320202 
1.3004120515519368 0.9405789290203687 
1.3003326099124506 0.9209410853452655 
1.3002827370246852 0.9215774244436957 
1.3001498168364498 0.9216833827306202 
1.2999942827628777 0.9146620203403028 
1.2998529913595782 0.9198594808429018 
1.2997157968685757 0.9252617770564755 
1.299567500419756 0.9292908795141441 
1.299463222947134 0.9270828815067246 
1.2993102022432688 0.9268161779620403 
1.2992408952417338 0.9285421183346558 
1.2991119016519048 0.9311757052486641 
1.2989683893933934 0.927457223403339 
1.2987618819802107 0.9290039382929549 
1.2985676755272597 0.9333557073406302 
1.298425224185334 0.9287048692061755 
1.2982657583603077 0.9337824646408243 
1.2981052157809017 0.9378445074947185 
1.2979335081335928 0.9367268452347048 
1.2977600535547176 0.9354998964434754 
1.297984831554184 0.9360651132898102 
1.2983201997348035 0.9477179919754636 
1.2983372898972756 0.9401774234404731 
1.298223927053182 0.9191344183111881 
1.2981191753316308 0.9193688391563527 
1.2980223183205624 0.9249636823776787 
1.2979439821259169 0.9213529131869443 
1.2978743050216686 0.9328604693619214 
1.2977510894537025 0.9241183468248095 
1.2976515179890067 0.9253877688942134 
1.2975333935204447 0.9249479797528157 
1.2974495222367095 0.9213700668735663 
1.2973388368002183 0.9296529550094815 
1.2972094339709042 0.9291960104918938 
1.2970927419578768 0.9283338006088793 
1.2970005842895365 0.9300973677404414 
1.2968163379185977 0.9339242347240523 
1.2966392591736604 0.9339304590032599 
1.2964550683116562 0.9329398044735532 
1.2962389523949693 0.9356894424276574 
1.2960270699882719 0.9371063951703197 
1.2959390026049469 0.9330696382964695 
1.2958335043513443 0.9388200521754382 
1.2956548103840893 0.9287632320242286 
1.2954689664883356 0.9302658730669972 
1.2952531247950054 0.9314185575887017 
1.2950442332709646 0.9330646876665626 
1.2948160427694244 0.9326443460456864 
1.2945782438288342 0.9307987739062392 
1.2943302207453102 0.9316739601929693 
1.294083173026113 0.9352651433790792 
1.294255171960547 0.9438379688471221 
1.2945011408036267 0.9501379463424715 
1.2945793592124473 0.9378644109213906 
1.2944764049736923 0.9262441044036369 
1.2943215762596332 0.9189569516588468 
1.294153365313493 0.9144573863295653 
1.2940123361611873 0.9158428922170305 
1.293863333685395 0.9236974102987884 
1.2937318662615016 0.9248412565112947 
1.2936124941570866 0.9229724870394462 
1.2935154027023774 0.9245978688243249 
1.2933927841254511 0.9333497204952064 
1.2933127580665575 0.9321830853424172 
1.2931668476474287 0.9330779294206574 
1.2930405916551546 0.9327153559804084 
1.292928586414709 0.9308873606589564 
1.292989368392842 0.9284752506898218 
1.2930537930165562 0.9394677516724446 
1.293050860356091 0.9261195201207844 
1.292990300204904 0.9301020140067627 
1.2928698760377817 0.9196123260863769 
1.2927254890549962 0.9248552285639382 
1.2928338492313494 0.9308190931350735 
1.2928610759570462 0.93793928233168 
1.2927439334199058 0.9226112920948323 
1.2929006960507698 0.923736638246632 
1.2929637793751139 0.9398712651303965 
1.2929555336895366 0.9131796604412499 
1.2929123630420654 0.9110407604345631 
1.2929031146471686 0.9262270284404754 
1.2928360004183939 0.9154468883308908 
1.2927723731870595 0.923311667040953 
1.2927224747753479 0.9196324514360343 
1.2926531674691137 0.9196834369805484 
1.2925989196138026 0.9248072808326815 
1.2925275811566854 0.9315638527137001 
1.2924224793663959 0.9241833778304679 
1.2923041884127053 0.9262739226560717 
1.2921854085712186 0.9291762209144724 
1.2920226030850483 0.9327155880619478 
1.2918830043797178 0.9305132347147406 
1.29169972161375 0.9322346768335956 
1.2915088940365247 0.9330987829944246 
1.2915427373855772 0.9388823299428422 
1.2914213678606268 0.9440358256150448 
1.2911752823838634 0.9356486303938917 
1.2909837153635093 0.9336803774582532 
1.2907475154306498 0.930108655478767 
1.2904886181006696 0.9324710900343706 
1.2902411874931496 0.9327835682789575 
1.2900826649949582 0.9351357302824397 
1.289895375871401 0.9369000077718513 
1.2896765750978798 0.9324729562663842 
1.2894253937166373 0.934240438001493 
1.2891920057155355 0.9315879026406417 
1.2889217104746444 0.9333814993316824 
1.288759077955294 0.9367825882673937 
1.2887694680030821 0.9460673355664193 
1.2885846182710736 0.9425099751329571 
1.2883650939359337 0.9350462985535732 
1.2881608756466594 0.9307838317986682 
1.2879273227518468 0.937299149228699 
1.2877633784024074 0.9395125487662617 
1.2875695917465146 0.9370208173525798 
1.2873630886236116 0.9339970251464352 
1.287187698857448 0.9382123360574876 
1.2870354504692452 0.9376316983378422 
1.2868616015654881 0.9388106757400333 
1.2867235094445788 0.9328280652088349 
1.2865641421015255 0.9323486685456274 
1.2863976742653105 0.9341981986676356 
1.2862596289853432 0.9351329404037375 
1.286095025559055 0.9347041316907184 
1.2860077435014612 0.9351634727455017 
1.285884951333068 0.9389603781825618 
1.2857665399825633 0.9374022888457277 
1.285637257116654 0.9342434080843982 
1.2854904140186763 0.9407044038144843 
1.285410458849937 0.9367239400227035 
1.2853329026548925 0.9438596174553642 
1.2852294650376397 0.9345107515172397 
1.2851004513551958 0.9216791066464257 
1.2849604474967833 0.9320006323370935 
1.284784279404889 0.9346920281707172 
1.2846466448584086 0.9322534563342275 
1.2845148820648316 0.9334388814485886 
1.2843402881622117 0.9284369262967742 
1.284195159601253 0.9328982338549138 
1.2840168898895572 0.9379202763184868 
1.2838243167845813 0.9365355215872583 
1.2836309373338746 0.9335443309352044 
1.2833843534187874 0.9324402787924634 
1.283129510434673 0.9352792764426673 
1.2828731229178556 0.9314620777382131 
1.282605655798139 0.9365135086996811 
1.282329787623375 0.938573792480037 
1.2820859023343607 0.9377272359778767 
1.2818119733022317 0.9406650534124238 
1.2815275044051373 0.9387100516176198 
1.281248023396504 0.937780847214252 
1.2809620320928194 0.9397084676648515 
1.2806679360154374 0.9348753373021467 
1.2803665497831878 0.9428689676969637 
1.2800867313710078 0.9414693824179389 
1.2798094492527925 0.941475348654358 
1.2795517690144522 0.9421097237451949 
1.2792827357885213 0.9449706715192403 
1.2790364986877143 0.9431879601512022 
1.2788184429889744 0.9427411526808214 
1.278614192528492 0.943655389846507 
1.278382377919304 0.9437243717014474 
1.27813580734251 0.9429678378377082 
1.2779099907678455 0.9464889846672631 
1.2776463481263924 0.9434759345888449 
1.2774071866142356 0.9428099906137687 
1.2771855500202982 0.9407626952763453 
1.2769569967194327 0.9434910469448343 
1.2767596312051828 0.9400658940153177 
1.2765397672882297 0.9453686688100481 
1.276326129260186 0.9453268986040521 
1.276119689013037 0.944021474967496 
1.275889047120649 0.9423724723089507 
1.275654077202164 0.9476209597111944 
1.2754119040008232 0.9417834181505511 
1.2751858621929737 0.9466597736255413 
1.2749719711450669 0.9382511575226801 
1.2747497875354044 0.9452488032016808 
1.2745284780258854 0.9429374634028437 
1.274264182653619 0.9442811228389605 
1.273989625769213 0.9424256862051202 
1.2736949740821093 0.9446998939524982 
1.2734069677981283 0.9451569490130657 
1.2730886074313748 0.9486577593651783 
1.2727683806541892 0.9471173828543741 
1.2724431057406553 0.9448916232313769 
1.2721199862869503 0.9450092492552272 
1.2718400840839974 0.946187916890854 
1.2715392798054217 0.9468923599920254 
1.271242537681037 0.9432874109558601 
1.2709199057703782 0.9383569255800825 
1.2706147587312133 0.9446766827712849 
1.2702764201198011 0.9450182473840746 
1.2699363576693978 0.9432347966928213 
1.2695710080505642 0.9418822906492731 
1.269247565184215 0.9423359172382285 
1.2689476353619402 0.9418846159632437 
1.2686237341119673 0.9394645090390883 
1.2682776521766752 0.9455892704355547 
1.267920946255012 0.9454800171157014 
1.2675724716150982 0.9424853782779703 
1.26723264935141 0.9488508117393267 
1.2668613568200138 0.9411514215850655 
1.2665255304587923 0.9452946216008905 
1.2662123331574517 0.9457533084339194 
1.265891210294466 0.9425178702751162 
1.2655764035266486 0.945150678749498 
1.2653089597318494 0.9448369862238595 
1.265036090419941 0.9366650522971697 
1.2647601710964176 0.9389425642043816 
1.264471471655295 0.9353285618642485 
1.264195116576141 0.9405361288266019 
1.263927627649396 0.9365119476513551 
1.2637758910256174 0.9417464557328256 
1.26355981411935 0.9459826026936426 
1.2632947131991852 0.9357649904504267 
1.2630422306388192 0.9323125516714899 
1.262790747610731 0.9394949943300462 
1.2625169505373943 0.9368464115966364 
1.2622487821000807 0.9343128403012029 
1.2620040669733525 0.9365664552255595 
1.261757887389937 0.9312444887796716 
1.26155968764076 0.9360582361440702 
1.2613987039051453 0.9379406537242586 
1.261235174084004 0.9393928294234117 
1.2610720704069207 0.938811777988406 
1.260887239567233 0.9365575452077207 
1.2607314956750695 0.936555103861865 
1.2605788429679765 0.9309001914110026 
1.260439360966052 0.938305141541928 
1.260293873772327 0.9410084405227238 
1.2601451294401245 0.9384424252805371 
1.2599738306225863 0.9390843355300236 
1.2597958862820517 0.9421110260488331 
1.2596301891363477 0.9361302833218708 
1.2594549663311485 0.9432470980123782 
1.2592670176099905 0.9354995676350126 
1.2590894402112847 0.9347062565727124 
1.2589339312284027 0.9399533625854833 
1.2587697280770533 0.9337802908411265 
1.2586186014228815 0.9392015419619252 
1.2584727621385035 0.9407687050879826 
1.2583121661418195 0.9382982771549309 
1.2581487793306008 0.936778188413157 
1.258001146212889 0.938866967400604 
1.2578533466595965 0.9437889851349136 
1.2576893599470051 0.9380058777956786 
1.2575545621590156 0.9341532927075521 
1.2576501517215188 0.9418523152407967 
1.2576635365582882 0.9368380676575573 
1.2576192776174782 0.9146055573113527 
1.2576202516394406 0.9201150744428699 
1.257616042106914 0.922031132197866 
1.2575951848516385 0.9171569429008566 
1.2575557325834033 0.9240677152090713 
1.257543867442957 0.9257816640166548 
1.257542769394776 0.9218748732686404 
1.257535157144978 0.9249020894479227 
1.2574993727748298 0.9206296005235871 
1.2574610597978158 0.9267517353351615 
1.257805720727409 0.9316136630226078 
1.257988929351395 0.9412363975344784 
1.258016815324376 0.9154163923887952 
1.2581974410765957 0.9201146248359264 
1.2582656755642785 0.9246148136003728 
1.2582591657245805 0.9191845077994335 
1.2582699865678602 0.9154665102167113 
1.2583162669696497 0.9248854821067818 
1.258325666102704 0.9223150795024058 
1.2583237068105642 0.9222049276843466 
1.2584196034360673 0.9222910630391534 
1.258545856339873 0.9317895298095242 
1.2586322519860091 0.9296894148306811 
1.2586741523831237 0.9312029944838057 
1.2587070711177288 0.9223935134719453 
1.2587468201199417 0.9249195529352153 
1.2588366972189842 0.930285344687967 
1.2588771767642868 0.9286935114013674 
1.258947600393746 0.9263483929987689 
1.2591111746853247 0.930856021198287 
1.259225345444001 0.936613817429956 
1.2592478292122582 0.9324818932734998 
1.2592581107495817 0.9258117110182575 
1.259409480998631 0.9268436015379397 
1.2598617052500938 0.9405510928974234 
1.260103448374168 0.9381164496490646 
1.2601678004704981 0.913863717875863 
1.2602373661922037 0.9120570917789804 
1.2602926154526588 0.9183777616216626 
1.2603309566099243 0.9228520164673231 
1.2603598868172428 0.9192093304906994 
1.2603746837456165 0.9240245865066408 
1.2603801023538144 0.919672377464214 
1.2605528287405208 0.923602082703423 
1.2606278697855404 0.9306238648982796 
1.2605984728101565 0.9259061511637553 
1.2605872555367625 0.9205251994782245 
1.2605442916263643 0.9235920748443712 
1.260480862990278 0.9239563739588174 
1.260466380516097 0.9275859556416577 
1.2604860056768794 0.9294641317943344 
1.2605961127010568 0.9309345038816682 
1.2606314715604567 0.9380814187811106 
1.2605377063882737 0.9300259851792327 
1.2604450030313126 0.9308171418336125 
1.260368536821011 0.9316819972089685 
1.260273329926015 0.9357511858296759 
1.2601724368854084 0.9396948427169977 
1.260049326769057 0.9388981744326181 
1.2599163524889843 0.9370017620529504 
1.2597850123629832 0.9368185025520257 
1.259652216232792 0.9372606981110267 
1.2595195641957782 0.9396262391594352 
1.259368512316831 0.9400124409468249 
1.2592171341790168 0.9433769430652262 
1.259050695886533 0.9377845190304149 
1.258887146918729 0.9420466896209755 
1.2587288891768993 0.9380392054969332 
1.2586766765041215 0.944224112026736 
1.2585861413510353 0.9440166624439522 
1.2584267854170212 0.9332168743388846 
1.2582851069872665 0.939012908113837 
1.2583924877240693 0.9362768446727581 
1.258549611604644 0.946503979967836 
1.2586589407528395 0.9374774710147729 
1.2586486603447642 0.9205290283095172 
1.2586051188738325 0.9156097491470323 
1.2585933783524828 0.9209089987854154 
1.2585946210919576 0.9213700401275743 
1.2586327393781989 0.9224797411928358 
1.2586579820820878 0.9288305948146748 
1.2586685471883043 0.927638970396479 
1.2586988621141644 0.9220118810130645 
1.2586866877642844 0.9251396761018588 
1.2586560584147242 0.9255741555096018 
1.2587102542459283 0.9263620161936145 
1.258765233488322 0.927467441438568 
1.2587665656271843 0.9215636365539075 
1.2588453736278227 0.9226581934223643 
1.2588402329093529 0.9286866869843048 
1.2588018054378218 0.9240378342419046 
1.2587519680729786 0.9285709119989963 
1.258723278034832 0.9213262157294684 
1.2586848837483882 0.9330034775884907 
1.2586374333165085 0.9336650644663171 
1.2585912758471307 0.9329875949613452 
1.258527273580776 0.9337436626316672 
1.2584644108600123 0.9353662448376578 
1.2584206153082016 0.936097437091281 
1.2583772150622974 0.9337729635658233 
1.2583132961600272 0.9331178394124828 
1.2582529313308528 0.9352071695350227 
1.2581806498034844 0.9343879967185423 
1.2580839203448817 0.9312588927652873 
1.2579719913708496 0.9357856448479754 
1.257854105219015 0.9368108483394605 
1.2577194495178012 0.9368310550595816 
1.2575679086433866 0.9391225001841591 
1.257418717372524 0.9405300702135334 
1.257259230133298 0.9387634378067753 
1.2570758385206195 0.9397675664572528 
1.2568910561334456 0.9463618092393763 
1.2567196595953958 0.9411274876008295 
1.2565629447333928 0.942384802536243 
1.2563972392721432 0.94024277277568 
1.256221919482537 0.9388589285677128 
1.2561723510529252 0.9450452075966935 
1.2560670020878604 0.9373449551276452 
1.2558623351639844 0.9334922042047373 
1.255687390546737 0.9354589781452801 
1.2555051724038522 0.9354381527481279 
1.2552946001314804 0.9358748441372773 
1.2550880066708126 0.9411902969385831 
1.254878830329369 0.9326122508991059 
1.2546991247633412 0.9359009719178449 
1.2545457015138721 0.9387378206964399 
1.2543938393915597 0.933746351978485 
1.2543253380491792 0.9384060518573394 
1.2542168723064397 0.9376046325783025 
1.2540606933064748 0.936985112530674 
1.2539102374972697 0.9332420693492594 
1.2537446874289606 0.9325793904042564 
1.2535875859486616 0.933517981442139 
1.2534208109269105 0.9353068607952261 
1.2532400191246065 0.9382986012292166 
1.2530480357743075 0.938795508111073 
1.2528513427166612 0.9418861739169571 
1.2526772645659878 0.9396119784538873 
1.2525288683978772 0.9394681642521433 
1.2523438586997913 0.947351998240362 
1.2521617806009349 0.9473940045303351 
1.2519984527504202 0.9378352093487751 
1.251804331601029 0.9402280018877754 
1.2516233621878259 0.9432049973332587 
1.251431473892079 0.9450940594389783 
1.2512263398084833 0.9458025257345555 
1.2510798967185661 0.9464053193286442 
1.2509554829614449 0.937106127339675 
1.2507862229510207 0.936760877315066 
1.250598840695548 0.9419777513890492 
1.250437429825632 0.9376938296419285 
1.2502474457479695 0.9411430415779873 
1.2500319707332352 0.9349200465792917 
1.2498410255882555 0.9416814590834852 
1.2496427744642087 0.9401412293894641 
1.2494356436324412 0.9354700755919699 
1.2492255979029372 0.9413268899723634 
1.2490294456430564 0.9437073798813149 
1.2488307150816897 0.9420284701500105 
1.248643488936434 0.9456610648472383 
1.2484636263097035 0.9442182615133806 
1.2482909045396207 0.9366316170131892 
1.248098550197026 0.9422860106494555 
1.2479092483806564 0.9436528867955468 
1.247711951835859 0.9402879390269192 
1.2475022521842964 0.9399914253730018 
1.2473096575212237 0.9433482131588325 
1.2471462341973003 0.9459937567239467 
1.2469806660959448 0.9410722809285702 
1.2468058021043775 0.9406344174124016 
1.2466446976445855 0.9408571331519338 
1.246503173683731 0.9453743535617594 
1.2464794186592465 0.9468810633378015 
1.2463573982763432 0.9416736293527194 
1.2462105316283083 0.9363252498166565 
1.2460817780895208 0.93892182929658 
1.2460619776314086 0.9346916574062643 
1.2460254858640083 0.9271594390110315 
1.2459946523247587 0.9237269949665969 
1.2459603263492325 0.9216021176729544 
1.2459745350278442 0.9212326599326802 
1.2460021001389192 0.926559583203716 
1.2459677086613623 0.9276550336169617 
1.2460333192443724 0.927702138071869 
1.2461254665808599 0.9279336755734986 
1.2463546235253742 0.9294227540129035 
1.2464454788774082 0.9416045095035085 
1.2464991049130074 0.9216540597563484 
1.2466880994219334 0.9275142257098158 
1.2467914705872152 0.9364678977155715 
1.2468207483715612 0.9173924607211148 
1.2468465079293947 0.918351725778614 
1.2468732716986874 0.9202225434587628 
1.246898914083844 0.9240830329358406 
1.2469785367882862 0.9209913646290714 
1.2471357908493532 0.929855793942131 
1.247326796613879 0.9298303829798609 
1.2474027786156108 0.9297294184398578 
1.2474279997082391 0.9234915698693201 
1.2474878528559843 0.9132352561266062 
1.2475244936392558 0.9233213755706754 
1.247549203876137 0.9155762558922476 
1.247616590434324 0.9226955688833481 
1.2476244163757846 0.9233645547293297 
1.2476629643780972 0.9209213355583042 
1.2476715804729184 0.9254767633370439 
1.2476901453140536 0.9301206132752268 
1.2476975487719877 0.9244679792052825 
1.2476646874134114 0.9271056587115886 
1.247644634438966 0.9321685887749388 
1.2476454964291412 0.9309460348101805 
1.24760998307041 0.9233630026926878 
1.2476469181967285 0.9348810822999758 
1.2477220497148789 0.9354109501968247 
1.2477349265049706 0.9364198644275145 
1.2477389729254316 0.9267874651599359 
1.247798837683836 0.928801523500967 
1.2478087129819204 0.9354720863205183 
1.247790965451741 0.9311773272479243 
1.2477850506926815 0.9305497181280625 
1.247779776907072 0.9279687968261403 
1.2477755064770073 0.928436731281715 
1.247777317773951 0.9324053284803017 
1.2477782605225043 0.9333280269433161 
1.2477710233081032 0.9331367877178977 
1.2477889323474218 0.9364043003734323 
1.2477614994646786 0.9349973540958962 
1.2477516584908703 0.9356057361452473 
1.2477218234629535 0.9376635706178172 
1.2476920745024134 0.9393033098426113 
1.247652805072615 0.9380590530376661 
1.2477330891004619 0.9361858642703931 
1.2477787124762554 0.9433239272238231 
1.2478463213181445 0.9384528121968672 
1.247864202410295 0.9358845205313638 
1.2478456494677466 0.9275300134004629 
1.2478185275657523 0.9298030180336416 
1.2478308193051926 0.9337232766424831 
1.2478145066134998 0.935689689705322 
1.2477787884369396 0.931290905787518 
1.2477368114199874 0.9272385286953938 
1.2476923438413487 0.9341327853382396 
1.2476476308535698 0.9299121293169039 
1.2475759106546016 0.9306177728151407 
1.2475186611752271 0.9355045352472586 
1.247450331559468 0.9349334939656825 
1.2473932876273433 0.9395824339942945 
1.247335056651102 0.935621333935714 
1.2472814268648689 0.9374174155293654 
1.2472017026611792 0.9384534946114382 
1.2471283636232406 0.9401903747484999 
1.2470585903572593 0.9427631995187297 
1.2469796403557691 0.9367124378297452 
1.2468922112893996 0.9389701617454023 
1.2467996467057478 0.9430482070696461 
1.2467186748070314 0.9392434648873128 
1.246627524075816 0.9408613965430374 
1.2465440193484734 0.9422901722815482 
1.2464569741521476 0.941754390350915 
1.2463475418815504 0.9433983193733596 
1.246251364589576 0.9440789128427122 
1.2461167153709587 0.9468572166914989 
1.245946268038823 0.9451090441082457 
1.2457683786481328 0.9448092891514526 
1.245584072740862 0.9379066244002411 
1.2453937848361871 0.9455151732064195 
1.24519979162863 0.943939953862596 
1.245006886910084 0.9446912638116729 
1.2448058739973502 0.9443656249685544 
1.2446033789758157 0.9402689586522803 
1.2444018976546334 0.9437698842999712 
1.2442044083600527 0.945134044275697 
1.2440332506620957 0.9423958642722884 
1.2438593730716172 0.9439181075005293 
1.243658007280582 0.9450629674364669 
1.2434520027149183 0.9428571198827845 
1.2432532793870346 0.9447402165883964 
1.2430431480565738 0.9501738036322178 
1.242854196963044 0.9513185054415042 
1.2426438017284487 0.9503877920096117 
1.2424420146330537 0.9498063047331083 
1.2422290504808804 0.9474969819296117 
1.2420178655336607 0.9438355060941362 
1.2418051230330556 0.9485218213638331 
1.2415969908620264 0.9501698640738668 
1.2414118959230687 0.954160080081381 
