0.7894850210319958 0.0 
1.2652914351273834 0.9285075936671617 
1.224205952808781 0.8844449443627346 
1.192734011372898 0.8826651656294716 
1.1870544753249284 0.8782147144429465 
1.1789757394173814 0.8745043074019162 
1.1624693369063483 0.8698169842575225 
1.1523091710708582 0.8638702002886666 
1.165226724345368 0.8611388701910281 
1.1722943012212828 0.8582117713597189 
1.171020861567606 0.8563282604899896 
1.1695838340530518 0.8541353883734808 
1.1758231758429132 0.8536666546415991 
1.174893440338846 0.8519459204954638 
1.1693672547708351 0.8507490509483784 
1.166778067205868 0.8490098280474394 
1.1668195515872548 0.8471684595839915 
1.1687779839075256 0.8458660240203485 
1.1668218833354145 0.8464562275420452 
1.165429655605092 0.8460089079088493 
1.16541919970538 0.8452201835381166 
1.162942412383034 0.8440552800374389 
1.1620374568051781 0.8434182044376659 
1.1617708522168604 0.8432255216629166 
1.1605872419444605 0.8430325101058552 
1.1591557880742815 0.8426345866154393 
1.1553992104485198 0.841682683263366 
1.1515099632982233 0.8405030569561384 
1.1481121917353765 0.8399499347968149 
1.1464979248310538 0.8391800355463952 
1.1426679945337377 0.8383593876363729 
1.1428764929224646 0.8376546263828354 
1.1415504994125616 0.8369847827280577 
1.1423543409720465 0.8367859839280287 
1.1417687446018285 0.8359850250913892 
1.141989673172352 0.835861768908232 
1.1414123073593012 0.8359456400115829 
1.141106644705916 0.8362987485223908 
1.1416257809981794 0.8363535855185831 
1.1418307682551991 0.8358853770553176 
1.1417085065958705 0.8352341222391118 
1.1378610618839273 0.8345521636869441 
1.1329641299934785 0.8343165765340732 
1.1290869767346952 0.833959850245191 
1.1274292781959294 0.8335739495435875 
1.1265717384289486 0.8337045371585565 
1.1235270372174626 0.8337014879733238 
1.1217599591373448 0.8336317792932646 
1.119314883586156 0.8335644173967826 
1.1147928235126974 0.8330452011693485 
1.1097991260858484 0.8327859002008133 
1.106423467049397 0.832777383791736 
1.103231270005204 0.8326109789719209 
1.0992590314376964 0.832587944403792 
1.096598398560019 0.8324722541149443 
1.0944602605952252 0.8320796924434158 
1.0926542287211758 0.8318001599554184 
1.0898516937329634 0.8314076490336311 
1.087488231650181 0.8311760751472776 
1.0851384305604252 0.831141524527737 
1.083149294248135 0.8309314935317852 
1.080452378475871 0.8306542512067361 
1.0786740908868053 0.8305940181942328 
1.0771257349950458 0.8305701117477283 
1.0743592407571694 0.830584676941859 
1.0732805774332421 0.8306687175112656 
1.0715662782444844 0.8305214988848503 
1.0707997208307778 0.8303752006873418 
1.0680711799246174 0.8301725814098483 
1.0654834281074639 0.8300172262308979 
1.063986828911158 0.8296696334491073 
1.063203721543939 0.8295013449068912 
1.0622889959993196 0.8293453613756407 
1.0604334281405703 0.8292301176139061 
1.0580656588186417 0.8290299583599816 
1.0569165590834297 0.828733073862712 
1.0558558209125342 0.8284329227624339 
1.0544253351021002 0.8284069198541961 
1.053205752858609 0.8283638535715574 
1.051515421941104 0.8282262895005943 
1.0492734299647801 0.8280762858095965 
1.0482751354896571 0.8281214331117289 
1.0471781982707031 0.8279787669620586 
1.045203336384987 0.8277598404395877 
1.0438991771946804 0.8275660390960524 
1.0425430986782536 0.8274928741593313 
1.0407573307767168 0.8275502456453391 
1.0388914728920755 0.8274473426644856 
1.0377003817708985 0.8272710036038186 
1.036915216555975 0.8272089372850687 
1.036373559831308 0.8271937225377389 
1.035633445190319 0.8271970708350127 
1.0339297692626042 0.8271398227689858 
1.0322817332439163 0.8270919517728359 
1.0318646000288243 0.8270127432311534 
1.0309938854434408 0.8268687272724309 
1.0296574936267822 0.8268162196736669 
1.0281760277843541 0.8267441674012106 
1.0270866868927269 0.8265843931727167 
1.0256238514843126 0.8266470647982408 
1.024118325636538 0.8266817004790249 
1.023425364236397 0.8266972623182182 
1.022900614104819 0.8267585226442195 
1.022451406980958 0.8266627354772513 
1.0217886085652927 0.8265190214503312 
1.0204627255793728 0.8264469711249749 
1.0194623292270246 0.8262839813037589 
1.0195843034173122 0.8263556793152044 
1.0188004076253272 0.8263032261897723 
1.018463708950172 0.8263165766811658 
1.0173849742669667 0.8261602207247694 
1.0163131021894212 0.8261574505708452 
1.015982543063854 0.8259135488338469 
1.0151232136464974 0.8258006804517019 
1.0141503989384784 0.8257565140322327 
1.0132484744463706 0.8256552586514782 
1.0132387173976416 0.8255661542625399 
1.0130262282312725 0.825570862151828 
1.0126677542778377 0.8255040570898976 
1.012110389126506 0.8254894095168712 
1.0119108061396653 0.8254938691766087 
1.0111839663051052 0.8253729622637517 
1.0103733564207136 0.825154617810747 
1.0093760890894767 0.8250009112394493 
1.007905576964223 0.8248973659376164 
1.0074410201911843 0.8248224359038943 
1.0079548710147104 0.8249235049733538 
1.0074829363730775 0.8249473275114865 
1.0069009527051245 0.8249779808336618 
1.0063374139129868 0.824803213450778 
1.0053524011607713 0.8249133516056011 
1.0050420644272144 0.8247547929321674 
1.0040060833496163 0.8248052523955687 
1.0032863824103309 0.8247883962696732 
1.0022936053545315 0.8246945692472322 
1.0024859144930438 0.8247378099619624 
1.0026130771514956 0.8247232828391049 
1.0023759945963606 0.8247697482151121 
1.0015543543165029 0.8246922424979614 
1.0010102072219382 0.8246963301189842 
1.000658833249295 0.8247538801675836 
1.0006421233514946 0.8246674577083762 
0.9998120300710934 0.8246158092689655 
0.9990618476401966 0.8246028328537197 
0.9981260231290061 0.8245229447618915 
0.9977332147334232 0.8246041133517547 
0.9977796392810897 0.8244665862370929 
0.9977044863162603 0.8244101176297396 
0.9968917353962311 0.824376263974593 
0.9968682831061936 0.8244259459760489 
0.9962966028941952 0.8242434746829688 
0.9952812031572981 0.8241475911389193 
0.99402292990117 0.8241496257156153 
0.9926636215938641 0.8241655965927691 
0.9915342331197567 0.8241281382063823 
0.990999122344426 0.8240992845684146 
0.9904155072207014 0.8240229009354838 
0.9897226827700946 0.8238656496579656 
0.9887454801285155 0.8238698566186186 
0.9881111805141426 0.823725847176514 
0.9874501188916626 0.8236844955698446 
0.9864058095601377 0.8236062070200364 
0.985882411386391 0.8235761918927431 
0.9850393258731918 0.8235138206496799 
0.9843960681780066 0.8234667067430091 
0.9841624612782641 0.8234947951902516 
0.9839366833285275 0.8233793250600385 
0.9841557577077682 0.8235069216139733 
0.9837745302844068 0.8235475777835081 
0.9832894756694676 0.8235377387018896 
0.9826805104898243 0.8234106624468043 
0.9820574407910195 0.8233558750432766 
0.9814182396295681 0.8232914505022545 
0.9809560219598773 0.8232255285514067 
0.9806163079611664 0.823162175075085 
0.9799554217041819 0.8232115165547965 
0.979649026784911 0.823151148584875 
0.9793742955626116 0.8231610654857808 
0.9790775935901097 0.8230475356234283 
0.9788932111895733 0.8230316466888772 
0.9785132862550329 0.8229154755660373 
0.9783868897696876 0.8228835744410274 
0.9779594278889443 0.8228627371208197 
0.9781163839359291 0.8228839988814218 
0.9778646677481723 0.8228631485142364 
0.9772805422310936 0.8228462134819807 
0.9772949216673028 0.8229230710634143 
0.9766059278422202 0.8228506135375844 
0.9761547823287722 0.8228351660998305 
0.9760220605313547 0.8228070051558795 
0.9755811526986676 0.8227786405991119 
0.9763086141192472 0.8227782477732793 
0.9762810802083993 0.82266970120363 
0.9755085874412661 0.8226444238413342 
0.9748420359027508 0.8225510881583996 
0.9744120382125036 0.8225791606033226 
0.9740913404447068 0.8225890164065427 
0.9736482215997584 0.8226948844761076 
0.9735752667951788 0.822689797401965 
0.9737467836588715 0.8226595113942747 
