0.0 0.0 
1.4750763110546952 0.9282032899760783 
1.4952920035540977 0.891142320444133 
1.4874297159519225 0.887645713473263 
1.4754917104398306 0.8873909222075209 
1.4761503325855947 0.8913395648991979 
1.4772533349454664 0.8920536016315561 
1.475464688385759 0.8938410704727084 
1.4763939622531543 0.8953224682224052 
1.4748977677830222 0.8946683679659335 
1.473187999197972 0.8941860628204747 
1.4735371976205038 0.8936062952081447 
1.472264168140495 0.8935933403103316 
1.473275115080253 0.8937819519326563 
1.4735290669011836 0.8938775441430996 
1.4738241891308688 0.8954022611549273 
1.4741090874237786 0.8959762148352273 
1.474805336696348 0.8963166857611534 
1.4750039098471772 0.8964995971191174 
1.4755713505924162 0.8970853456026919 
1.4760664969137014 0.8982353222591765 
1.4761325864739294 0.8986230379260701 
1.4755194529059186 0.8987351142150363 
1.4766478397950185 0.8990807957007224 
1.476696440226957 0.899110802555702 
1.476676941142017 0.898907573999825 
1.476751426225962 0.8987911220096221 
1.4770016655510176 0.8985456284980644 
1.4769501419422084 0.8984344890043388 
1.477174302210292 0.8989107315032488 
1.4777174045849197 0.8990079834764635 
1.477624525901135 0.8992894321479062 
1.4780127313511648 0.8996319685010797 
1.478113850761874 0.8997610842006624 
1.478237158833191 0.8995408929414566 
1.4778368151563375 0.8995613513430021 
1.4776931079003224 0.8995458510338535 
1.4779651316993376 0.8998087755300511 
1.4780650566809836 0.8998145865751351 
1.477832528564287 0.8999665960823943 
1.477528452865335 0.9002090725983634 
1.4777958140268497 0.9004706978103675 
1.4778312970939784 0.9004717099027956 
1.4778271393704323 0.9002722511934668 
1.4784104985098663 0.9003471789415305 
1.4783663644049028 0.9003592929481398 
1.4782326756505881 0.9007455789911101 
1.478074978436316 0.9006412120758795 
1.478017922994374 0.9006159800678785 
1.478059015452732 0.900487129116824 
1.4780928344108468 0.9004817110223808 
1.47798975287568 0.9006001524680926 
1.4779210998392889 0.9004976202755682 
1.4779392933080238 0.9006565928648645 
1.47806712287095 0.900927071280772 
1.4782680586112473 0.9012666677774535 
1.4784460783967632 0.9014349834848605 
1.4783086811432207 0.901533111237896 
1.4781629077817082 0.901370815560939 
1.4778848398051356 0.90158897390375 
1.4778893717811352 0.9017143066830162 
1.4780728076363578 0.9018158721161943 
1.4779592299614743 0.901885874730132 
1.4778959084551242 0.902084241983223 
1.47786224525986 0.9023238367456811 
1.4780153221399752 0.9026291504103099 
1.4778561259880891 0.9026120366309471 
1.4780488154231042 0.9027847346800681 
1.4779181252694578 0.9028416563341529 
1.4778347195097192 0.9029506915633874 
1.4778247930233777 0.9030065169062301 
1.4779535459794693 0.9029640223411355 
1.478018194156137 0.9030741191305977 
1.4783182992176016 0.9031385129586633 
1.4782427929471964 0.903058844403869 
1.478260400874595 0.9030483034333466 
1.4783589659911618 0.9031771182629225 
1.4786560361267187 0.9032380985165157 
1.4788855000784644 0.9032657857344911 
1.4789474703640288 0.9033998276523929 
1.4789594744037193 0.90349347543638 
1.478919798493347 0.9035680072612515 
1.4789577909450147 0.9035815494469134 
1.4789756233637559 0.9035961228738467 
1.4789380892126898 0.9035964928502167 
1.4788437412579025 0.903677889573044 
1.4789009163946072 0.9037140403347036 
1.4788625462156397 0.903605975799174 
1.4788736624230687 0.9035530583829902 
1.4789381544433868 0.9036696365226609 
1.478941078887841 0.9036443294551029 
1.478814857664051 0.903803446870628 
1.4789058354979054 0.9039342487715429 
1.4789232166006725 0.9040603759030867 
1.478910524424933 0.9040282811951779 
1.4789867574280293 0.9040759022583464 
1.47908445631913 0.9040875021019983 
1.479171896825365 0.9040383319973677 
1.479403979004013 0.9041085779282431 
1.479353615503366 0.9040476254533626 
1.4792925074076888 0.90401922898097 
1.4794658210907896 0.9041092584050282 
1.479422030926249 0.9040785626189967 
1.4793721095322978 0.904135743247289 
1.4794247181563622 0.9042153869143972 
1.4795271934470102 0.9042045910510023 
1.4796143611593102 0.9042748681694913 
1.4796614387143432 0.9043995808556345 
1.479778925081323 0.904494370954349 
1.4797076503281983 0.9045314393725495 
1.4796810390212711 0.9044644762767882 
1.479617334550196 0.904465948746223 
1.4797110950493477 0.9044790816497953 
1.4797037497950762 0.904409356960667 
1.4794445128179978 0.904391273126709 
1.4794693793009226 0.9043978196218482 
1.4795328687772402 0.9044260562173065 
1.4796642642122269 0.9044910752504981 
1.4796091409540126 0.90461487055253 
1.4797067368247885 0.9046588523022391 
1.4796181221101343 0.9046863995543731 
1.4796126375669105 0.9046493283285494 
1.4796804170112465 0.9045555539105261 
1.4796714540706966 0.9045945659160337 
1.4796209206037616 0.904578415553117 
1.4795212197384684 0.9044685658910064 
1.4795141614463954 0.9044849651567548 
1.4793958565701464 0.9044645276005517 
1.4792985318117842 0.9044444671630691 
1.479450094269851 0.9044080304773373 
1.4794594432996975 0.904358479469441 
1.4794241630661704 0.9043402484367861 
1.47942333925424 0.9044473207114448 
1.479462241416987 0.9044914603248336 
1.479428467533929 0.9044872175610978 
1.4793412807746154 0.9044514786466324 
1.479414829390687 0.9043884498503889 
1.4793791704502695 0.9043884709496264 
1.479388017157546 0.9045082769824698 
1.4793902612261907 0.9045122083352392 
1.4793567932147647 0.9044998783988935 
1.4793041814423096 0.9044614132945791 
1.4793298807286892 0.9043786352229956 
1.479397714363438 0.9044205092694992 
1.479413127087647 0.9044045618485951 
1.4793873981839134 0.9043469727453077 
1.479386849293164 0.9043879734376522 
1.4794855778546885 0.9044697062383323 
1.4794206213018657 0.9044845744352484 
1.4796397813051096 0.9045960880097196 
1.479665205995295 0.9045934540353928 
1.479742884009727 0.9046376838394489 
1.479616046011572 0.9046527286036973 
1.4797599076684802 0.9046795458992936 
1.479763537009977 0.9047244389753155 
1.479708912203403 0.9047618925832756 
1.4797354907334812 0.9048150727951695 
1.4797006215406099 0.9048383151057973 
1.4796649626590694 0.9048144276839647 
1.4795785593297428 0.9047714553563253 
1.47956165364535 0.9047114926786779 
1.4795252675000514 0.9047488206957974 
1.479523030480323 0.9048088773252817 
1.4795849270254753 0.904898120010927 
1.4796069091913335 0.9049803566794623 
1.479552113200284 0.905068569640135 
1.4795673449893452 0.9051268322455115 
1.4795944758754123 0.9050669074609358 
1.4796146497355327 0.90501660759939 
1.4796415520400255 0.904993138730285 
1.4795888139022544 0.9050088592701253 
1.47962815008766 0.904978826326074 
1.4795938079729911 0.9050219932186196 
1.4795913143201789 0.9050417378434328 
1.4795107552297577 0.9050313362975432 
1.4794963249117257 0.9050621297748227 
1.4795413657713568 0.9051236348915364 
1.4796152737006907 0.9051851158198284 
1.4795508702881157 0.905179422404913 
1.4795767035917347 0.9051868836274992 
1.479617453357864 0.9052467944949449 
1.4796906353823136 0.905289871447324 
1.4797642772762163 0.9052977882570971 
1.4798055503336012 0.905290364602352 
1.4797836352235871 0.9052956849716866 
1.479826576480112 0.9052660510328724 
1.4798103450339608 0.9051956584841709 
1.4797931746710047 0.9051622439282484 
1.4796854187669508 0.9051405419171437 
1.479719303407137 0.9051586261423626 
1.4797018980564398 0.9051395659691949 
1.4797084150300825 0.9051992335373015 
1.4797444989574466 0.9052045124540623 
1.4797104482565322 0.9051655034418618 
1.479766359260849 0.9051981785133991 
1.4797653478232051 0.9052662522710884 
1.4797656394683918 0.9052707203309988 
1.4797260715022165 0.9052270549954596 
1.4797747961896885 0.9051869096627962 
1.4797834390766846 0.9052200628807237 
