0.8249783772701152 0.0 
1.2688263121052037 0.9260650882167888 
1.2860426035459294 0.8971462834618146 
1.3058858194528629 0.9114009572054469 
1.2982994096669798 0.9147333352656882 
1.296010640840158 0.9151141666555461 
1.3064985480200118 0.9152410991867106 
1.2938895873813483 0.9141795086595093 
1.2958780432672397 0.9152773681996053 
1.294053157236141 0.9153547851398732 
1.2881471265600817 0.9148141227422093 
1.2929205448695693 0.9147045731776652 
1.2940599238229993 0.9135666058074673 
1.2895045386586865 0.912967096539163 
1.2901978901345852 0.9125548308623873 
1.2903654800098998 0.9124101589151602 
1.287696395338954 0.9124525942463768 
1.283937141683865 0.9116186645319484 
1.2809377923981646 0.9110671075932455 
1.2800945971049622 0.9109514076509001 
1.276884495846281 0.9107862528720005 
1.2761072449787692 0.9110766821755272 
1.276012957439307 0.9101295126940795 
1.2768647575297911 0.9103448551451654 
1.275833146245328 0.9101158813444898 
1.2765650525606524 0.9103984750585161 
1.278991286578775 0.9099905669384883 
1.2773201045126041 0.9100729357725453 
1.2764053408177725 0.9094603038470298 
1.2744422955795605 0.9089100986256781 
1.2741082820634098 0.9092405155696798 
1.2754343176177185 0.9092673552699961 
1.2738274252002566 0.9091284881691073 
1.2726442737246277 0.9087465651845333 
1.2734217822542995 0.9092187702953201 
1.2741911071944407 0.9093411905106152 
1.2743219198629874 0.9091322706984617 
1.2729288438304887 0.9087656341365644 
1.2719960698540629 0.9088646480505016 
1.2700831711531324 0.908404757861325 
1.2714146863570328 0.9084567015994575 
1.2695391110253609 0.907783537853687 
1.268830484169507 0.9077631899648978 
1.268503647800329 0.9073658086748578 
1.266891100204029 0.9072437649550438 
1.2673752024985796 0.9076649761883046 
1.2663997118068027 0.9073339125863455 
1.2665355629351143 0.9077343330733981 
1.2691227252596031 0.9076264975594692 
1.2691127297621279 0.9073871898267184 
1.2680311728688698 0.9070740688724025 
1.2682023424398885 0.9066381685256478 
1.2667104719078561 0.9062020177236646 
1.2682847639253505 0.9064402677700771 
1.2683249595641488 0.9061674332051203 
1.267905601541258 0.9060548765559089 
1.2683385128996265 0.9058032359123195 
1.268484530448824 0.9058037134561512 
1.2668314475546285 0.9057288906392469 
1.266029437979048 0.9057332190157101 
1.265694808448601 0.9055424126176352 
1.2649172770372794 0.9054769783692815 
1.2647403337318681 0.9052635817151757 
1.264339668748389 0.9052367151639217 
1.2640825275141643 0.9051113245434206 
1.265959418420533 0.9054247522734129 
1.2656870478679798 0.9054056334995346 
1.2649959230239374 0.9052699027033264 
1.2640990846850906 0.905286425626525 
1.2633229400676715 0.9051996773790715 
1.263009364776303 0.9051039942883929 
1.2624528197654339 0.904817949976723 
1.2615733522990558 0.9047594403391765 
1.2612337331471528 0.90471111578989 
1.2615096193014634 0.9047273914275212 
1.2611385719827106 0.9047255866499392 
1.2610152049937193 0.9047429703143337 
1.2608903542401588 0.9046764371089835 
1.2617391531291786 0.9047305615999253 
1.2610979979571244 0.9045604842585748 
1.260569557580525 0.9045227681829688 
1.259670247298583 0.9041464234325242 
1.2597041712639734 0.9041171574969529 
1.2597889665863353 0.9041124284323235 
1.2599636594168908 0.9041517725348728 
1.2615660076938784 0.9043806036742188 
1.2621992521121852 0.9044871590561049 
1.2621661767569332 0.9046005585417175 
1.2618907463360323 0.9045397128241555 
1.2609939809340729 0.9044834948170247 
1.2618043640263372 0.9045982440579992 
1.261590645665617 0.9046480399736112 
1.261468094565986 0.904885934884804 
1.2610224596843163 0.904743759052385 
1.2611303336080686 0.9049348075854707 
1.2610159355227957 0.904662472980445 
1.2605834316967832 0.9047091297890204 
1.2606057035669134 0.9048580630961042 
1.2607194563387236 0.9049824479187767 
1.2599588221484816 0.9049812421588038 
1.2597372778928377 0.9048615664455647 
1.259558047204616 0.9049335451978565 
1.2601480515312653 0.904934648739657 
1.2600200497415703 0.9049434325474954 
1.2594285955139737 0.9047864363587204 
1.2597304585221913 0.9049607408003278 
1.2596598319519823 0.9049124984455083 
1.2595630059745226 0.9048643428986769 
1.2590942790684316 0.9046342622354769 
1.2585375622943644 0.9045390068911476 
1.258899908434426 0.9045511826412598 
1.2589273748561587 0.904627267285578 
1.2586320395905868 0.9045557554373322 
1.2584245444323137 0.9044796930568282 
1.2584841003443041 0.9044094723536275 
1.2585006816779232 0.9044683585797734 
1.2587120889806056 0.9045727190270267 
1.2583656835586365 0.9045085952769519 
1.2583286695360762 0.9044211498092709 
1.257798966847337 0.9044141552165282 
1.257689562398011 0.9044198935861285 
1.2577077357484656 0.9042753992974266 
1.2577101176406464 0.9042111870612236 
1.2568998686132837 0.9041335273912704 
1.257798720512778 0.9042260765259957 
1.2575343306836317 0.9040848961144935 
1.2571535164688852 0.9041362602146763 
1.257840129417759 0.904100729372844 
1.2577903137613664 0.9040470142082861 
1.2573059527748265 0.9040322962450511 
1.257046527632132 0.9038423112925074 
1.257139630584444 0.9038051998510553 
1.256548586048098 0.9036364989436502 
1.2571712584449133 0.9038492093585643 
1.2577882106114884 0.9038129427009304 
1.2579068146716677 0.9038618205390623 
1.2577465034039204 0.9038117103880177 
1.2576542371647355 0.9038515563568579 
1.2585923976770932 0.9038620594073169 
1.258929532776502 0.9039575673275971 
1.2589108053876314 0.9039572316496028 
1.2586436544891264 0.9038575174315726 
1.2587914598785879 0.903804131402913 
1.2582986567902277 0.9036321890531379 
1.2586669854448982 0.9036968371217905 
1.2583236623086556 0.9036124318231858 
1.2589557545459042 0.9037391490250795 
1.2589431854557322 0.903643901514735 
1.259439504166886 0.9038620577852574 
1.2595771564216645 0.9038142814641373 
1.259544909713154 0.9037815306781178 
1.2593429354845187 0.9036529142257678 
1.2596414278779902 0.9036714609275056 
1.2595856459022425 0.9037254765092585 
1.2593597082481374 0.903696961376915 
1.259627725632267 0.9036476714191127 
1.2599079058489704 0.9037033548681845 
1.2597523780426578 0.9036214402567858 
1.2597141634106193 0.9035984096156787 
1.2597188983996315 0.9035340441462655 
1.2595974287164975 0.9035483216437763 
1.259322609013439 0.9035531160483226 
1.2589749793003169 0.9035205352737269 
1.2589867944912139 0.9035932314896057 
1.259436622490706 0.9037745027177747 
1.2597958828457765 0.9038893580990306 
1.259386329058224 0.9039509897051868 
1.259826455521479 0.9040134026079938 
1.2599183962446572 0.9040439240471679 
1.2599971743802776 0.9040842745542542 
1.2601190621269507 0.9040114078362659 
1.2603290488278616 0.9040106181160957 
1.2604013946233465 0.9039521709771386 
1.2603193365587584 0.9040249177429373 
1.2602084082437617 0.9040766079026274 
1.2606252141890766 0.9041337576306584 
1.2606819558199864 0.9041608489495004 
1.2610301030541362 0.9042260676999191 
1.2609960552863013 0.9042046631724118 
1.2609621685596686 0.9042329053881135 
1.261483949167069 0.9042765186557177 
1.2615192027844764 0.9043583214074631 
1.2612204271735896 0.904279994093021 
1.26196518933508 0.9044314308020701 
1.2623507059331145 0.9045113414137936 
1.2621018412171363 0.9046025495244931 
1.262337156394488 0.9046566300445685 
1.2623189873684342 0.9046047841200292 
1.2621038528293194 0.9046098025406709 
1.2622798950280756 0.9046012454753409 
1.2625732164332137 0.9046459289563015 
1.2623472132080877 0.9046096594226968 
1.2622995755721165 0.9046388123482815 
1.2619138385033928 0.9045506906838086 
1.2616858100357164 0.904604449950294 
1.2619284092056668 0.9046390298143349 
1.2616176599661175 0.9046664250078672 
1.2618814530253726 0.9048541334874992 
1.2617408995970218 0.904825242555402 
1.2614600096232802 0.9048479615005346 
