0.7894850210319958 0.0 
1.3124381977881476 0.9282555272614711 
1.328097542011571 0.8841961446321305 
1.2979111848216514 0.8788254962064596 
1.3008776869011263 0.8764491029976744 
1.3035871239781525 0.8739118190156863 
1.3005766543592263 0.8722623593638049 
1.297775505232423 0.869378575036304 
1.3074494999332278 0.869186603717421 
1.2988860718560458 0.8677438613627424 
1.2925432313641063 0.866783900526698 
1.2832122103221169 0.8639102830042912 
1.2904318115052105 0.8639973412496226 
1.291965538526163 0.8637837076450636 
1.2965954011198368 0.8644366327691131 
1.2988129578321979 0.8641340887136039 
1.2918145383070372 0.8626624034551972 
1.290884948372699 0.8617902999958658 
1.292342464897107 0.8612115143773362 
1.2891143241210505 0.8606151242775048 
1.2871346414890767 0.8593784689302164 
1.2868630442813347 0.8586448119399409 
1.284584985647528 0.857623736947816 
1.283143064393957 0.8568317751336707 
1.2811964620805025 0.8559145522196216 
1.28159944209074 0.855131989732725 
1.280451312658221 0.8545147607368333 
1.2783000885390348 0.8538624728540026 
1.2764718366834122 0.8525663482490202 
1.2750414788770066 0.851899823852197 
1.2763570831605089 0.8517912585694952 
1.2759136612116337 0.8522580718802815 
1.2789785708455559 0.8523469554293557 
1.2789986756435274 0.8523378220002205 
1.279314902100499 0.8520230170775412 
1.2771048020407476 0.8516985756257531 
1.275830590178895 0.851463383796835 
1.2749400991909674 0.8511170296247409 
1.275673315780665 0.8512015685039698 
1.2761662628341974 0.8516570336681013 
1.2771334342515417 0.8517254507128701 
1.2772653767671815 0.8515256226673179 
1.2755653793162278 0.8510658642408592 
1.2758580288006243 0.8508216851966085 
1.2750679431271277 0.8506021938074273 
1.275472730632667 0.8506100996587185 
1.276163135738515 0.8508552721146234 
1.2761178317751574 0.851039741598545 
1.2751531492375752 0.8506136224289053 
1.2741486143979592 0.8507707106172592 
1.2753178364281919 0.8510286509608818 
1.2743000008854102 0.851294743085282 
1.2732799275582332 0.8512120195669095 
1.2714213318762466 0.850764967016987 
1.2731186545876028 0.8507190326148145 
1.2729059001224725 0.8507908119529309 
1.2721798092836554 0.8505797949044551 
1.2725800131253238 0.8505450049318133 
1.2714733384183596 0.8505256760987123 
1.270830549332877 0.8501264136716497 
1.2703156012124748 0.8498035323434185 
1.2695720699870088 0.8493074933302156 
1.2683504279268372 0.8488880621569973 
1.2676943509448062 0.8485948447031869 
1.268431303218734 0.8484374086681149 
1.2682253512420658 0.8484875475692317 
1.2670534901078656 0.8482281042329515 
1.2660544664151692 0.8480097672280662 
1.2657858072704142 0.8478183532178132 
1.267663022841717 0.8481453312047468 
1.2675380068491875 0.8480348869328342 
1.2665667028970002 0.8477620222239847 
1.2657858806934674 0.8475329637617341 
1.2646486944585194 0.8474935531345821 
1.2636157447904985 0.847274388780222 
1.264832026056203 0.8475210775658807 
1.265097680450491 0.8477695657364669 
1.2646263845297487 0.8479333961789176 
1.264726835828842 0.8478452723811583 
1.265721372426951 0.8478602149114838 
1.265207029871572 0.8476507249148628 
1.2666627884543855 0.8478338558900768 
1.2668912464173074 0.8475384976949366 
1.2661638298259343 0.8473017225120322 
1.265736326312221 0.847155334974674 
1.2649956065337475 0.8470445147662314 
1.2639483498644053 0.8470724704890484 
1.2647650451759325 0.8472911363881118 
1.2649158574265345 0.8474980979123558 
1.2650962316163523 0.8472652765232479 
1.265146448741164 0.8471666426730904 
1.2644738262849113 0.8470039033324098 
1.26411924183225 0.8467554785553152 
1.2636437270370253 0.8463616251439556 
1.2644104589947551 0.8464206439747528 
1.263845623444529 0.8461919369877601 
1.2630290951896712 0.8460556207355037 
1.263160384059406 0.846125607125855 
1.2633272556461397 0.8461243187492966 
1.2628987393562956 0.8462643953133839 
