0.7894850210319958 0.0 
1.2030611358452337 0.9271322344671578 
1.0642506046003517 0.8886070498060558 
0.9873790434902385 0.8974407896871666 
0.923953984461852 0.8981699870791592 
0.8724112429029008 0.895384053270274 
0.8288370275165678 0.8934666217757171 
0.801930174128554 0.8905524828620787 
0.7811380461120057 0.8879050892176642 
0.7709597067361883 0.8847034212705356 
0.7584046421910207 0.8820263872163115 
0.7450528593363684 0.8815654870576358 
0.7375298795588532 0.8801941055512669 
0.731171645556822 0.8787809759938269 
0.7320610898753633 0.876265554806688 
0.7281124683275828 0.8752688811616314 
0.722092568174892 0.8740394334030499 
0.7140778609109407 0.8734220538598347 
0.7087223491686898 0.8723527681314392 
0.703532437218598 0.8716759199407869 
0.6936174865357353 0.8710120088869516 
0.6865848942663936 0.8705874890120155 
0.683394709034852 0.8700335454182789 
0.676079767771906 0.8694356824378471 
0.6720579745180539 0.8688609295794558 
0.6691845522312752 0.8684419085603705 
0.6651653263616712 0.8684349826854042 
0.6603035602660656 0.8681646937362475 
0.6563691155892443 0.8679361275171441 
0.6524186085879214 0.8679299709721956 
0.649707357017699 0.8675441600895047 
0.6461289150745643 0.86751498709794 
0.6426483725575791 0.8674959822793489 
0.6398377235719968 0.8675078379552493 
0.6365655120641274 0.8674587649783118 
0.6341445915460165 0.8673891224532271 
0.6308200447971343 0.8673491827200869 
0.6306607641428107 0.8674238879253314 
0.6290536374676579 0.8670387587925441 
0.6282032158235112 0.8672747630533667 
0.627391630250956 0.8670288082894109 
0.6268369532541745 0.8673501553230407 
0.6271133829455993 0.8677972715475438 
0.6257032580088534 0.8676090626331048 
0.6248118540030115 0.8676842174430569 
0.6237363495887333 0.8676642376502209 
0.6251455598720523 0.8675604582554182 
0.6251685241211331 0.8674319927734995 
0.6237688996042385 0.8673060356446644 
0.6221964744680025 0.8674424725655613 
0.6195538191307971 0.8674228766669231 
0.6190855753785901 0.867230578184829 
0.618343504678244 0.8673354610822064 
0.6176867705879912 0.8673036186604863 
0.6197291935006394 0.8672905722870268 
0.6192818334256371 0.8671919782338084 
0.6177628864619308 0.8672820372312443 
0.6165760055927693 0.8673209531531232 
0.6155331601279769 0.8672630797941147 
0.6159027205977626 0.867185703973634 
0.614502375419985 0.8671898311023839 
0.6129736155439176 0.867249603577242 
0.6126504050004897 0.8672571597441643 
0.6129831685282829 0.8672426907931351 
0.6144104211953062 0.8673541050068608 
0.6154191051337564 0.867347764465703 
0.6163539868759667 0.8674362143217378 
0.6169229259136851 0.8675431423734947 
0.6172596307577484 0.8675455899397986 
0.6200849264222666 0.8675051665482822 
0.621350421137096 0.8676315220958726 
0.6229507842283601 0.867588305921676 
0.6233182590576704 0.8677227772834372 
0.623848890785581 0.8677847865646314 
0.624188427589041 0.8678251279995476 
0.6252928547100477 0.8678119011525963 
0.6270879798673613 0.8678523454599008 
0.6292342566847844 0.8678884532877594 
0.6305230140813438 0.8678813141583684 
0.634643162989145 0.8679087872319284 
0.6371161816850878 0.867895578376118 
0.6408707530154735 0.8679962437584502 
0.6440341705687435 0.8680445676057965 
0.6464488010484716 0.8680147334349124 
0.6488679968706293 0.867939369443664 
0.6506852951070643 0.8679787386740553 
0.6519421780420213 0.867892135637987 
0.652542518332181 0.8678432544558181 
0.6530466708473912 0.8679427141078151 
0.6535419785523472 0.867927859376941 
0.6541721462246619 0.8679110865890947 
0.6546360278356276 0.867870580831055 
0.6548422306228102 0.8678001137542354 
0.6552893634631832 0.8676416130304987 
0.655618939495755 0.8676269450609804 
0.6552167907686165 0.8675819424161209 
0.6544119227063209 0.8676129196347693 
0.6539716881510326 0.8675701922985664 
0.6543279913094556 0.8675288058133587 
0.6542703939430217 0.867443969537828 
0.6536606129165701 0.8674404018503539 
0.6543079225153711 0.867336890174907 
0.6535948034474637 0.8673043809234158 
0.6531829816422996 0.8671849380228299 
0.6527965688443563 0.8671218745038975 
0.6522728268596696 0.8671871982791107 
0.6513491834192873 0.8671473354349533 
0.6504680507755696 0.867194144110322 
0.6495262253125126 0.8671793377491588 
0.6486791106259255 0.8672354094275219 
0.647778933184944 0.8673098930472108 
0.6474163854929985 0.8673073392884799 
0.6471258764962315 0.8672085921385944 
0.6459926127108013 0.8671663782624691 
0.6452767987659753 0.8670859241689742 
0.6441831566417264 0.8670191365515427 
0.6433874665428202 0.8670614798843939 
0.6424546790869058 0.8670594196963006 
0.6418551251586393 0.8670839833344369 
0.6411958268079675 0.8670009792927453 
0.6403170527877617 0.8669552731057032 
0.6393654888120114 0.8669570242112979 
0.6382141493465024 0.8669494100541489 
0.6372604596070914 0.866950708881473 
0.636272528446607 0.8668893790973722 
0.6351973099275389 0.8668509763587744 
0.6344416622697762 0.8668957174705124 
0.6335138602153129 0.8668513165483347 
0.6325113510871683 0.8668757199810295 
0.6317911072790522 0.8668586953900066 
0.6308246869471608 0.8668595589071243 
0.6299537561669615 0.8668844569935353 
0.6292842016037796 0.8669078125173361 
0.6288342611788399 0.8669206354643881 
0.6286794749884516 0.8669503259137504 
0.6276493811514658 0.8669423330063188 
0.6273427211178534 0.8670112456856436 
0.6264685048505059 0.8669857999523046 
0.6254896698834902 0.8670193867990954 
0.6246296647867962 0.8669891339421216 
0.6240344695074944 0.866993062972376 
0.6232893795031346 0.8669988704546824 
0.622409651223307 0.8669751721549869 
0.6219848604397885 0.8669500930716721 
0.6214071898551714 0.8669546359317263 
0.6208613283099665 0.8669663067773654 
0.6205553572615014 0.8669414865570242 
0.6200771830509095 0.8669498611800649 
0.6192480055143965 0.8669849043431884 
0.6187816661393258 0.8670220117730404 
0.618416421490847 0.8670348820660994 
0.6181631575746895 0.8670606115371821 
0.6176970946303644 0.867144442559606 
0.6168593522277825 0.8672199502366995 
0.6162604618333045 0.867223260232242 
0.6159381133094681 0.8672549540808748 
0.6154552469763822 0.8672594283234866 
0.6151014615165054 0.867301920473688 
0.6143570009740319 0.8673179898554662 
0.6138980565381721 0.8673250109262182 
0.6131189204087246 0.8673250297590546 
0.6123827957486866 0.867346401292043 
0.6116168470603137 0.8674228382440083 
0.6111572860934623 0.8674151563038148 
0.6107533121979193 0.8674471649080219 
0.6105177942758473 0.867487872589938 
0.6101377086524545 0.867492494702434 
0.6096151238328914 0.8675184536830994 
0.6091180523464023 0.8675800904460149 
0.6090211247872562 0.8675892731820665 
0.6086883775182867 0.8676435323416299 
0.6079909448400331 0.8676882171307724 
0.6073504594255966 0.8677067450438671 
0.6069941804675238 0.8677316864274983 
0.6062377036476433 0.8677287369062529 
0.6053224401023356 0.867751689548795 
0.6045972591004611 0.8678196524556209 
0.6042159570064268 0.8678471949953175 
0.6038549084239967 0.8678928748407425 
0.6031613061194673 0.8678860225527413 
0.6025275846604712 0.8679163700683806 
0.6020741287082279 0.867935791475957 
0.602094812345715 0.8679157031534694 
0.6017981577853164 0.8679022788072625 
0.6017174401140324 0.867948411482351 
0.6016200164631362 0.8679795988986995 
0.6011600997940663 0.8679602738482061 
0.6005448411072759 0.8679792876986593 
0.5998039784425027 0.8679846963975565 
0.5991549765466203 0.8679955893987691 
0.5986444707898252 0.8680202637994984 
0.5980857349204005 0.8680768915528059 
0.5977780432370767 0.8681261364448699 
0.5976340180517699 0.8682313138666251 
0.5975946976706005 0.8682620093330929 
0.597494364655742 0.8682853673901421 
0.5972767116599177 0.8683230014791039 
0.5969126557562507 0.8683076434361399 
0.5966303587235828 0.8683277904160869 
0.5962230427986684 0.8683462048147871 
