0.7894850210319958 0.0 
1.2606506151448509 0.9285272799895815 
1.2624710543751008 0.8880489192905316 
1.2443371455665162 0.8943366984272915 
1.2381471918277889 0.8929811955568312 
1.2320957210199748 0.8931429002436441 
1.2391352118901178 0.892952008907792 
1.2371764499681035 0.8905494092862357 
1.2293440452101372 0.8881162561017742 
1.2233189606424253 0.8862425231965915 
1.2187224422271885 0.8851250078216609 
1.2145529670398094 0.8832838351915503 
1.2088760413097077 0.8827409451948901 
1.2083720853792885 0.8822640138643357 
1.208640247924551 0.8811870981711377 
1.2046159293623624 0.8801058818542141 
1.2006059395707163 0.879562501887092 
1.197066248896681 0.879257191473144 
1.1974786550106624 0.8792258602465344 
1.201207115213229 0.8785568599952522 
1.2032960884795147 0.8776635938617292 
1.2029673367665428 0.8778700062076681 
1.204545583625386 0.8780585384607279 
1.2047264844526746 0.8781407235397615 
1.2050267081192032 0.8777934256534322 
1.2026995244459169 0.8778175970515065 
1.2010258666845248 0.8779901095074115 
1.1986485938983216 0.8778207134165125 
1.1973574219865293 0.8785458990617242 
1.1957558318869803 0.8794644935130524 
1.195387648804312 0.8804632720908454 
1.194635496736678 0.880370555600716 
1.1928276292042699 0.8797506520659939 
1.1917064906769534 0.8795078332543673 
1.192975348960521 0.8794984573146776 
1.1920489995925754 0.8794646994714237 
1.190411497747447 0.8795812729880702 
1.1888641293223867 0.8795644675914189 
1.1874579609608633 0.8794267834918043 
1.1856743920522879 0.8790913842716435 
1.1858874403688238 0.8789842610506516 
1.1837851541045326 0.8783957355669109 
1.1811942491629701 0.8781174059165436 
1.180300497928227 0.8778160996934645 
1.1787498080754473 0.8772982221661084 
1.1769682574073939 0.8766755128649676 
1.176812628830495 0.8765386397546966 
1.1762361560332268 0.8761035819841888 
1.174820174133682 0.8759420766846927 
1.174605591016239 0.8754977973959152 
1.1726930053859301 0.8752859700501265 
1.1712809323530484 0.8751221183824397 
1.1699897700023247 0.8747516102372482 
1.1689582023423997 0.8741976518050361 
1.1673899147884124 0.8738724763192147 
1.1664659191357987 0.8737956788370232 
1.1675273505596233 0.87360611348612 
1.167127851711149 0.8736491626409907 
1.1676607939264378 0.8736760209106881 
1.1676236595709146 0.8734976549639283 
1.167314344315968 0.8733082156837464 
1.1657219665747445 0.873217850988017 
1.1648226902446095 0.8729380462044696 
1.1642367308761994 0.8728963841774361 
1.1644589979002695 0.8728309261968066 
1.1639967991866154 0.8725948615077866 
1.1632755633797167 0.8723116508586944 
1.161771494655041 0.8722127182247137 
1.1611019317137556 0.8722268584695528 
1.1609378370981132 0.8722265820473194 
1.160068232538857 0.8720847703269273 
1.1586336284052114 0.8717767762718043 
1.1571112630342975 0.8715304129725121 
1.1559463431516666 0.8713126804395722 
1.1544720597631288 0.8711173788260058 
1.1538640328021155 0.8710828478633077 
1.1528567965210745 0.8710898879786466 
1.1521113472759048 0.8710489682403787 
1.151988684762347 0.8710047854349551 
1.1526104581477876 0.8709004930785244 
1.1529511837884638 0.8710119133171077 
1.1529274666850826 0.8709311450589085 
1.1534178423326533 0.8709406967410959 
1.1535440445742184 0.8711135059037731 
1.1531619681791194 0.8711097948022797 
1.1532819465157178 0.8711878325118344 
1.1538002994372933 0.871419307515117 
1.1538780211011894 0.871424604478228 
1.1539787865063915 0.8712706295533825 
1.1537881437969584 0.8713574787602832 
1.1534172414214998 0.8714446716281153 
1.1539331341424761 0.8714719765535561 
1.1534375060128585 0.8714657643888887 
1.1533610747110952 0.8714689555838253 
1.1535664072151908 0.8716455075191488 
1.1538415097700117 0.8717179707993737 
1.1535847465133802 0.8717123535462468 
1.1532839764497433 0.8716151028890518 
1.1534753065779928 0.8717216588455245 
1.1532421240257442 0.871791795637669 
1.153474240507688 0.8718593065670073 
1.1539141798033634 0.8721229395006665 
1.1536524913306068 0.87222414358987 
1.153740430946719 0.8722492666077147 
1.1529454126494425 0.8721777406209417 
1.1526002563189817 0.8721617227426165 
1.1524370138272764 0.8723107057290664 
1.1522989673423627 0.8725137385523057 
1.152326759995742 0.8726743472546886 
1.1523261005631433 0.8728003784199486 
1.1522002464017884 0.8728306748692959 
1.1521129778248005 0.8728661688006366 
1.1520585869472735 0.8728705309549574 
1.1515778440465867 0.872945505229094 
1.1509621221134352 0.8727854818164102 
1.150912197046353 0.8728292492025181 
1.1503775245026382 0.8728635104645529 
1.1504067573219248 0.8727857441356137 
1.1502881019262834 0.8727295687962704 
1.1502931740215987 0.8727231835196985 
1.1499137259058951 0.8726144838599416 
1.149421025885647 0.8725082650077229 
1.149141021989481 0.8725202252617091 
1.1487393357829505 0.872597095272476 
1.148664243874776 0.8725760003944959 
1.1481747829851507 0.8723535704663671 
1.147890133644175 0.8722201913821791 
1.1472940773415268 0.8721246768832079 
1.147284134210363 0.8721134585972061 
1.1472533209741822 0.8719964911043101 
1.146926746128941 0.8719276010473505 
1.1466906006191837 0.8719152183156635 
1.1466596112825445 0.8718849459286928 
1.146334629464169 0.8718265931512292 
1.1459074582413917 0.8718939123386494 
1.1460386344252098 0.8718815025103585 
1.1458810537528161 0.8717567590558326 
1.1457773048316549 0.8717284005670936 
1.1456137629554028 0.8716690811931243 
1.1453219191674429 0.8716660173864047 
1.144961994056473 0.871546146293142 
1.1447643788451363 0.8714909890448431 
1.1446124573248024 0.8714168558580907 
1.1441489833968055 0.8713552361050557 
1.1439073770990904 0.8711696944019525 
1.1436060803737667 0.8710411607398896 
1.1431561530690724 0.8709855123154243 
1.142624139835004 0.8709107338550026 
1.1422968364389814 0.8708937115918784 
1.1418113577268985 0.8708682821803182 
1.141949383784745 0.8708694613706357 
1.141731058866037 0.8707424559127835 
1.1411747086891995 0.8705760114068563 
1.1411449967069376 0.8704911758958727 
1.1411120420734961 0.8704464829051395 
1.1409132111495914 0.8703875193748023 
1.1404992193108712 0.8702655425907687 
1.139778720404928 0.8701509634787983 
1.13976021682118 0.8701753984047048 
1.1393738365341193 0.8701089809985658 
1.1388188582781091 0.8701213355444833 
1.1388524956219217 0.8701225567496739 
1.1384562807024214 0.8700366456509844 
1.1381345049241642 0.8699322889774453 
1.1377343989688178 0.8697625681164658 
1.1374016324406164 0.8696568425652392 
1.1373705285026243 0.8696072002099831 
1.1370848821304684 0.8695003310508751 
1.1365762633271355 0.869367324275662 
1.135942825630152 0.8692309514278918 
1.135322791654117 0.8690942335463292 
1.134991496643146 0.8690605476937173 
1.1345177644406585 0.869028178630993 
1.1338979561496627 0.8689444603484365 
1.133167281198252 0.8688343589408669 
1.1326354787139212 0.8687269289909448 
1.1324391837515886 0.8686091827769177 
1.1320189822695992 0.8684582835930781 
1.1314260683170243 0.868396978567286 
1.1312516980098508 0.8684101777413565 
1.1307913788248318 0.8683838783297885 
1.130143287210304 0.868204381265978 
1.1298819005921477 0.868170836143392 
1.129610970297096 0.8680744405970728 
1.1288577220753298 0.8680193380435797 
1.1286455516512472 0.8679099943237156 
1.1281473644130806 0.8677539680220282 
1.127766869425878 0.8676947523701258 
1.127701265980696 0.8676815871701351 
1.1275000135210864 0.8676326213690836 
1.1275135112510688 0.8676469771557602 
1.1274232054361837 0.8676438444804478 
1.1273831655502184 0.8676876071663892 
1.1271380978062502 0.8676237255566192 
1.1266962316787361 0.8675729488778688 
1.1261667208998152 0.867478990794947 
1.1259817897996425 0.8674483954613972 
1.1258363827232736 0.867387666134042 
1.1256578244942002 0.8673599426130361 
1.1256119618697218 0.8673255859361076 
