0.0 0.5232100152526438 1.6094379124341005 
0.0 1.2894481241648132 1.6094379124341005 
0.0 1.4463309721164332 1.6094379124341005 
0.5623351446188083 1.5094871916913157 1.6094379124341005 
0.6172417697303416 1.5383956725786465 1.6094379124341005 
0.8082699580001821 1.5530807030611284 1.6094379124341005 
0.9809896824453154 1.5607639298915683 1.6094379124341005 
1.1105128934217814 1.5651038046785284 1.6094379124341005 
1.1656420685388706 1.5678944328354447 1.6094379124341005 
1.2311317934756945 1.5693790358900181 1.6094379124341005 
1.3025894082389273 1.5701373833652277 1.6094379124341005 
1.3195454632493369 1.5706212741653234 1.6094379124341005 
1.308324858063744 1.5709606629709618 1.6092407417082355 
1.296404860350627 1.5712414672663388 1.6091911018192795 
1.2771051800271374 1.5712418634396967 1.6094379124341005 
1.268215700767067 1.5711563882804223 1.609274180330523 
1.3223252395452152 1.5711204529786613 1.609375482391045 
1.3520452584227647 1.571049982091198 1.6093640006937406 
1.343735064110171 1.5708836203936534 1.609326702978896 
1.3353504691198341 1.5707304233685928 1.6093322439265898 
1.3388804389364826 1.5706352458134059 1.6093118322778146 
1.331854563210294 1.5705042042606896 1.609334371178089 
1.3660057374331709 1.5703567703704044 1.6092267285066901 
1.3629034261315653 1.5702818303281836 1.6092228498829504 
1.359886974850448 1.5702438758881485 1.6092238686703295 
1.3879940374298347 1.5702365809796486 1.6092208264342913 
1.3814214594714014 1.570119427513695 1.6092167627119325 
1.391503696549251 1.5701071083006453 1.6091994836901748 
1.3993460433724534 1.5700142194657694 1.6092178131198418 
1.3972139871184663 1.5699435057244855 1.6092393386861723 
1.394674726742286 1.569857504048499 1.6092447389820983 
1.384550048533968 1.569811852197244 1.6092506307629173 
1.3851800619789845 1.569745250614409 1.6092541241634046 
1.3980272576350044 1.5697126571255064 1.6092540068741328 
1.4007633266606376 1.5695507509823399 1.6092342347295205 
1.4095131189037107 1.5694592092896724 1.6092415215428926 
1.4112118041481103 1.5693586160293058 1.609283108256464 
1.4113239824304045 1.5692212601932385 1.609291205004432 
1.4117057407048643 1.5691410812639641 1.6092755966095853 
1.4126929642596362 1.5690425012679716 1.6093029651078323 
1.418373589891988 1.5689782856672463 1.6093030614113868 
1.4213673684436707 1.568877137984313 1.6092928653313505 
1.4286674273617659 1.5688027760642291 1.6093072856549546 
1.4227747464116252 1.5687162445066283 1.6093138572779622 
1.4280216828141337 1.568629860120965 1.6093020458740055 
1.4266513373775735 1.5685814172730856 1.6093169034452464 
1.425573004424629 1.5685052380876954 1.6092902621751324 
1.4246104023741435 1.568386313851447 1.6092816508050083 
1.430417844820585 1.568363408608341 1.6093023508601059 
1.42968335974495 1.568252077946005 1.6092928833037656 
1.43236774619653 1.5681910075389436 1.609286100611401 
1.4328960121733891 1.5681509070295534 1.6093006146730768 
1.429408735572733 1.5681280595769949 1.6093176850897448 
1.4305286125298178 1.5680528244839294 1.6092914878045592 
1.4368009635960504 1.5680333885099176 1.6092882861968816 
1.433864317573014 1.5680327815630088 1.609279274307533 
1.4308064009433499 1.5680233389578777 1.6092721840646875 
1.4345899058998561 1.5680006926947723 1.6092640670543297 
1.434386936799651 1.5679862241632028 1.609246158289138 
1.4316738890271887 1.5679496019556625 1.6092292785224596 
1.4301113670126173 1.5679009776843942 1.6092260684227015 
1.4312004849847795 1.5678002676138514 1.6092057738987655 
1.428702904565545 1.5677892591254672 1.6091956115447124 
1.4283033651087091 1.5677593914604997 1.6092037190862873 
1.4286197739879105 1.567767881630649 1.6091753748556596 
1.4247982992278858 1.5677415952497644 1.6091749472597865 
1.420957605830436 1.5677052619722658 1.6091618428871963 
1.4284379244646699 1.5676501880332152 1.6091381952424406 
1.4282079367250324 1.5675866892266253 1.6091152043988446 
1.4301449074583594 1.5674872369305182 1.6091208018599261 
1.4296989202165409 1.567431480728107 1.6090838595333532 
1.431539060204861 1.567424832953465 1.6090930541126278 
1.432063262679484 1.5674326532305092 1.6090564212522929 
1.4293928805931533 1.5674357622875303 1.609066822722693 
1.4288906814306856 1.5673998531523554 1.609097935900698 
1.430461564684682 1.5674004862291824 1.6091096201566892 
1.4302128811518058 1.5673730331072784 1.6091035992947014 
1.4295819059237236 1.5673331881414456 1.609106931549817 
1.4332049635569208 1.5673286188994577 1.609096639178663 
1.4308875024202794 1.56728880466621 1.609118877604236 
1.4302659497212007 1.56726109383792 1.6091055373399983 
1.4295758476647387 1.567234459624038 1.6091058361422712 
1.4287436887828393 1.5671982701064544 1.609103032305935 
1.4297110678870348 1.5671496006307681 1.6090851563891055 
1.4287981109642096 1.5671150910988614 1.6090581051781203 
1.4290320909001593 1.5671036451806177 1.6090721562409278 
1.4306367897539958 1.5670806843112057 1.6090589278632823 
1.4358107469391812 1.567079346106466 1.60905320751618 
1.4338427180020183 1.5670478762448197 1.6090383295515027 
1.4367918335765046 1.5669930293952072 1.6090472393766455 
1.4379471453387507 1.5669261613890095 1.6090349217734121 
1.4376513638840835 1.5668958063034748 1.609056976918501 
1.436805076861057 1.5669107697345561 1.6090571143308574 
1.4368369003564354 1.5668941300357238 1.6090653121149723 
1.4380796582013429 1.5668995732830562 1.6090605114267305 
1.4376617547791095 1.5668826534202056 1.6090443565083472 
1.4390624213616712 1.5668924260240613 1.6090389451530736 
1.4400283296385572 1.5668994666875344 1.6090205175513548 
1.439340192156989 1.566851254434804 1.6090157310111042 
1.438788005292889 1.5668561063649022 1.6090084556533781 
1.4396879047658648 1.5668609580978294 1.609013901176665 
1.4438825493995837 1.5668273288639338 1.6090363592903814 
1.4432332772052714 1.5668261952684253 1.6090144273568312 
1.4441258954375085 1.566830262325353 1.6090054058641878 
1.443419593586088 1.5667852066604602 1.6090062942057628 
1.4430991222068141 1.5667745962264525 1.6090003767108016 
1.4427335350945385 1.5667555626238137 1.608999109319267 
1.4408516460895902 1.5667565344159706 1.6090105803651351 
1.4404396135992437 1.5667685764424453 1.60901693411849 
1.441652920040172 1.566768047809848 1.6090181464768012 
1.4427997139872615 1.5667565252703688 1.6090304823679409 
1.4410526914302317 1.5667448488935831 1.6090148226776337 
1.4432235607873012 1.5667529199506296 1.6090303286177274 
1.444055162431854 1.5667604232415746 1.6090346234771815 
1.4451303487999765 1.566766516012592 1.6090327432600664 
1.4456582470478962 1.5667739911327934 1.609029833538936 
1.4437221020788868 1.566773540876439 1.6090311575715546 
1.4462942741698759 1.5667685691953521 1.6090272757211828 
1.446450829909113 1.5667600600913214 1.609022060866268 
1.4483405911702207 1.5667583631072348 1.609024903715971 
1.4489446203943557 1.5667170818675111 1.609017501689989 
1.4473302500144163 1.5667537497710895 1.609001843470475 
1.4444418715447052 1.5667526867942705 1.6089951520797603 
1.4453179373226224 1.5667457557378712 1.6089973701426434 
1.4447965871639328 1.5667368974202596 1.6089993191365906 
1.4454620934489835 1.5667219808319144 1.6090281316465707 
1.444901568687297 1.566707887107238 1.609023861866584 
1.4433131827763597 1.5666959341205038 1.6090298916716574 
1.4439662786217167 1.566692311287518 1.6090312788046903 
1.4422211274613834 1.5666642923304321 1.6090403397150561 
1.443226321088439 1.5666343449498616 1.6090587061769233 
1.4430597630718989 1.5666136819285559 1.6090524101771198 
1.4425753313858354 1.5665899512482357 1.6090726956188859 
1.4423739885607822 1.566611255096735 1.6090838300703147 
1.4441770323426075 1.5665935039466834 1.6090779056407811 
1.4451887949300577 1.5666020010782131 1.6090613576656456 
1.4457867081966191 1.566593452585306 1.6090521567975409 
1.4454116968214783 1.566593278263895 1.6090490485175148 
1.4472317671057353 1.5665867982730568 1.6090560264503342 
1.4468109402932365 1.5665703804581295 1.6090404802199976 
1.4453562865367893 1.566571371835588 1.609045774716063 
1.4452535456948992 1.5665766710435636 1.6090526237112863 
1.4438826533352873 1.5665617793693292 1.6090456877212707 
1.4413889632355361 1.5665534071111427 1.60904172055002 
1.441055884008273 1.5665359023188399 1.6090638260053418 
1.4406248013662835 1.5665255397651423 1.609049863239467 
1.4412025889377174 1.5665286192927286 1.6090320782171608 
1.4430567692144087 1.5665328649477352 1.6090379467857452 
1.442671979127888 1.5665205485659268 1.6090338165452978 
1.4421980177222384 1.5665085871863735 1.6090255951996149 
1.4419216637200716 1.5665142820371565 1.609039883545637 
1.4405450658139316 1.5665062847423001 1.609039271257895 
1.4403560956542636 1.566510354447804 1.609040758522618 
1.4409960665973802 1.5664960167641109 1.6090497009207412 
1.4406047277612082 1.5664986582993066 1.609054301012087 
1.4401529676079985 1.5665064648953477 1.609034276954052 
1.4408682245770446 1.5665026831430144 1.6090415066607322 
1.440598937913089 1.5664853202486841 1.6090418568243583 
1.4403104986622528 1.5664569845736207 1.6090406064138698 
1.4420129987420502 1.5664559378908929 1.6090214751892695 
1.4435242616424644 1.5664570277264827 1.609025025381346 
1.4441366162970233 1.5664554891811728 1.6090216786938787 
1.4448282836512876 1.566455333851232 1.6090241773497445 
1.4437980406428679 1.5664389935574636 1.6090205724191953 
1.4435732002525141 1.5664262592088978 1.6090115669302931 
1.443082832613337 1.5664302783378776 1.608989383681405 
1.4437464914338651 1.566420020230746 1.6089951560328724 
1.442408610265277 1.5664106782799723 1.6089889312358348 
1.4430495274572337 1.5663884749157442 1.608989035196625 
1.4435855901743313 1.5663864678354593 1.6089936344889408 
1.4431064921728478 1.566371964758141 1.608998529170241 
1.442615566015055 1.5663680453161308 1.6089946907591823 
1.443289997221286 1.5663462809559023 1.6089912965131103 
1.4435840453886628 1.566340921165556 1.608986844757736 
1.4430522239326944 1.5663297808454346 1.6089893779928375 
1.4420181094561948 1.5663262024328355 1.608990874306603 
1.4426828301321382 1.5663262013494355 1.608985959359447 
1.4424260107178326 1.5663384367354143 1.6089793354896293 
1.4430781170612363 1.5663459101287056 1.6089809458207247 
1.4431751390102325 1.566332459419924 1.6089753749637865 
1.443758731144217 1.5663300778193774 1.6089609199008432 
1.4451211066553786 1.566321587516083 1.6089486124618877 
1.4438634032632063 1.5663263748922172 1.6089456557828095 
1.4453926548658695 1.5663278921226875 1.6089334752218645 
1.444164437811821 1.5663352000582598 1.6089349300001712 
1.4438925051074836 1.566332279362424 1.6089422958114106 
1.4433655556062925 1.5663113594438924 1.6089366190383392 
1.444844595747228 1.566313893303165 1.6089283200986109 
1.44709681806738 1.5663137679985306 1.6089365555179418 
1.446870462532784 1.5663215244338247 1.6089303353829774 
1.4474733249901734 1.566315237827404 1.6089324739697695 
1.4473672886203675 1.566298288553601 1.6089188742706968 
1.4472448565207838 1.5662887930212466 1.6089160159343767 
1.447079135756033 1.5662843309709649 1.6089166900986482 
1.4475481143116098 1.5662764805878244 1.6089162296539077 
1.4470552078687366 1.5662554963210595 1.608896732265109 
1.447734419172272 1.5662397786629498 1.6089046273944265 
1.448930299305231 1.5662328152779048 1.6089009906833032 
1.4487963786273188 1.56624568371214 1.6088935907179305 
1.4486479467501263 1.5662238048764405 1.6088924801669315 
1.4481818243808489 1.5662140007739633 1.6088974568874206 
1.4495916115470913 1.5662055875685956 1.608892400418741 
1.449341771280932 1.566199848274728 1.6088911847147878 
1.449596832788382 1.5662005586699497 1.6088890500166415 
1.447847342464196 1.5661870308648354 1.6088837848740156 
1.4476101552737184 1.5661848971014538 1.6088958534687245 
1.4481254700166708 1.5661706358346057 1.6089057744920643 
1.4476630449858923 1.5661598618352863 1.6089114887352498 
1.4474659437063004 1.5661572343765964 1.6089121870175163 
1.4472335924670643 1.566154908312932 1.6089110214747857 
1.4461670971265403 1.5661577108107076 1.6089078594992097 
1.4464366174799244 1.5661482625939307 1.608911301194138 
1.447557463750747 1.566155535772711 1.6088948589273135 
1.4480625929842508 1.5661571985006675 1.6089069485398821 
1.4479309596708445 1.566150002815136 1.6089075178855634 
1.4474837009435801 1.5661329961800419 1.608907204068965 
1.4480925396720286 1.5661323621358347 1.6089230431422943 
1.4481010878632388 1.5661282077979624 1.6089260355354214 
1.4464601825059165 1.5661311241222549 1.6089131297488608 
1.4456399506929336 1.5661157407899822 1.608907276068813 
1.445205357935176 1.5661126993291374 1.6088963109786634 
1.4456984217631663 1.5661197235914077 1.6088930714022773 
1.4454997357018766 1.566120669224929 1.6089009821969587 
1.4453884431200437 1.566115770450043 1.6089097299806108 
1.446676940924067 1.566117412815932 1.6089067419072098 
1.4464743631520394 1.5661066139094022 1.6089176553532514 
1.4469414517350663 1.56611362958604 1.6089159071569816 
1.4467286872180058 1.566123317667304 1.6089043861729708 
1.4463095871294527 1.566119306074714 1.608903616759108 
1.4447344437052207 1.5661082817226277 1.6089121452293782 
1.4453068195175938 1.5660817340383497 1.608909157326786 
1.4464515968880598 1.5660680613319287 1.6089082520403242 
1.4474832130328394 1.566080240868258 1.6089133235590674 
1.4473846856899657 1.5660705774816792 1.6089098499270833 
1.4458428977740618 1.5660559104228164 1.6089172792383377 
1.44583737465839 1.566056684412351 1.6089170888264315 
1.4461892821770026 1.566054602752002 1.6089167756575407 
1.4459548251733794 1.5660586853315495 1.60891646180635 
1.446444121269375 1.5660663570783444 1.6089160293426579 
1.4476299303150875 1.566073624511964 1.608913630477634 
1.4478867191167772 1.5660682339617125 1.6089108051204006 
1.44851682288306 1.5660729603147174 1.6089079073715125 
1.4494848024540699 1.5660571807695671 1.6089127680513102 
1.4511708531679886 1.566062384926616 1.6089198893637269 
1.4507734099479783 1.5660589854833742 1.608909731476034 
1.451180271416431 1.566063313899437 1.608898651324486 
1.4502304131581019 1.5660708830234145 1.6088925712109399 
1.4501100119202364 1.5660733629281 1.608894538372747 
1.4504214427131419 1.566074132688562 1.608891438790641 
1.4501496960272147 1.5660687705700718 1.6088782326662627 
1.450525281116947 1.5660774049422714 1.608864897276712 
1.4503076987362742 1.5660802738166133 1.6088719736572363 
1.4488871667838747 1.566081045118599 1.6088709148132512 
1.4480758564067648 1.566070643175829 1.6088729233571506 
1.4478126874991903 1.5660579121396994 1.6088721338014011 
1.4481397509720384 1.5660541195227262 1.6088791275654954 
1.4491544304011497 1.5660359530723638 1.6088801042678942 
1.4489712011755511 1.56603272773066 1.6088802136149942 
1.4499607072359617 1.5660377959741099 1.6088869922958253 
1.4491809998211338 1.5660348007466056 1.6088985167867058 
1.4494071881576234 1.5660404295359 1.6089070021307315 
1.450384040708395 1.5660375929975152 1.60889827880434 
1.4501912079829111 1.5660407361345658 1.6088888294304002 
1.449961858712474 1.5660303234220208 1.6088888460221598 
1.449590551451802 1.5660297633423004 1.608888762555397 
1.4487106994111068 1.5660227651059768 1.6088933648429304 
1.4491213321342706 1.5660227691829602 1.6088903116729472 
1.4487517161233128 1.5660176233407257 1.6088808274431066 
1.4491892304764813 1.566002843900231 1.6088799761774446 
1.4491206580982525 1.565998429438069 1.608893160451494 
1.4494795029850835 1.5659922950341707 1.6089032438239268 
1.450532919029702 1.5659798599425208 1.6089002458280781 
1.4498449329101248 1.5659842786451195 1.6088880995678227 
1.4497314836718025 1.5659941230283123 1.6088900455385664 
1.448885822629304 1.5659961770051265 1.6088917288811326 
1.4491156775790146 1.5659839213212379 1.608900606832656 
1.4495328297313912 1.5659875084360633 1.6088907342335341 
1.449939909671983 1.5660092035130273 1.6088951222505545 
1.4503037992700345 1.566008152949673 1.6089039458718486 
1.4512113278071046 1.5659951939542165 1.6088947995334766 
1.4509889206114421 1.5659979273870945 1.6088919150198233 
1.4509568701832078 1.5660021896848375 1.6088873206874756 
1.4512786604482608 1.565991270674908 1.6088882137749259 
1.450017573995091 1.5659890942889916 1.6088890409489247 
1.449306820738395 1.5659871624589745 1.6088898034921877 
1.449167331420855 1.5659896235539175 1.608885288406865 
1.4479111544095997 1.5659976175008659 1.6088827829042638 
1.4487308223818087 1.5659972389696686 1.6088799053068437 
1.4485889822255458 1.566001247246221 1.6088789515914992 
1.4493971114239774 1.5660082630117498 1.6088892768744376 
1.4508085269249211 1.5660022357391108 1.6088927803036206 
1.4513042897153396 1.5660084884848804 1.6088942730005238 
1.4516482695750788 1.5660022905236115 1.6088860481169527 
1.4524191862591984 1.566005296241864 1.6088843735692266 
1.4522773494684 1.5660022205692192 1.608885157360053 
1.451583577576149 1.5660052816919878 1.6088924137714724 
1.4520605553204062 1.565994262223995 1.6088984472511112 
1.4518849674616217 1.5659892013116985 1.6089066028028014 
1.4516540680515488 1.5659835296332538 1.6089065552944115 
1.4513410128605155 1.5659768321604437 1.6089056125316998 
1.451024615851745 1.5659697469390752 1.608894428203997 
1.4517812980674853 1.5659643236882583 1.6088914885530763 
1.451690999593916 1.565968159531913 1.6088915547619649 
1.4514917355640387 1.5659778147046688 1.6088889146135232 
1.4517386040022542 1.5659843160552331 1.608892924695823 
1.4519787338360568 1.5659790528674569 1.6088804740968312 
1.4518074929696347 1.565976991535942 1.6088824638374937 
1.4521772982645786 1.5659726042404145 1.6088719653772932 
1.4519620365852344 1.5659717697211877 1.608869201217244 
1.4528645837672667 1.5659759313518755 1.608875199062042 
1.452615688728567 1.5659745836558965 1.6088785596356616 
1.4524410604327413 1.5659737126758468 1.6088788831401897 
1.4532894119587731 1.5659813365065232 1.6088844501847739 
1.4536347814245185 1.565977064184876 1.6088828915678295 
1.4530180885358979 1.5659681725186112 1.6088806110449392 
1.4532816301034885 1.565964965005158 1.6088780892803571 
1.4530544792593996 1.5659563358501272 1.608885247702438 
1.453929827852942 1.5659572668999326 1.6088779569353187 
1.4546874022233776 1.5659561377195692 1.6088812167910342 
1.4545115242235278 1.5659494050359481 1.60888114706528 
1.4557484090701107 1.5659475851184461 1.608880233491678 
1.4555546945438627 1.5659431896006968 1.6088896601069993 
1.4562265386271351 1.5659443955033516 1.6088791348843445 
1.4560277011728198 1.5659489631453924 1.608876404087377 
1.4563461930336774 1.565948064850476 1.608874149976115 
1.456518693336976 1.5659507288222458 1.6088727373822613 
1.4577121652165923 1.565949991965801 1.6088729675437494 
1.458019282055671 1.5659573533474542 1.6088748600613616 
1.4582993456303142 1.5659492849047059 1.6088672701024973 
1.4577049022484667 1.5659482975802095 1.6088735041546296 
1.4585103876149492 1.565955418138203 1.6088672391380947 
1.4591404335393023 1.565950517730618 1.6088663413774138 
1.4590028176717644 1.5659397004517244 1.6088563058442382 
1.4601477460579737 1.565933712989794 1.6088540048290667 
1.4607587377560791 1.5659422985697835 1.6088454929972094 
1.4618803492271908 1.5659469853493335 1.6088509833038285 
1.4621040881031981 1.565946557566072 1.6088577080805588 
1.4623099110920557 1.56594252123244 1.6088507839713593 
1.4620724583241762 1.5659311776026943 1.6088445198114403 
1.4619261720654437 1.5659264661730605 1.60884444587591 
1.4614151090808458 1.5659269905402962 1.6088521947024792 
1.4620764886949122 1.5659234327131177 1.60884441063259 
1.4623153208807167 1.565921512496001 1.6088463449016028 
1.4626698988570968 1.5659151992279712 1.6088457250202475 
1.4630177412999859 1.5659156615956298 1.6088526138956918 
1.4627778857730378 1.565915408882662 1.60885064783963 
1.4630876338749659 1.5659090603536274 1.6088537933411957 
1.4633135782300193 1.5659060918254335 1.6088587465831647 
1.4633103695618612 1.5659032121290584 1.6088508462206204 
1.463059915514966 1.5658996634964428 1.608861355551732 
1.462961205916701 1.5658916876711566 1.6088673376653513 
1.4632746385265853 1.5658843918234824 1.608859829963835 
1.462649672688851 1.5658917480914185 1.6088576630723281 
1.4621646055864 1.5658900784581595 1.60885573329919 
1.4623043312450683 1.565887102695888 1.6088535584702244 
1.4628549678764067 1.5658795771780392 1.6088530604118936 
1.4622689792815775 1.565876165028587 1.608859610196612 
1.4621607964867651 1.5658767113462548 1.608864614438931 
1.4619579394079514 1.5658870703028633 1.6088659231211375 
1.46259849163006 1.56587665645489 1.6088688750606408 
1.4620291691386416 1.565879799963824 1.6088687595232862 
1.4622042979405878 1.5658905381645933 1.6088609334601498 
1.4616345134624082 1.5658851623354513 1.6088513789925156 
1.4618402687009127 1.5658874234046871 1.6088574947128826 
1.4616395293021034 1.5658875046282121 1.6088564316959397 
1.4606998737587127 1.5658897573588881 1.6088546158735513 
1.460130733035256 1.5658891872132956 1.6088611772961563 
1.4599991456125905 1.5658864277201112 1.6088587597841089 
1.460273984734476 1.5658871572159734 1.6088586488675134 
1.4612821282975217 1.5658902897747702 1.6088522562891132 
1.461122185524761 1.5658911346672124 1.6088611023868509 
1.4609591419314376 1.5658995978904295 1.608868171499257 
1.4615893497992467 1.5658974519931257 1.608871009634715 
1.4618512351753137 1.5658994284073253 1.6088699120741343 
1.4617790263509365 1.5658976951158141 1.608869157940347 
1.4615536980952244 1.5658965740960193 1.6088754170506805 
1.4616933405854002 1.5658990507491986 1.6088822619439531 
1.4615327322144822 1.565895372401274 1.6088744038950098 
1.4609498923154034 1.5658972238068494 1.608870453325367 
1.4607897836773733 1.5659041633480377 1.6088708928973459 
1.4602659169791976 1.5659049637103197 1.6088720488472292 
1.460429763481701 1.5659059472670354 1.6088720860750467 
1.461042583887263 1.5659031165279023 1.6088636540016443 
1.4605040438771293 1.5658979680968907 1.6088669880703326 
1.460666502833271 1.5658914076388797 1.6088652291467986 
1.4604524851060594 1.5658869161446987 1.6088563098376192 
1.46060997474245 1.5658851958469548 1.6088508007843123 
1.4605364197832698 1.5658810666430742 1.6088485493769156 
1.4614921436634312 1.5658732954681898 1.6088490101397066 
1.4617661818077843 1.5658720924699114 1.6088478175402643 
1.4619219295642314 1.565869472464507 1.608855639403319 
1.4617176769692892 1.5658639973681683 1.6088469748693386 
1.4622192589453062 1.5658676726137153 1.6088460165083545 
1.462795078063104 1.5658625005867768 1.608845454765122 
1.4629417601504635 1.5658595237830908 1.6088444680924359 
1.4630816933478537 1.5658552412071556 1.6088434473095086 
1.4633514166936257 1.5658530651392315 1.6088430736698303 
1.4634882320746434 1.5658498029159824 1.6088446518932336 
1.4629333912351101 1.5658530991961996 1.6088447589284978 
1.4630713152230825 1.5658539004625311 1.6088458501022522 
1.4636803306968196 1.5658470711047938 1.60884572194736 
1.4641579843294419 1.5658564073236707 1.608846257849231 
1.4640711078081632 1.56585923994271 1.6088450806265482 
1.4638576596136037 1.5658566853804872 1.6088478091665679 
1.4639864768865833 1.5658556071150203 1.6088430364432873 
1.4638215216361803 1.565860193650791 1.608838065624654 
1.4632785680745806 1.5658590219729067 1.6088300246706013 
1.463458065606978 1.5658507477836499 1.6088268486567725 
1.4633075359246 1.5658532196878667 1.6088236805523057 
1.4628150676118021 1.5658531839200105 1.6088233984996816 
1.462948793118036 1.5658610213660655 1.6088326371563586 
1.4632103179017124 1.5658586813527657 1.6088401684714784 
1.4634266540550238 1.5658566940681415 1.6088460244912874 
1.4639688039601917 1.56585519347103 1.6088387951598677 
1.4641808830926784 1.5658513595195236 1.6088341066164003 
1.4643054234693 1.5658440994456158 1.6088404910240164 
1.46443877858575 1.5658446008855338 1.6088341642136916 
1.4642421402640633 1.5658430893446502 1.6088352198306635 
1.4640857136779137 1.5658392862684483 1.608834328306535 
1.464210862590478 1.5658319664290354 1.6088276301662896 
1.4640509411325302 1.5658268336142738 1.6088344205219767 
1.4638529618336575 1.5658255013201103 1.6088354580423614 
1.4643851231688254 1.5658224845867708 1.6088334193484712 
1.4649031178720442 1.5658248180318788 1.6088270056225178 
1.4654269494102894 1.565823971695837 1.6088330272182136 
1.465670559717541 1.5658249145368688 1.6088408395828848 
1.4657952582635474 1.5658257472919568 1.6088388179885964 
1.4663516192548864 1.565822643985609 1.6088357945319123 
1.4665881128974823 1.5658182133295206 1.608844525987423 
1.466385383542975 1.565814606411147 1.6088365232731068 
1.4668153329131606 1.5658111814411613 1.6088346214981684 
1.4666218020608521 1.5658178593755196 1.6088271045219735 
1.466545981281311 1.565823607239761 1.6088262289783823 
1.4667332197100036 1.5658285284846292 1.6088323230912471 
1.4668419865718916 1.5658299126838218 1.6088271913415437 
1.467339847964439 1.5658299890995206 1.6088262749757756 
1.4668786227705295 1.5658331141726776 1.6088278736670891 
1.4664216754578892 1.5658275607531764 1.608821498859337 
1.4666127826365125 1.565825589012599 1.6088275222688373 
1.4665358818829286 1.5658242637895952 1.6088230322960837 
1.4663871514775162 1.5658180607144097 1.6088227634972008 
1.4663152854731611 1.565810827545758 1.6088237321796472 
1.4661634701363422 1.565810868338706 1.6088218191340944 
1.465701673010337 1.5658141769196097 1.608821760049132 
1.4661944533217253 1.5658118019748837 1.6088264841487343 
1.4660038566380922 1.565814003799881 1.608826397254687 
1.4658193326782103 1.565817702671208 1.6088255055231733 
1.4659362328298893 1.5658129631018882 1.6088305087590946 
1.4657882644146945 1.5658158245437097 1.6088295527075909 
1.4660146290204767 1.5658156701995785 1.6088342124812223 
1.4655645288438381 1.5658134286869934 1.6088367031118551 
1.4657149516258416 1.5658144577007072 1.6088298137707497 
1.465529754446779 1.5658135261297152 1.608832809873723 
1.4660180379583263 1.5658246429535654 1.6088376704536613 
1.4661323206923695 1.5658197611912572 1.6088309012795312 
1.4662441145743976 1.5658151792649002 1.608829909806132 
1.4661323371357016 1.5658167180474794 1.6088296645073608 
1.466355881408922 1.5658140565832563 1.608829579217762 
1.466502606967483 1.5658168228928182 1.6088276883265034 
1.4660596707721902 1.5658160595940127 1.6088243997699183 
1.4662041951387847 1.565807287471545 1.6088234149398106 
1.4666061750257904 1.565811074292039 1.6088183322236853 
1.466789878241335 1.5658077463061975 1.6088132251698677 
1.466641158275754 1.5657979514455633 1.6088147984094292 
1.4667803055740904 1.5657979269274795 1.6088145857761926 
1.46667585400519 1.5658001899234721 1.6088136636620574 
1.4662374177199058 1.565795168241607 1.6088118099311972 
1.466633985508776 1.565800518252596 1.6088108573546132 
1.4667398155609819 1.5658018725627314 1.6088124643109718 
1.4674895434420456 1.5657981125996099 1.6088048852104653 
1.4674153302596424 1.5657945071569441 1.6088030250234906 
1.46752031651195 1.5657975722570194 1.6087971061751791 
1.4679829430091182 1.5657994806161581 1.6088017404266752 
1.4683655760193592 1.5657917449497705 1.6088056286706793 
1.4682906812857595 1.5657939662657552 1.608799696946604 
1.468110525230438 1.565789752464724 1.6088021928429934 
1.4679289704687057 1.5657914872651062 1.6088067272539908 
1.4681019863729934 1.565792812632898 1.6088114954556003 
1.4679279571615793 1.5657896820405712 1.6088049526334696 
1.4675040967526496 1.5657817316518132 1.6088049753963682 
1.4676387551287233 1.5657785821731347 1.6088040421999148 
1.46811945697599 1.565783760406624 1.6087984269313107 
1.4685620548593254 1.5657853865400615 1.6087984049165196 
1.4686626400690181 1.5657814270360761 1.6087910149431983 
1.4687546763927932 1.5657886850173952 1.6087892381905462 
1.468576152685976 1.5657875689172998 1.6087881414602816 
1.4689452891308807 1.5657831428852347 1.6087868410789985 
1.468536642765977 1.565783504877157 1.6087922735697953 
1.4684615888754968 1.56578478866583 1.6087852827222129 
1.468562279981105 1.5657800200627463 1.6087821441932424 
1.4686890036192017 1.5657772528579195 1.6087762296933819 
1.4693929662737313 1.5657796528882766 1.608772593584789 
1.468978075992832 1.5657797961959652 1.6087726469231862 
1.4690746878802678 1.56577848509935 1.6087709610804777 
1.4695004822020519 1.5657816360152113 1.6087705472601441 
1.4694348750163704 1.5657815877103223 1.6087686961016714 
1.4696277327068015 1.5657783922285327 1.6087712137517083 
1.4697466223601907 1.5657767416553419 1.6087740219150872 
1.4699409099955678 1.5657783876764 1.6087713516752387 
1.4698632999934178 1.5657805839896441 1.6087691789076093 
1.469784356283634 1.5657802808948333 1.6087688646171532 
1.4698982952441761 1.5657803161544608 1.6087659728866874 
1.4697337680834923 1.5657711349892578 1.6087615591486615 
1.4696698899364957 1.5657728950971648 1.6087642072921147 
1.4692175590663425 1.5657740714001256 1.6087695553552075 
1.4690819071291945 1.5657746978489828 1.6087737169529632 
1.4686578719860126 1.5657804954125387 1.6087767980273027 
1.4687707183343073 1.5657736293845164 1.6087768335245811 
1.468969720393183 1.5657691837982481 1.6087760745729214 
1.469388996963493 1.565769086938966 1.608773146076122 
1.4694988397623439 1.5657633796247614 1.6087702501913372 
1.4696328056985726 1.5657578093152722 1.6087708833374197 
1.470098932226335 1.5657593628584356 1.6087765413783837 
1.469899195197697 1.5657607115750252 1.6087773708768422 
1.4699784675561396 1.5657666104450119 1.6087711779544684 
1.4697773215382033 1.5657675565240574 1.6087703354889558 
1.469664038660258 1.5657688674644898 1.6087764889448353 
1.4700145002185434 1.565767813689039 1.6087781099224048 
1.4700902711468617 1.5657698210222208 1.608776078611763 
1.4705247882440258 1.5657726351133137 1.60877636958756 
1.4706485600790034 1.5657693003750726 1.6087778918423992 
1.4702725379671298 1.565763104799036 1.60877860033222 
1.4704054394082842 1.5657652366058652 1.6087793494633802 
1.4700269317142642 1.5657653272769687 1.6087741154352302 
1.4696157941355013 1.5657677149606266 1.6087721900130596 
1.4696909186738225 1.5657617318372314 1.6087737931249615 
1.4697643229457937 1.565764694386636 1.608775196965044 
1.469923674988161 1.5657697800740589 1.6087749703043503 
1.4696020849092468 1.5657784655611047 1.6087765512137913 
1.4692303040821693 1.5657819326774507 1.608777364498072 
1.4690928414468316 1.5657804079830624 1.6087808876190268 
1.4694873841807654 1.5657786071488426 1.6087800752497814 
1.4695594808339234 1.5657750819105294 1.6087843984789867 
1.469739049824494 1.565771158134646 1.6087844352626348 
1.4691021163455047 1.5657698475275412 1.6087851506076003 
1.46928410236393 1.5657671537281286 1.608789426876969 
1.469672098914169 1.5657642698745924 1.6087893933452457 
1.4700604614002721 1.5657581184663254 1.6087885052830375 
1.4696545907712075 1.5657566174936937 1.6087825101272586 
1.469782300834914 1.5657586519172861 1.60878522102949 
1.4693614557321413 1.5657523481383457 1.6087867056012544 
1.4694727686100004 1.5657533186198895 1.6087867080928597 
1.4696002966553583 1.565747935451559 1.6087874030591627 
1.4697093069815756 1.5657476884110582 1.6087837618269158 
1.4696092929468008 1.5657521467606292 1.6087836110051104 
1.469715448649823 1.565745855332038 1.6087826820393614 
1.4701495116657888 1.5657473759445713 1.6087818711963253 
1.4705296703032118 1.5657502113985766 1.6087826752147714 
1.4701166707045796 1.5657469857519737 1.608786183017812 
1.4699807778605676 1.5657482038348505 1.6087861180174239 
1.4700491925759402 1.5657482206226911 1.608784618131109 
1.4699632275000067 1.5657435727294016 1.6087787995661675 
1.4698090430829736 1.565742229022471 1.6087801767094931 
1.4697231389982688 1.5657372536688583 1.6087778527460639 
1.4698292435905849 1.565742585598548 1.6087771387164276 
1.470459161311092 1.5657465416880767 1.6087748258899481 
1.471084752671861 1.565744413862678 1.6087755912354278 
1.471455362676073 1.5657426793090365 1.6087713549832143 
1.4717718249226344 1.565739577045148 1.6087740183963701 
1.4719401215186934 1.5657316128102887 1.6087732060665503 
1.4722837241487043 1.5657323569522987 1.608777413127806 
1.472127790726028 1.5657361556263014 1.6087773026202064 
1.4725427885875246 1.565735386624113 1.6087724078029395 
1.4726556922784964 1.5657285126309148 1.6087731480324783 
1.4725166665834766 1.5657294011457072 1.6087674956582843 
1.4724154587163998 1.5657185817751702 1.6087731199127413 
1.4727770788037986 1.5657152576944238 1.608777974914293 
1.472816437524177 1.5657127394390058 1.6087827108149564 
1.4724098325349144 1.5657107636656484 1.6087848545281171 
1.4725326028420072 1.5657094240160516 1.6087814675263739 
1.4725661840299271 1.565709457135435 1.608776517846972 
1.4724305987512223 1.5657053027261432 1.6087819789684776 
1.4724915688662148 1.5656970878886938 1.608780446138209 
1.4723440790533944 1.5656948264627473 1.6087830044503202 
1.4717567899943582 1.5656930075720765 1.6087796375105217 
1.4716108159351906 1.5656929021982502 1.6087754505207519 
1.4716724866153315 1.5656877218030143 1.6087684095578232 
1.4713800277747326 1.5656861715957942 1.6087682873221991 
1.4710030638785996 1.5656824570411827 1.6087689718820888 
1.4713096333257565 1.5656842357067196 1.6087744201411467 
1.4719045090808147 1.5656852877309497 1.6087737147038097 
1.4717225960255766 1.5656846461685963 1.6087674317204463 
1.471625339344642 1.5656840025173597 1.6087665830120952 
1.4715272202420524 1.5656823959829218 1.6087657205698251 
1.4714339594379329 1.5656843527109874 1.60877178841446 
1.4710613548430875 1.5656793781575362 1.6087724128400038 
1.471015296260716 1.5656752421327953 1.6087715236942834 
1.4706798864981678 1.565671927909091 1.6087654271535778 
1.4705362860626887 1.565671033581625 1.6087647462400052 
1.4708397455379307 1.5656667671852669 1.6087653534638324 
1.4704568567349876 1.565659798387409 1.60876856411222 
1.4703123697807758 1.5656533680387115 1.6087645077303583 
1.4703726934047625 1.5656543722908904 1.6087631480044438 
1.4704859350109811 1.5656518903898344 1.608756280147216 
1.4701578946624765 1.565649509283752 1.6087510255257116 
1.470218664686469 1.5656497216759788 1.6087511748676264 
1.4703728948954309 1.5656458791283845 1.6087495602128203 
1.4705326273057033 1.5656399006306467 1.6087506722659621 
1.4702496017057216 1.5656391009145079 1.6087535800749395 
1.4706296711193045 1.5656405203028874 1.608750386858808 
1.470303761302486 1.56563985509475 1.6087507085872819 
1.4699283632121058 1.5656396747951435 1.6087451628637368 
1.46998930408023 1.5656361210582732 1.608744308243943 
1.4698469439534763 1.5656364317361489 1.6087468317218954 
1.469913458507456 1.5656409738885797 1.6087466295287864 
1.469792818922763 1.5656416054501525 1.6087451359640612 
1.4698893344735005 1.5656396275154083 1.6087448909020698 
1.4701856318498816 1.565637269514945 1.6087467987363016 
1.4705269718281009 1.5656408855156598 1.6087417009573926 
1.4706202853322534 1.5656414957682232 1.608738849562389 
1.4711880511528985 1.5656412007758804 1.6087405325168376 
1.4715536386327754 1.5656356342478108 1.6087398842107326 
1.471411478253681 1.565631988418446 1.6087399261274402 
1.4715160496616557 1.5656270664572274 1.6087378384473783 
1.471877970392293 1.5656218957260477 1.6087431453840373 
1.472210438831294 1.5656222087692426 1.6087491394153002 
1.4722678157689342 1.5656181773049114 1.6087504269077029 
1.4722077957303885 1.565617903228001 1.6087512402540725 
1.4721269630108118 1.5656188457761377 1.6087570493329997 
1.4724130190459248 1.5656142671547346 1.6087609621489458 
1.4725083272554278 1.5656117164308665 1.6087588954536394 
1.472735175228752 1.5656179440154574 1.6087609271197185 
1.4730463323625245 1.5656182058281218 1.6087558107533853 
1.4729625502249895 1.5656159605926971 1.608755183690273 
1.473206786734637 1.5656171060085806 1.6087590251374688 
1.4728407409324484 1.565617763024384 1.6087544022215314 
1.472946499629381 1.5656149647078448 1.6087588495240555 
1.473451634728555 1.565614974595401 1.6087556449093197 
1.4731007329075019 1.5656198069588574 1.6087532042114474 
1.4733579388640747 1.5656189123781994 1.6087531767546805 
1.4730216763105535 1.5656176877598853 1.6087523737798883 
1.4731096766745613 1.5656174763764097 1.6087543933655852 
1.4730494312009375 1.5656145086678468 1.6087594115352974 
1.4729138883318966 1.5656181746961715 1.6087592245393745 
1.4728343039227345 1.5656171514178998 1.6087542116009432 
1.4727436671413117 1.5656147307979176 1.6087496007132183 
1.47289158045515 1.565609772300527 1.6087516129944195 
1.4729860745387584 1.5656132160479717 1.6087503772660876 
1.473023004676109 1.5656110616510763 1.6087561409404607 
1.4730328487900848 1.5656146050490996 1.6087567109069068 
1.472929306664672 1.5656122358734643 1.6087503254135156 
1.4728485880415263 1.565614870614359 1.6087527179631569 
1.472721576253862 1.5656156415448277 1.6087513590187372 
1.4728115764521497 1.565612260221314 1.608751922981688 
1.472934407320399 1.565608683030733 1.6087563303750227 
1.4731786077493436 1.5656074394812742 1.6087618632352603 
1.4730756248454278 1.5656070454071846 1.6087604802510032 
1.4732025456503464 1.5656104594507418 1.608758115060958 
1.4731539392827167 1.5656034555700895 1.6087573023802901 
1.4730972202580086 1.5656025861900726 1.6087635477052857 
1.4727924359172504 1.5656019366767973 1.6087672042165675 
1.472653042704161 1.5656005443732575 1.6087666347884348 
1.4728238487507146 1.565601139598707 1.6087727931544924 
1.4729199735433545 1.5656012627929494 1.6087714087730083 
1.472997010562335 1.5655985150046112 1.6087753823568236 
1.4733295424777455 1.565598438699614 1.6087709006350095 
1.472816066635069 1.565601630982214 1.608769718648339 
1.4727685690591668 1.565602229334227 1.6087691611228596 
1.4728690751861677 1.565604442644162 1.6087637572355358 
1.472965760658629 1.5656029354549106 1.608763196343279 
1.4728733870428177 1.5656038340497558 1.608762965287835 
1.472825713474938 1.5656006064247028 1.6087621579301303 
1.4727103662801846 1.565601668147184 1.6087567727799914 
1.4726427817628058 1.565602487203919 1.6087506155741464 
1.4723632349214897 1.5656054159623074 1.6087463344933381 
1.4721813390026548 1.5656121338244136 1.6087497643038147 
1.4721435937008602 1.5656131254501693 1.6087489453125692 
1.4722206893419898 1.5656124989717084 1.6087526294878498 
1.4720913281053465 1.565610393492015 1.6087514724842402 
1.471986176419807 1.5656145940613049 1.6087516803641524 
1.4723145788126455 1.5656158372047224 1.6087514717407345 
1.472413793401869 1.56561437600084 1.6087548338544446 
1.4725034587053478 1.5656152547334008 1.6087556441234296 
1.472377781997901 1.5656170331236294 1.6087537446320455 
1.4720976288409515 1.56561779093139 1.608750102695874 
1.471816886662519 1.5656142317002648 1.6087495759136026 
1.471681892523875 1.5656113662516187 1.60874876201192 
1.4711799329827386 1.5656076207313103 1.608748975482137 
1.4710565796843287 1.56561279739224 1.6087470893760598 
1.4711188996366587 1.5656139272573548 1.6087465491830693 
1.4709586763280416 1.5656128686004294 1.60874843841182 
1.4708451089429737 1.5656121956901925 1.6087484972501427 
1.4707236357393434 1.5656122851099394 1.6087490151300914 
1.4706106814047606 1.565616902824425 1.6087492011677043 
1.4709014222276402 1.5656154006003482 1.608745573725617 
1.4712097197577791 1.5656160138662725 1.6087453936130978 
1.4717169406366368 1.5656176333286562 1.6087503161480174 
1.472021252852328 1.5656201963616272 1.6087463849022254 
1.4721061829333633 1.5656229627507863 1.6087464225905115 
1.471944178553386 1.565625257945668 1.6087459271519662 
1.4718296060183365 1.5656232187902868 1.6087439209596635 
1.4718688861288909 1.5656208645093883 1.6087460072942807 
1.4717815841486606 1.565618060348742 1.6087509273005385 
1.4715368728760385 1.5656149317626693 1.6087557555827865 
1.4720375558731933 1.5656142269480138 1.6087520258302046 
1.4723188618202567 1.5656138132609425 1.608750041805097 
1.4726465516448985 1.565617065876243 1.6087485146634983 
1.4725452718151044 1.5656136587775336 1.6087499950915323 
1.4726288009689297 1.5656194504116485 1.6087478170043934 
1.4727982185976436 1.5656243415082343 1.6087457328854575 
1.4729215422514341 1.5656267457958617 1.608747602183135 
1.4730028592731819 1.565621763531045 1.6087529580045117 
1.4729011929688733 1.5656199606552177 1.6087513478687994 
1.4729372775146385 1.5656206886961161 1.6087500891077848 
1.4731855840917314 1.5656223863044751 1.6087479877877155 
1.4730548443454488 1.5656204185127054 1.608749458161746 
1.4727701733223988 1.5656198745140035 1.608748449505275 
1.4728901806765542 1.565615011607346 1.6087484339416227 
1.4729832108589946 1.5656158132132858 1.6087478903624561 
1.4733130619808363 1.5656131108230416 1.6087456309011523 
1.473239215715755 1.5656100673412583 1.6087451522707459 
1.4733287940058395 1.5656086472621877 1.608748417782427 
1.4733628579493179 1.5656108597957332 1.6087471164492615 
1.4734988644544695 1.5656082973617806 1.6087445764999497 
1.4734512804445945 1.565608961394266 1.6087413153348915 
1.4733698677440417 1.565608839750143 1.6087416775984398 
1.473261159454033 1.5656083615930838 1.608738789122168 
1.4733419419003917 1.5656089260567945 1.608742847682936 
1.473395063651893 1.5656067359076482 1.6087459662110184 
1.4733291667802364 1.5656074441586396 1.6087448092361956 
1.4734183830554606 1.565604449046917 1.6087449903177313 
1.473292141280042 1.5656065258451177 1.608744619444387 
1.4733973557894542 1.5656048580836448 1.6087450522682114 
1.4730908661837874 1.565600459143717 1.608744776015222 
1.4731456325512422 1.5655969567934234 1.6087454396268144 
1.4730967427968433 1.5655995824752862 1.608747285189212 
1.4733791527881133 1.5656028249842415 1.6087475935470272 
1.473329281483256 1.5655970087968203 1.608743675597806 
1.473202285795474 1.565599326735457 1.6087432423452022 
1.473485817821654 1.5655954349575192 1.608743548995522 
1.4733614695401898 1.5655990551348398 1.60874597793295 
1.473349788579194 1.5655978352529838 1.608745509531785 
1.4736954642895763 1.5655955027856052 1.608748337757599 
1.473825576515976 1.5655930602685655 1.6087490996478755 
1.4737768010268293 1.5655922028760556 1.6087499896840487 
1.4738570984835584 1.565592366811978 1.6087480630343367 
1.4739580574844071 1.5655923987278073 1.6087467339431762 
1.4736561070393301 1.565595616003234 1.6087473139333346 
1.4737085136398693 1.5655980645339675 1.6087448803216875 
1.473760064444677 1.565601617332712 1.6087460326099172 
1.4738116790702982 1.5656005870964094 1.6087430226489932 
1.4738624472770607 1.5655974835601252 1.6087456918870615 
1.4738130189095362 1.5655946059318948 1.6087458262800396 
1.4735395487216159 1.565591606815287 1.6087485157688959 
1.4734128962640294 1.5655914546338503 1.6087464765643862 
1.4733168943912551 1.5655882899764435 1.6087451264249921 
1.473240852949555 1.5655888909722782 1.6087452015261612 
1.473544473535734 1.5655888605131143 1.6087470362951448 
1.4732764437336268 1.565587269555141 1.6087427786086654 
1.4733768146922612 1.5655873533143656 1.6087432806292365 
1.4736530173984386 1.5655848147387497 1.6087439970183812 
1.4737820915793574 1.565585862085597 1.6087440476697121 
1.473878362605327 1.5655840088643587 1.6087407874449986 
1.473781722542677 1.5655840690142098 1.6087440272558038 
1.4738351594447363 1.5655822418674983 1.6087434985377267 
1.4737875116538075 1.5655848293045462 1.6087467701173372 
1.473742773806662 1.565587750385168 1.6087494456195823 
1.473474917481452 1.565590096864441 1.608754839054788 
1.4735239027123135 1.565588676757156 1.6087601971064334 
1.4737955028007126 1.5655887153504644 1.6087590203665962 
1.473738666584365 1.5655891345502826 1.6087622099226584 
1.4740047935355132 1.5655944466560172 1.608763356431674 
1.4739645309386349 1.5655921433961275 1.608768642575101 
1.4740457528157656 1.5655925359548615 1.6087651288000704 
1.4741104297182217 1.5655927263784173 1.6087634567181999 
1.474070631591498 1.5655942467271555 1.6087659302358808 
1.4741015692464976 1.5655961476812694 1.6087621364711653 
1.4738100181678844 1.5655985552735052 1.6087579564130872 
1.473905943194463 1.5655972596888375 1.6087611100488128 
1.4737848458270695 1.5655996728494448 1.6087615693426978 
1.473738870076088 1.5656025230948074 1.6087562875030084 
1.4738311530133998 1.5656036623778637 1.608755125871558 
1.4739188994729275 1.565605235856995 1.6087556549321518 
1.4739790900418266 1.5656058048723334 1.6087597839083547 
1.474204957309631 1.5656112121248307 1.6087602446121332 
1.4742993139614338 1.5656134559960793 1.6087600682031118 
1.4744470362002324 1.5656135675926375 1.6087624974083674 
1.4741492665198133 1.5656128034510428 1.6087631344556534 
1.4742444565316515 1.5656109870720725 1.6087642694818824 
1.474499069953154 1.5656102234925289 1.608768328287054 
1.474201324046844 1.565609778151093 1.6087707212676987 
1.474111416641367 1.565608258009263 1.6087687675661557 
1.4738143014770948 1.565604248864295 1.6087722631067276 
1.473908339561169 1.565603781663436 1.6087728812900672 
1.473815117957288 1.5656046989645613 1.608775384380536 
1.473726404465852 1.565604195367145 1.6087747187312325 
1.4736536078091098 1.5656067276535641 1.608770666491586 
1.4736930620600033 1.5656071544560872 1.6087747829336962 
1.4741243471828702 1.5656032304709537 1.6087707284674249 
1.474209068156204 1.5656010479375433 1.6087700808444376 
1.474326987536644 1.5656034110512753 1.6087665813718715 
1.4740746825601299 1.5656016897097367 1.6087710480056383 
1.4741667856677902 1.5656010457126375 1.608775129872488 
1.474266843162503 1.56559983978311 1.6087741229919532 
1.4743100682881953 1.5656006343086877 1.6087752145465801 
1.4741893987635981 1.5656018661666375 1.6087707279093582 
1.4740769777797187 1.5656067291927926 1.6087691252594896 
1.4741676322117838 1.5656058452159065 1.6087714628595862 
1.4744512746284777 1.5656079308713422 1.6087703241980464 
1.4747333102456812 1.5656081797802324 1.608769180855694 
1.4745700735638332 1.5656073447803158 1.6087730452690636 
1.4748151714711777 1.5656047879943789 1.6087739959225364 
1.4749043556072512 1.5656041491241313 1.6087743972661115 
1.4749840978913413 1.5656022824083664 1.6087771880843005 
1.4752449741931462 1.5656019538722226 1.608772769991198 
1.4748314234316262 1.5656044839527679 1.6087755535895734 
1.4750652207670487 1.5656048198327863 1.6087715820198698 
1.474953383311092 1.5656036104953184 1.6087692530807218 
1.4748356885781813 1.565605980397787 1.6087736202868992 
1.4745843625104849 1.565603290341591 1.60877021074555 
1.4747912264483867 1.5656045004445274 1.6087708001740209 
1.474540054949296 1.5656061105291659 1.6087692297223088 
1.474454247157896 1.5656064398040603 1.6087731279401762 
1.4744961585086358 1.5656080876387082 1.6087760627320555 
1.4747480250606038 1.5656037148420707 1.6087744955840149 
1.474859101967796 1.5656017505109328 1.6087695417346473 
1.4750829624085493 1.5656020201559557 1.608765962842604 
1.4750048405429894 1.5656018768097182 1.608765933501196 
1.4749305041089662 1.5656005814121423 1.6087619008177376 
1.4748129406281607 1.565595731808659 1.6087651044360638 
1.4750667681466711 1.565594621310444 1.6087690923275733 
1.4749829483675847 1.5655952206608352 1.6087666317547773 
1.47478002791517 1.5655961282571633 1.608770905289624 
1.4746971508199274 1.565595154191442 1.6087668948452678 
1.4744535160647572 1.565593608118001 1.608766396685283 
1.4742534770650018 1.5655914617781947 1.6087712621135357 
1.4741491409809944 1.565589746890176 1.6087718580277297 
1.4740443412357678 1.5655854832209386 1.6087712192966297 
1.474089428727762 1.565584094322277 1.6087743354896984 
1.4740399240219473 1.565582993365979 1.6087782468362233 
1.4737979870532127 1.565584970029051 1.608777601442278 
1.473842487358495 1.5655852276287334 1.608774242977096 
1.4740439111848407 1.5655899397412758 1.6087744109017184 
1.4740873358478743 1.5655935358786557 1.6087737616344802 
1.4740756909220933 1.5655940893511853 1.6087772260314797 
1.473803153363777 1.5655927369772675 1.6087808920555935 
1.4737142534744847 1.5655933051241686 1.6087817620165534 
1.473918106324104 1.5655929396356898 1.6087817511132794 
1.4741629146240094 1.5655924447804161 1.6087849965002914 
1.473916183228266 1.5655923265328786 1.6087817006742142 
1.4739544023316073 1.5655912263483627 1.608783853810738 
1.473834746952957 1.5655941801753512 1.6087852989127003 
1.4737526839886765 1.5655960082152367 1.6087820018253607 
1.4739547960895532 1.5655963883898705 1.6087781119063462 
1.4736855838240273 1.5655995047069935 1.6087780674504697 
1.4737712574419883 1.5655992001285592 1.608779112112812 
1.4736993136556074 1.5655976715835527 1.6087792677507675 
1.4739479257019885 1.5655969344936667 1.6087755529118146 
1.4740641988803695 1.5655972672171101 1.6087746569564194 
1.4741077295185274 1.565597569750007 1.6087709353814155 
1.4743545478024833 1.5655996582840344 1.60877003955145 
1.474553302296623 1.5656036802405102 1.60876999896748 
1.4741616272115485 1.5656016438317293 1.6087740879187586 
1.4743603708212605 1.5656041451131133 1.6087736171336966 
1.4747532130350862 1.565603678610273 1.608776980448017 
1.4749497785084256 1.5656006028842868 1.608777812975331 
1.4750225960689365 1.5656013004911176 1.6087767304096254 
1.4749407047663048 1.56560258464807 1.6087781643260024 
1.4745526312489325 1.5656009425960675 1.608781494922819 
1.4746719236815053 1.565599826073887 1.6087814934514915 
1.474867383817961 1.5656018458266057 1.6087856790071826 
1.474480543883488 1.565602028701298 1.6087830252951645 
1.4742472033054324 1.5656029585993334 1.6087861885760188 
1.4742844878515842 1.565605275826773 1.6087847048598278 
1.4741976223696007 1.5656039699796835 1.608786390488381 
1.4742745093812522 1.5656035131675807 1.6087890655645791 
1.4741648928242221 1.5656056911125078 1.6087850104242205 
1.4744291298205379 1.5656030022708796 1.608783533381995 
1.4741962091777487 1.5656024444428738 1.6087872033490482 
1.4742318859723924 1.5656025504963595 1.6087825794596797 
1.4743354340694332 1.5656045776289567 1.6087798342878563 
1.474266984788696 1.5656059879240687 1.6087760836491414 
1.474193509375262 1.5656054342064258 1.6087756171009198 
1.4743873003641348 1.5656036408842802 1.608777308334505 
1.474489823188873 1.5656032551487142 1.6087812820271752 
1.474559608868463 1.5656041615862832 1.6087798196737595 
1.4748185986933406 1.565601989918395 1.6087793491822295 
1.4747436227768076 1.5656008215692527 1.6087770364032954 
1.4750007636434301 1.5655981969483967 1.6087743023017997 
1.4749219525028738 1.5655988228454678 1.6087709840682185 
1.4748552367084367 1.5655951201833358 1.608766381864644 
1.4747409369611304 1.5655977593894277 1.6087649314842 
1.47465808147251 1.5655983911514826 1.6087640644123982 
1.4747208633185434 1.5655987289991917 1.608763483437543 
1.4747745823295282 1.5656013333153296 1.6087649011384282 
1.4745573937187086 1.5656027161816446 1.6087638704337128 
1.474776062617859 1.5656019079037529 1.6087611366644419 
1.4745297263649504 1.5656022824287494 1.6087596974542504 
1.4741521356810279 1.5655994612673414 1.608757391698518 
1.4742619630893492 1.5655981580261158 1.6087603565122395 
1.4741530694925802 1.5656008615422594 1.6087599096717047 
1.4739072645382754 1.565602300619531 1.6087594865603643 
1.4742864147102173 1.56560514538322 1.60875805569763 
1.474049336854465 1.5656008776694148 1.6087553354178168 
1.4744271906966704 1.5656012231603071 1.6087557659626452 
1.4744561660170017 1.5656003143217332 1.608758464719095 
1.4746197002783936 1.5656046830996369 1.6087592825738366 
1.4747082551858184 1.565602802410957 1.6087553324257846 
1.4746444459837122 1.5656021097261927 1.6087520371670538 
1.4747188657798544 1.5656009219992109 1.6087522059217403 
1.4749950761426254 1.5656018464991013 1.6087486526819696 
1.4751381890312563 1.565601136796578 1.6087459586306059 
1.4748891404466535 1.5655980960686406 1.608742411611042 
1.4750991879849804 1.5655966439132116 1.608741585168789 
1.4752926339623569 1.5655979268408318 1.6087416053186345 
1.4753321018168841 1.5655972863122638 1.6087406077165685 
1.4754118926700488 1.5656022244064605 1.608739777990122 
1.4754044108974442 1.565602010991624 1.6087375080700481 
1.4754139135243127 1.5656009679637433 1.6087333813056877 
1.4754402568591807 1.5655993299073356 1.6087328276704431 
1.4755164898245536 1.5655970765079734 1.6087330136376616 
1.4755481054125594 1.5655994295040552 1.6087365714163355 
1.4754758516590114 1.5655992264666696 1.6087338965637792 
1.475366291640413 1.565602179287793 1.6087339166563475 
1.4752635570105301 1.565605166122236 1.6087335128167473 
1.4753618196099623 1.565604023063984 1.6087290033903978 
1.4753950314437856 1.5656044927381156 1.608727612935743 
1.475323538072598 1.5656011385377788 1.6087280484268884 
1.4753876856015482 1.5655999096334048 1.6087284773279815 
1.4751678045116492 1.5655985236253407 1.6087294995669226 
1.4751769275841502 1.5656012686898 1.6087291196920972 
1.4750837042982936 1.5656036519215 1.6087312504858913 
1.4753342243839114 1.565605347462063 1.6087353480883815 
1.4752507626176852 1.5656074107903228 1.6087353509099156 
1.4750710078296307 1.565608445386847 1.6087353832839195 
1.4751035508906811 1.565608027448424 1.6087349938412712 
1.4750113631707233 1.5656045491623225 1.6087329127536085 
1.475089917625865 1.5656022258194737 1.6087315363885735 
1.4752416484769217 1.5656033175576134 1.6087280704219296 
1.475146618406332 1.5656018267072433 1.6087307515519615 
1.4749055161116678 1.565599247495001 1.6087303501144632 
1.4746869896538952 1.5655985127000318 1.6087299689808854 
1.4745823062705952 1.5655998549192065 1.608727762118062 
1.4743641034931032 1.5655968415144315 1.6087247194857224 
1.4741456723781514 1.5655991342193567 1.6087273918622396 
1.47396739328989 1.5655983572189331 1.6087306167183675 
1.4740434783955252 1.5656012185371457 1.6087266090262957 
1.4740877531795076 1.5656033827939644 1.6087241265960077 
1.4741627354313798 1.5656037740983644 1.608720679131436 
1.47434275385864 1.5656008527498912 1.6087197276033463 
1.4745529909558692 1.565599924661068 1.6087187727454348 
1.474657826925187 1.5655974469083465 1.6087161740648954 
1.4750125328473007 1.5655983422770976 1.6087152217992506 
1.475230392284282 1.5655975005366334 1.608715679765571 
1.475136739043163 1.5655977980198585 1.6087186151203299 
1.4751774174234786 1.5655980330111996 1.6087178352759677 
1.4752588489737686 1.5655962884681363 1.6087213144200563 
1.4754969040080295 1.5655939258554272 1.6087188545093851 
1.4755290173305793 1.5655959802518726 1.6087192916343818 
1.4754348890542677 1.5655949972962082 1.6087227453653261 
1.4755259120303545 1.5655948454244064 1.6087202942286525 
1.4755473522260232 1.5655959888735145 1.608717148677031 
1.4754438751831278 1.5655989267913235 1.6087185567313886 
1.4754026545111687 1.5655955334244853 1.6087215870823983 
1.4752986860552908 1.5655910865998803 1.6087241800835448 
1.4752049205776125 1.565589180999522 1.6087202128137972 
1.4754103489043875 1.5655895290020037 1.6087186070167017 
1.475646556932725 1.5655869607567214 1.6087161626598645 
1.475687780379932 1.565589898023051 1.6087127403340205 
1.4757901418090156 1.5655937862058995 1.6087128106263417 
1.475571562109737 1.5655951645991557 1.6087102290814193 
1.475362079883601 1.5655963783045665 1.608710109455437 
1.4751436478690934 1.5655972361440857 1.608712151675423 
1.4752267226767275 1.5655971814682104 1.6087147247712574 
1.4752654405899859 1.565596477582431 1.608719099971917 
1.4751724716715087 1.5655973301275374 1.608716526282195 
1.4750853444785772 1.5656020576016394 1.608719897247394 
1.4751780672299082 1.565598492504947 1.608715958524467 
1.475347188381803 1.5655954789410842 1.6087189442539782 
1.4753030742018671 1.5655927466968578 1.608722739100326 
1.4750855946578283 1.5655916102499239 1.6087247082380938 
1.475161737776738 1.565592235368526 1.608726664619127 
1.4752102350066818 1.5655944388637075 1.6087265015950911 
1.475546738879791 1.5655967658863332 1.608725204139564 
1.475477206282424 1.5655988364248283 1.6087218299187236 
1.4752642193113936 1.5656022712208322 1.6087223703208995 
1.4751746554477667 1.5656041726305325 1.6087253679978422 
1.4752184321735675 1.5656015862195711 1.608721152184865 
1.4751834261158945 1.5655994361993388 1.608724611119709 
1.475042205204888 1.5655992491151405 1.608727072207166 
1.474998356609376 1.5655971025608943 1.6087298145117572 
1.4749443863756706 1.5655933573633118 1.608729354899725 
1.474855394066334 1.5655954369070633 1.6087317836698936 
1.4748995548385302 1.5655935939408243 1.608728426020895 
1.475102107995299 1.565593546020219 1.6087247778809441 
1.4751908075728832 1.565592241425357 1.6087247834571983 
1.4751212315557276 1.5655923349440137 1.6087275067216662 
1.4750672443499426 1.5655902729555042 1.6087280329047766 
1.4750129590153023 1.5655885622705965 1.6087246876226338 
1.4750898935976018 1.5655858347208231 1.6087249199990243 
1.4750135790800025 1.5655860039942107 1.608723647419023 
1.4751019180616045 1.5655883573985345 1.6087234852976664 
1.4751376650998633 1.565587435704189 1.6087259127580473 
1.4754700317654934 1.5655881633137163 1.6087262676960006 
1.4753914830897186 1.565589599656038 1.6087281519056904 
1.4754698009045417 1.5655911502787232 1.6087312383053316 
1.475403893919006 1.565591902215663 1.6087314618099593 
1.4752028783285884 1.565593064367716 1.6087342953718495 
1.4751211043206658 1.565592781860747 1.6087330336315238 
1.4750774271481017 1.5655914831010964 1.60873353421189 
