0.0 1.1806807631546186 1.6094379124341005 
0.0 1.474662238589502 1.6093993127880462 
0.0 1.5143123962511758 1.6093841001071514 
0.0 1.5172356086878351 1.6092990462756975 
0.0 1.508993264673929 1.609086032076452 
0.0 1.4971438513425925 1.6085258033652512 
0.0 1.499644642857243 1.6078373317051067 
0.0 1.5082401826169016 1.6085191602878315 
0.0 1.4971968573029952 1.6078034325938406 
0.0 1.4842430265274311 1.6068010775226522 
0.0 1.4943550512526178 1.6069466296926627 
0.0 1.4972633632763195 1.6067939250941627 
0.0 1.4889999046378435 1.6070098711122758 
0.0 1.480037475990903 1.6065709866172218 
0.0 1.4839798173657008 1.606164786566731 
0.0 1.4762410806933628 1.6058717028399259 
0.0 1.4819965749538737 1.6058580511311007 
0.0 1.4855260866520075 1.6055607948233341 
0.0 1.4883006255176512 1.6050626159839836 
0.0 1.4919906304739532 1.6052850977607793 
0.0 1.4867283253336447 1.6049033236692416 
0.0 1.4802200366932818 1.60446861125945 
0.0 1.474303557213059 1.6041117489999062 
0.0 1.4686286101951755 1.6038832160273235 
0.0 1.4629350518283044 1.6032578514550555 
0.0 1.4575851680320555 1.602855030465666 
0.0 1.459750060748784 1.6030014217248745 
0.0 1.4557202166284586 1.6028520226628555 
0.0 1.4588463911052285 1.6028914864402717 
0.0 1.4632093031754234 1.6028360612138404 
0.0 1.4593127572151985 1.6026117524403287 
0.0 1.455083054549721 1.6024028848225154 
0.0 1.4587627499875353 1.6020836646997119 
0.0 1.4609187497522778 1.6020634920516346 
0.0 1.4575116079966228 1.6017476745084767 
0.0 1.4567371231703912 1.6015360330299393 
0.0 1.4532362030877568 1.6011976276619733 
0.0 1.4536223817977874 1.6012109886349801 
0.0 1.4504004215577564 1.6008372405820253 
0.0 1.454103329412234 1.6011839369420544 
0.0 1.4568939940937788 1.6014452027988118 
0.0 1.4541603785120476 1.601306823680468 
0.0 1.452569133558074 1.6012949176068276 
0.0 1.4556790153318866 1.6014849789011156 
0.0 1.4581759872397535 1.6015908168531265 
0.0 1.4580012093845067 1.6013353417580865 
0.0 1.455452235973026 1.6010069414158596 
0.0 1.4525578441992435 1.6008488232413893 
0.0 1.4497373778378615 1.6004595256288177 
0.0 1.4469853477655767 1.6001554002408105 
0.0 1.4442384631964647 1.599886019748012 
0.0 1.4476302780164734 1.600126827626719 
0.0 1.4486015381554975 1.600316343360149 
0.0 1.451064655744574 1.600477693136431 
0.0 1.4489177402216777 1.6002065500984919 
0.0 1.447786156370726 1.5999667031598837 
0.0 1.4504075183451066 1.600039823445128 
0.0 1.452326987666693 1.6000439946611449 
0.0 1.4538622506326977 1.6002695512535081 
0.0 1.4518773168073935 1.6001008135889623 
0.0 1.4526624262026258 1.6000571741559164 
0.0 1.4507028662166062 1.5999172761759033 
0.0 1.4522336430917862 1.5999469655788678 
0.0 1.45296413963251 1.600009440367799 
0.0 1.4519722821113603 1.599934945207493 
0.0 1.4521027817199188 1.5997797030747334 
0.0 1.4502927285760703 1.5995920082660087 
0.0 1.452774168023567 1.599683600753627 
0.0 1.4543552279194578 1.599911228242963 
0.0 1.4527558973492427 1.5997042706236564 
0.0 1.4518794764979173 1.5996720525387333 
0.0 1.4500749402601063 1.5995148790806675 
0.0 1.4481456769426961 1.599338879010204 
0.0 1.4504620184475416 1.5994905286701888 
0.0 1.4521688314728805 1.5995252180182657 
0.0 1.451542397654474 1.599401295123826 
0.0 1.4505838028661322 1.5993382076290634 
0.0 1.4524099583643073 1.5995480419130093 
0.0 1.4510053656834123 1.599527571557718 
0.0 1.44931239472069 1.5992985032116132 
0.0 1.4476134726001597 1.599248932476442 
0.0 1.4476517480842326 1.5990530811502712 
0.0 1.448494304920159 1.599157577455528 
0.0 1.4493143893291327 1.5991001771493565 
0.0 1.448779765427821 1.5992147045460408 
0.0 1.450596980617969 1.5993193073752885 
0.0 1.4512877437227638 1.599395807372338 
0.0 1.452058601873664 1.599400157065391 
0.0 1.450767840758538 1.599158059263752 
0.0 1.4500252908928333 1.5989135468595483 
0.0 1.44860869645752 1.5988361497454648 
0.0 1.450390111879573 1.5988030076015094 
0.0 1.4501359762305894 1.5986870077665478 
0.0 1.451729450175621 1.5988539156270458 
0.0 1.4505391335877866 1.5987713004695174 
0.0 1.4491413882657818 1.5987948551534925 
0.0 1.4498304307174146 1.5988543153938692 
0.0 1.4508522047538386 1.5989389425709557 
0.0 1.4507745167404338 1.5989550329840545 
0.0 1.451228468890049 1.598960062753399 
0.0 1.452405544932055 1.5989694595183446 
0.0 1.4512901569337615 1.5988476663812432 
0.0 1.4499783900929317 1.5987740889679984 
0.0 1.4515902778998633 1.599003878291758 
0.0 1.452879673674719 1.599091450125194 
0.0 1.45183777210296 1.5990185299524873 
0.0 1.4524037968422154 1.5989334050225057 
0.0 1.4513123421586245 1.5988756872006393 
0.0 1.4527748926278004 1.5989756479554098 
0.0 1.4540580200552686 1.5990720338708637 
0.0 1.4548545980296506 1.5991195650660222 
0.0 1.4555302414013052 1.599132682100703 
0.0 1.45457265961311 1.599070145367389 
0.0 1.4534010194451012 1.5989907471092764 
0.0 1.452251375901293 1.598968797149383 
0.0 1.4535048616292487 1.5989159393909111 
0.0 1.4526318206345146 1.5989170521986207 
0.0 1.4535395130346445 1.599060635273617 
0.0 1.4525072776837094 1.5989771278503162 
0.0 1.4513768721987121 1.5989488816103523 
0.0 1.4507936753057935 1.5990010949004618 
0.0 1.4497244116996182 1.5990082047391572 
0.0 1.4510751727382722 1.5991419338548594 
0.0 1.4501755234556613 1.5990917062568255 
0.0 1.449725921828545 1.5990593054293187 
0.0 1.4507140396212426 1.5991208374818517 
0.0 1.4498836702355622 1.5991125669646504 
0.0 1.4501736496884148 1.599115934510213 
0.0 1.4509478628222463 1.5991756105359676 
0.0 1.4515389508898697 1.599276413732719 
0.0 1.4514490748212077 1.5992731701812277 
0.0 1.4512906115986053 1.5991597372512323 
0.0 1.4517330008529001 1.599174335314673 
0.0 1.4527362985099876 1.5991756040280707 
0.0 1.4523554327530661 1.599123759334053 
0.0 1.4526198338462362 1.5990406044547818 
0.0 1.4517106815036123 1.5989823578439557 
0.0 1.4523454639327191 1.598915093833225 
0.0 1.4515388634233881 1.5988212837432063 
0.0 1.4506083228994018 1.5987791833266092 
0.0 1.4503196880009883 1.5986986019487475 
0.0 1.451233916626829 1.5987393229621192 
0.0 1.4522072670474617 1.5988445548405539 
0.0 1.4513941695549397 1.5987528970293163 
0.0 1.4517516636643728 1.5987505553423238 
0.0 1.4509461902165075 1.5987013146624753 
0.0 1.4517546811356523 1.5987839423752417 
0.0 1.4510495004914052 1.5987408862558163 
0.0 1.4501413242980077 1.5986728440722708 
0.0 1.4510269781828182 1.5987208341451806 
0.0 1.4519184872996278 1.598768999277189 
0.0 1.4518446616017466 1.5987419433239909 
0.0 1.452319062115511 1.5986559654385624 
0.0 1.4521549103219917 1.5986173572590059 
0.0 1.452649882525462 1.5986059816678024 
0.0 1.451978765032676 1.5985605195917687 
0.0 1.4524992563609573 1.5985860890778085 
0.0 1.4533623560478999 1.5986347706586637 
0.0 1.4536686524906144 1.5986908678785505 
0.0 1.4545576168732792 1.5987336012989801 
0.0 1.4538680054460753 1.5986932933004705 
0.0 1.453058424444129 1.5986113050470852 
0.0 1.4534473066837188 1.5986755284668155 
0.0 1.4528391822617677 1.598586941531651 
0.0 1.452040030185079 1.598568061547308 
0.0 1.4529152222465274 1.5986456462389476 
0.0 1.452257800379418 1.5986394523530358 
0.0 1.4519373112619038 1.5986510989030163 
0.0 1.4520750652494983 1.5986128831029371 
0.0 1.451335261819892 1.598560429382044 
0.0 1.4505540047246517 1.59853661459286 
0.0 1.4514083057620308 1.598589263509802 
0.0 1.4507600544524353 1.5985624592002674 
0.0 1.4499962505672552 1.598501128506078 
0.0 1.4506320055858737 1.5985527722717014 
0.0 1.4514894199855488 1.5986896098205297 
0.0 1.4523469693861937 1.5986591596497217 
0.0 1.4525697987827872 1.5987138388628863 
0.0 1.4519239756342035 1.5986747865892246 
0.0 1.4516231468199248 1.5985802424150086 
0.0 1.4523576708642225 1.5986117735709016 
0.0 1.4521053098283747 1.5986893804733708 
0.0 1.4528753199589473 1.5986941710743854 
0.0 1.4523249450674545 1.5986884781945454 
0.0 1.4519669073106918 1.5986660495161638 
0.0 1.4527034937258252 1.5987636173712525 
0.0 1.4521046154917219 1.598727930332188 
0.0 1.4528411706047546 1.598845581629377 
0.0 1.452317102398559 1.5988873610185939 
0.0 1.4525714782853845 1.598914538236773 
0.0 1.4526933874781007 1.598866743678041 
0.0 1.4520414309502427 1.598860830995938 
0.0 1.4521181874138767 1.5988416165101045 
0.0 1.4515519254820473 1.5988707128040551 
0.0 1.4512335640746383 1.59883496571285 
0.0 1.4512329000997595 1.5987879069596993 
0.0 1.4516504161118067 1.5987593793490684 
0.0 1.4519416492051482 1.598777589469784 
0.0 1.4517930082734154 1.5987321936921777 
0.0 1.4511833989560723 1.5987213903186424 
0.0 1.4519589425249684 1.5987818911230598 
0.0 1.4514691877486026 1.5987489282678802 
0.0 1.4508348205145063 1.5986827256951264 
0.0 1.4513194485620255 1.598744996634339 
0.0 1.4507673452056635 1.598725339348499 
0.0 1.4514776398260685 1.5987784473133897 
0.0 1.4518727317514617 1.598775032520886 
0.0 1.452554194314789 1.5987648685066063 
0.0 1.4520687417211822 1.5987624445207955 
0.0 1.4514510306534438 1.5987153351130772 
0.0 1.4508109371909927 1.598696222042308 
0.0 1.451463175530425 1.598710256949418 
0.0 1.4517739310562114 1.5987530247852741 
0.0 1.4521105214313312 1.598772889609272 
0.0 1.4520937201105615 1.5988280360736122 
0.0 1.4522566503824026 1.5988026039134282 
0.0 1.4517575745546745 1.5987593281948256 
0.0 1.4524814804505564 1.5988256696755272 
0.0 1.4530689297501138 1.5988442005706482 
0.0 1.4526123958710404 1.598838903328712 
0.0 1.4524140648821833 1.5987394011716036 
0.0 1.4518590755462848 1.5986623931940096 
0.0 1.4523409498263524 1.598679390937618 
0.0 1.4518390901670308 1.5986567033259427 
0.0 1.4512573609823078 1.598581933171248 
0.0 1.450670757994161 1.598542957603633 
0.0 1.450082318055159 1.598509970390511 
0.0 1.4507299945277026 1.5985463811545881 
0.0 1.4512123971202353 1.5985380262539781 
0.0 1.451835192720374 1.5985579880979064 
0.0 1.4513594515356236 1.598492866098411 
0.0 1.4511137067336881 1.5984707118098211 
0.0 1.45056908081925 1.5984122083403254 
0.0 1.4512041104846611 1.5985100907135839 
0.0 1.450751079244965 1.5984825314733766 
0.0 1.4512810650392487 1.5985399018278197 
0.0 1.4508089634702297 1.5984875987710079 
0.0 1.4502441836907252 1.598461219308706 
0.0 1.4507544880347254 1.5985242011096734 
0.0 1.4510392860436776 1.5985058434778288 
0.0 1.451124710265116 1.598486604807231 
0.0 1.450676287341059 1.5984927617191353 
0.0 1.451222242454643 1.5985534962855326 
0.0 1.4507662081844297 1.5985266675946757 
0.0 1.4502118469242733 1.5984665232855033 
0.0 1.4508932375644221 1.5984996560193183 
0.0 1.4514955128445735 1.5985678347248933 
0.0 1.4510542093548613 1.5985101831371908 
0.0 1.4505351413824816 1.5984603026684228 
0.0 1.4500052683360978 1.5984281225549115 
0.0 1.4507308811509059 1.5984400640251004 
0.0 1.4503025123712827 1.598421757489887 
0.0 1.4497912457563382 1.5983849395663234 
0.0 1.449937808130004 1.5984190669746772 
0.0 1.4504815438510645 1.5984759192992648 
0.0 1.4500240549334587 1.5984462271786453 
0.0 1.4501355539127914 1.59851977530297 
0.0 1.449669428463196 1.59849513657406 
0.0 1.4500146776182834 1.598489723330923 
0.0 1.4504483935635544 1.5984907519591314 
0.0 1.4503167288383716 1.598514314905987 
0.0 1.449837305565607 1.598482884351978 
0.0 1.4503874964118333 1.5985247502951307 
0.0 1.4506103930400385 1.5985577996793128 
0.0 1.4501946643206667 1.598503810020468 
0.0 1.450269440837757 1.5984749886448317 
0.0 1.449814293045973 1.5984369562736218 
0.0 1.4503111569372338 1.5984675482228043 
0.0 1.4502546354586154 1.5984798896340902 
0.0 1.4500909291394537 1.5984314144186595 
0.0 1.4498876177998956 1.5984131066354323 
0.0 1.4494274432064602 1.5983673549622022 
0.0 1.4499059136983246 1.5984117787712935 
0.0 1.4503785487568808 1.5984382042292313 
0.0 1.450634799672052 1.5984171300797427 
0.0 1.4502222389647765 1.5984265617231659 
0.0 1.4507434620167967 1.5984459570598053 
0.0 1.4512208403759301 1.5984736111278715 
0.0 1.4510605373674845 1.598417882482848 
0.0 1.4515135405873274 1.5984690139090776 
0.0 1.451169809623274 1.5984681028846133 
0.0 1.4507047443696008 1.598406711183695 
0.0 1.4507453193194861 1.5984513432654568 
0.0 1.4509848837371957 1.5985237547863385 
0.0 1.4513364213580553 1.598547510048067 
0.0 1.4509576753990312 1.598540222214818 
0.0 1.4504946150344518 1.598510475966556 
0.0 1.4500345510186547 1.5984904243122493 
0.0 1.4505340921581722 1.5984928288790312 
0.0 1.4506377026359818 1.5985323242834966 
0.0 1.4505333249224275 1.59852527950703 
0.0 1.4501187205064747 1.5985169787363496 
0.0 1.450527440116045 1.5985570670505544 
0.0 1.4502179499327956 1.5985060645772702 
0.0 1.450473260256964 1.5985257543238551 
0.0 1.4508864275669098 1.5985705546947606 
0.0 1.4507312741963874 1.5985627808726148 
0.0 1.450311029123981 1.5984959046619758 
0.0 1.4501091788791247 1.598484256620486 
0.0 1.4496835714771754 1.5984709992128785 
0.0 1.4498928256668155 1.598420541392784 
0.0 1.4498319987390826 1.5983985339637652 
0.0 1.4494086439471547 1.5983392331953297 
0.0 1.4495532681031698 1.5983563115584356 
0.0 1.4498393189432703 1.598390154583507 
0.0 1.449466205445359 1.5983437595274583 
0.0 1.4497562105811594 1.598345782087434 
0.0 1.44942274579872 1.5983746512883172 
0.0 1.4495375884319106 1.5983316959597724 
0.0 1.449692493833891 1.5983544579032987 
0.0 1.4496591596190749 1.5983827976854283 
0.0 1.4500691900378846 1.5983771421878106 
0.0 1.4503835575188548 1.5984543949540857 
0.0 1.4507633203883 1.5984481863104554 
0.0 1.4504053837492017 1.5984034697726754 
0.0 1.4508976454278268 1.5983835906423234 
0.0 1.451280169531086 1.5984223437233007 
0.0 1.4509349179301998 1.5984160247107702 
0.0 1.4505111208647756 1.5983857344193964 
0.0 1.450994381105885 1.598383971509395 
0.0 1.4513825578849742 1.5983915094766146 
0.0 1.4517185459092876 1.5983610326901538 
0.0 1.4515946642015818 1.598386939568515 
0.0 1.4512057908986435 1.5983840657920407 
0.0 1.451040387009521 1.598346814791192 
0.0 1.4506583247339868 1.5982830681285458 
0.0 1.4502592270445567 1.5982387871747092 
0.0 1.450398980130216 1.598274702115134 
0.0 1.4506010523028514 1.5982764858387153 
0.0 1.450807252571776 1.598260579908255 
0.0 1.4510592437779168 1.5982701028334871 
0.0 1.450716615303881 1.5982584464456284 
0.0 1.4505633123072434 1.5982568032336222 
0.0 1.4501837990881252 1.598223280384789 
0.0 1.449785519115866 1.5981720309362593 
0.0 1.4502078530137694 1.598196060212545 
0.0 1.450618161711403 1.5982119618883963 
0.0 1.4509850986600483 1.5982090930687094 
0.0 1.4513733841048098 1.5982170163320157 
0.0 1.4510548666687986 1.5981898245627946 
0.0 1.451486847786882 1.5982240770013951 
0.0 1.4515966541863157 1.5982496984457009 
0.0 1.4512581216100826 1.5982312998206856 
0.0 1.4517397233606488 1.598281442924253 
0.0 1.4514716815093616 1.5982997955396838 
0.0 1.4518991463113369 1.598306132615941 
0.0 1.4519159058923927 1.5982985228743738 
0.0 1.451586464533031 1.5982471982057755 
0.0 1.4517763835840116 1.5982382336479952 
0.0 1.4514433257462405 1.5981954553617557 
0.0 1.4515817074473172 1.5981984962370306 
0.0 1.451925541245168 1.5982494835644971 
0.0 1.4516129408497507 1.5982260886632187 
0.0 1.4517278602503736 1.5982172956866831 
0.0 1.4520705972565804 1.5982171612363159 
0.0 1.4524561280889157 1.5982287747001633 
0.0 1.4528532438989183 1.5982277862389775 
0.0 1.4525497238193206 1.5982165057815982 
0.0 1.4529794416854682 1.5982334545730446 
0.0 1.4526832451773986 1.5982024636717478 
0.0 1.4530482772621893 1.5982507036986806 
0.0 1.4533602442369218 1.5982349092181858 
0.0 1.4537635977026742 1.5982923099522381 
0.0 1.4540536196029894 1.598301513752242 
0.0 1.4537481162667634 1.5982859673438947 
0.0 1.454178401934279 1.598332489398424 
0.0 1.4539289988807673 1.5983317428167874 
0.0 1.4540681629556633 1.5983491674129364 
0.0 1.4537588155097034 1.598324028555083 
0.0 1.4534134245069497 1.5982885436788121 
0.0 1.4536314429626442 1.5982924257450202 
0.0 1.4539507504288292 1.5983088993521188 
0.0 1.4542709152221212 1.5983381841858508 
0.0 1.4539766233897955 1.5983059205806966 
0.0 1.4536242073626462 1.5982852197674746 
0.0 1.4532554574897303 1.5982673648694414 
0.0 1.4535739768939866 1.598273025759576 
0.0 1.4532804590017154 1.5982555793611302 
0.0 1.4529297911344006 1.5982135717447175 
0.0 1.452585592362967 1.5981739801253452 
0.0 1.4528944649262205 1.5981579270659936 
0.0 1.4532067988113584 1.5981893261368287 
0.0 1.4529442972496536 1.5981549786480653 
0.0 1.453297566179229 1.5981710867307757 
0.0 1.4531743624450717 1.5981716182763173 
0.0 1.4534970390360957 1.5981615915390857 
0.0 1.453773231428566 1.5982023882093725 
0.0 1.454014373789526 1.59823264801651 
0.0 1.4543198198601455 1.5982722321832241 
0.0 1.4540458314614053 1.598257796678387 
0.0 1.4544205345179921 1.598299461021225 
0.0 1.454162408602679 1.5982659995760045 
0.0 1.453830329689161 1.5982349429310705 
0.0 1.4540042075647601 1.5982273179080844 
0.0 1.4537283293171437 1.5981918940175337 
0.0 1.4535929846994662 1.5981805693349003 
0.0 1.4538062493374946 1.5982109501151038 
0.0 1.453848657191567 1.598254002247105 
0.0 1.4541110890577689 1.5982692239866934 
0.0 1.4538449478694049 1.5982343353512087 
0.0 1.4541962101041013 1.5982298914757105 
0.0 1.4539374591024639 1.5982136491479477 
0.0 1.4543263667179542 1.598227247485294 
0.0 1.454412306173476 1.5982518869901159 
0.0 1.454674926868878 1.5982467915720235 
0.0 1.4549809308660728 1.5982973029469298 
0.0 1.4547355267931268 1.598301651303241 
0.0 1.4547641691524076 1.5982805143324805 
0.0 1.4545135185952653 1.598257247465131 
0.0 1.4548080278946867 1.5982814259860387 
0.0 1.454580209971948 1.598273967226997 
0.0 1.4548959828716406 1.5982934483960327 
0.0 1.4551999689076573 1.5982801036175807 
0.0 1.4554807427252006 1.5982819803541248 
0.0 1.455787195487253 1.5983235746962523 
0.0 1.455872916591867 1.5983141161189085 
0.0 1.4558935808204314 1.5983226909831048 
0.0 1.4560815310744082 1.5983046082236285 
0.0 1.4563741507203933 1.5983421349094702 
0.0 1.4563260424192106 1.5983526821238125 
0.0 1.4564875959957773 1.5983447272090727 
0.0 1.456786209295827 1.5983532199048802 
0.0 1.4570789035713019 1.598353485942246 
0.0 1.4572255227501878 1.5983774760299512 
0.0 1.456957732885474 1.5983451604545518 
0.0 1.4568969525459177 1.5983149451803385 
0.0 1.4566037698157301 1.5982818503825438 
0.0 1.4568157529718777 1.5982385914363237 
0.0 1.4569314436565957 1.5982291674811058 
0.0 1.456690664356273 1.598213987346098 
0.0 1.456976533924678 1.5982292683859853 
0.0 1.4571766663655532 1.5982364870581116 
0.0 1.4574390631330294 1.5982684531803526 
0.0 1.4576509872255756 1.5983069091254711 
0.0 1.4574010100802415 1.5983038663542866 
0.0 1.4571050754336587 1.5982844117459631 
0.0 1.4574566829813076 1.5983073959702352 
0.0 1.4576422365944992 1.5983247512052443 
0.0 1.4573767880856139 1.5983160809875916 
0.0 1.4573040223028115 1.5982935184452693 
0.0 1.4575604680657308 1.5983175077996272 
0.0 1.4573161610470882 1.5982921187423462 
0.0 1.4576176136066634 1.598309298203334 
0.0 1.4573771275114238 1.598290701517406 
0.0 1.4576234322030048 1.5983119692141068 
0.0 1.4573776404567793 1.598303818054783 
0.0 1.4576436414794747 1.5983206132054695 
0.0 1.4573989154389495 1.5982979927216239 
0.0 1.4574087372547961 1.5983036716894203 
0.0 1.4576231284282821 1.5983306781075706 
0.0 1.4573748634763057 1.5983221882994765 
0.0 1.45766642996656 1.5983624340041651 
0.0 1.4574561023170858 1.5983858273188045 
0.0 1.4571767857844242 1.598368530244737 
0.0 1.4572998839853955 1.5983728152224368 
0.0 1.4570638044081445 1.5983623977642658 
0.0 1.457043420490785 1.598339873741632 
0.0 1.4567824729200762 1.5983294579984042 
0.0 1.4564949374587994 1.5983229899866362 
0.0 1.4562116272974264 1.598324733208143 
0.0 1.4559246316784074 1.5982967046499474 
0.0 1.4556341949061027 1.5982728517394507 
0.0 1.455948262058826 1.598298181407283 
0.0 1.4557210164608316 1.5982661354700993 
0.0 1.4558573621091189 1.5982776966435523 
0.0 1.4558956288942069 1.5982638838996255 
0.0 1.45564465401991 1.5982497186590123 
0.0 1.455803111154049 1.5982688490184676 
0.0 1.4555774486048307 1.5982511229610261 
0.0 1.4554989541465202 1.5982183786471906 
0.0 1.4552267938986196 1.5981645828454134 
0.0 1.455586824142749 1.5981793824228279 
0.0 1.4558208451479688 1.5981950026848168 
0.0 1.455588349146267 1.5981774611858792 
0.0 1.4553226752479174 1.598163614085702 
0.0 1.4550431199863059 1.5981537511823996 
0.0 1.4553171084466099 1.5981828531388635 
0.0 1.4550847627440913 1.5981516167782095 
0.0 1.454827271208071 1.598132005263455 
0.0 1.454559396787091 1.598118204591934 
0.0 1.4542914715048259 1.5981044060730194 
0.0 1.454547875094252 1.5981352895205017 
0.0 1.454581967433776 1.5981260385756113 
0.0 1.4545202097802818 1.5981066352617883 
0.0 1.4547863436655943 1.598131146471849 
0.0 1.4545710218429597 1.5981347113633857 
0.0 1.4543077408035008 1.5980999534385822 
0.0 1.4540381731124834 1.5980695392246784 
0.0 1.4537688403375224 1.5980351375868291 
0.0 1.4537648785342603 1.5980531540381109 
0.0 1.4535266951438732 1.5980285749607803 
0.0 1.4534642631893355 1.598022179163641 
0.0 1.4536884622999664 1.5980290953198113 
0.0 1.4534696972966596 1.5980112712389194 
0.0 1.453332849256734 1.5980109660202348 
0.0 1.4535878508132993 1.598020249154728 
0.0 1.4538461086385117 1.5980506198941982 
0.0 1.4536263462916925 1.5980429124173425 
0.0 1.4539266579125796 1.598085693225838 
0.0 1.4540399378068947 1.5980862503379842 
0.0 1.4541364632067906 1.5981052102445088 
0.0 1.4543724742295103 1.5981222310092802 
0.0 1.454561157888785 1.5981330175086665 
0.0 1.4548168234411896 1.598167841565785 
0.0 1.4546073540470643 1.5981661503288542 
0.0 1.4548643145702054 1.5981883050131778 
0.0 1.4546473740056374 1.5981791090970567 
0.0 1.4546083122158298 1.5981468846867 
0.0 1.4543716668111002 1.5981166873821517 
0.0 1.4544164455510837 1.5980919691106616 
0.0 1.4546626718406666 1.5981115271315365 
0.0 1.4544513561330845 1.5980822110148947 
0.0 1.4542020024855609 1.5980671896922252 
0.0 1.4543589194017832 1.5980710977027557 
0.0 1.454524774856204 1.5981060100390971 
0.0 1.4543229635461745 1.5980734255333466 
0.0 1.4542654269639397 1.5980506322187849 
0.0 1.4545146033640743 1.5980775235166669 
0.0 1.4547185181979847 1.5980798694763234 
0.0 1.454794602450568 1.5980697826792403 
0.0 1.454578985226145 1.5980682154515233 
0.0 1.4547791205209293 1.5980734001651407 
0.0 1.4549148067484683 1.598076742222768 
0.0 1.4551221815099566 1.5980929709679985 
0.0 1.45494228975818 1.5980966542393162 
0.0 1.4551968739950147 1.598110276925788 
0.0 1.4554508633299834 1.5981347835455932 
0.0 1.4556945741177016 1.5981728419980457 
0.0 1.4559430875777226 1.5982233483059856 
0.0 1.4561376742249341 1.5982339589219172 
0.0 1.456358344145195 1.5982495189859318 
0.0 1.4564014032996986 1.5982669981186286 
0.0 1.4562095119043688 1.5982681991441414 
0.0 1.4564695282218478 1.5982759425248956 
0.0 1.4562847985865564 1.598261551874321 
0.0 1.456066458983381 1.5982282007371302 
0.0 1.4558395193775022 1.598196424086171 
0.0 1.4555904901171275 1.5981804441340117 
0.0 1.455342375634963 1.5981684845129638 
0.0 1.4550909388685933 1.5981493770387498 
0.0 1.455273876055251 1.5981574248871455 
0.0 1.4553645837751703 1.5981664542710283 
0.0 1.4551509271442216 1.5981675477101935 
0.0 1.4553969637555961 1.5981864159296897 
0.0 1.4552004277588166 1.5981848031202146 
0.0 1.4549705799320918 1.5981689105815868 
0.0 1.454914618919835 1.5981812874923564 
0.0 1.4548450037423886 1.598153131170605 
0.0 1.4550864050290047 1.5981727488392978 
0.0 1.4548903113157556 1.598166065699878 
0.0 1.454657589911748 1.5981608177093933 
0.0 1.4549182768189486 1.5981803676040485 
0.0 1.4548843610312574 1.598166044680628 
0.0 1.454664998128571 1.5981370740759882 
0.0 1.4544300686671556 1.598125076054666 
0.0 1.454601901009687 1.5981161390892684 
0.0 1.4544038616744754 1.598096080800977 
0.0 1.4546627823142673 1.5981186024995446 
0.0 1.4548784685141376 1.5981169652575937 
0.0 1.4546720476533368 1.5981051629836578 
0.0 1.4544380829362609 1.5980717589524858 
0.0 1.4542050760556788 1.598065165429791 
0.0 1.454464503874531 1.5980873009574068 
0.0 1.454668377831899 1.59808343149321 
0.0 1.45461365220536 1.5980688218561925 
0.0 1.4543992687159137 1.5980433115578059 
0.0 1.4541692567991067 1.5980365353165975 
0.0 1.4539301449863653 1.5980377585950007 
0.0 1.4541013907740088 1.5980455643232305 
0.0 1.4541017258969537 1.5980387714677393 
0.0 1.453897390121926 1.598028957715636 
0.0 1.453667632720871 1.5980161654305722 
0.0 1.4539207731712265 1.5980225783610154 
0.0 1.453733681904157 1.5979973527503772 
0.0 1.4539959757634957 1.5980081607439682 
0.0 1.4541927945490742 1.5980198682398052 
0.0 1.4539995207041971 1.5980049606184972 
0.0 1.4537716989057068 1.5979883792007656 
0.0 1.4540403709345653 1.5980320143564701 
0.0 1.453854792798462 1.5980225191257287 
0.0 1.4540990012835382 1.5980367260396253 
0.0 1.454203512128608 1.5980156898528461 
0.0 1.454001649111821 1.5980142877798726 
0.0 1.453785410042745 1.5979892597713867 
0.0 1.4540608217758921 1.598014871549391 
0.0 1.4540457989053532 1.5980070628049179 
0.0 1.4538374441219375 1.597981204694477 
0.0 1.4536162196045257 1.5979713713760817 
0.0 1.4535359302582322 1.5979615115524146 
0.0 1.4533280670716284 1.597936158096837 
0.0 1.453103935916623 1.5979108478852235 
0.0 1.4528824167303296 1.597902571445153 
0.0 1.4526601934761627 1.5978702219069874 
0.0 1.4528840787474027 1.5978990811908633 
0.0 1.4527175828745824 1.5978831101361624 
0.0 1.452976942464733 1.597922567951836 
0.0 1.4531938917082252 1.5979436073713011 
0.0 1.4530057129477068 1.5979288519172357 
0.0 1.4530997176139837 1.5979246796985227 
0.0 1.4529093318531698 1.5979183634876675 
0.0 1.4531139630179812 1.5979356733513814 
0.0 1.4531133804287604 1.5979281752006864 
0.0 1.452912236705764 1.5979058417145922 
0.0 1.453187236130308 1.5979264527340058 
0.0 1.453020932021022 1.5979071240842007 
0.0 1.4528111751139117 1.5979037770345734 
0.0 1.45306745199645 1.5979264202886612 
0.0 1.453240182018511 1.5979449490261823 
0.0 1.4534523069196377 1.5979652205140968 
0.0 1.4535848758189849 1.5979691700531413 
0.0 1.4537062831914782 1.5979676673621341 
0.0 1.4538942381642939 1.5979626625750287 
0.0 1.4541091353362918 1.5979755119716021 
0.0 1.4542880181432838 1.5979952631009364 
0.0 1.4543837172389729 1.5980114822312341 
0.0 1.454200505052395 1.5980052710699075 
0.0 1.4544334832184602 1.5980217595406545 
0.0 1.45459529510542 1.5980281130308116 
0.0 1.4545987232040043 1.5980498232783409 
0.0 1.454400574599787 1.5980264174134162 
0.0 1.4546560832259021 1.5980402218341596 
0.0 1.4545000279966 1.5980142229920475 
0.0 1.454292018441402 1.5979774585569437 
0.0 1.4544830786201763 1.5979998634551174 
0.0 1.4543049411595081 1.5979891440255163 
0.0 1.454446016698435 1.5980060621540049 
0.0 1.4542657949981805 1.5979881967704144 
0.0 1.4544816762048265 1.5979929612219852 
0.0 1.4546778966160185 1.5980160182524459 
0.0 1.4545274638756023 1.5980054767541083 
0.0 1.4547244851024572 1.598019229038217 
0.0 1.4545509328448636 1.5980087028483583 
0.0 1.4543461086140497 1.5979852815079238 
0.0 1.4541395714858867 1.5979676113201344 
0.0 1.4542926458973198 1.5979864749774748 
0.0 1.4541162500168616 1.5979593327393602 
0.0 1.4541665590675614 1.597957216660181 
0.0 1.4543290563656621 1.597969627279209 
0.0 1.454375774371147 1.5979625119885752 
0.0 1.4545659754857625 1.597977379762595 
0.0 1.454738221897906 1.59796909433796 
0.0 1.4549499937408377 1.5979728310723122 
0.0 1.4547820362457982 1.5979597544436037 
0.0 1.454760120352653 1.5979386076957036 
0.0 1.4549605719632408 1.5979579330546487 
0.0 1.4551209180070044 1.5979479990569327 
0.0 1.4549508021537447 1.597941281567672 
0.0 1.4547520454027265 1.5979166781551724 
0.0 1.4545478776210483 1.597902024029315 
0.0 1.4547275204984558 1.5979177723626672 
0.0 1.4547861921028409 1.5979254524725819 
0.0 1.454606384907464 1.5979134586567363 
0.0 1.4546706103732714 1.59791268816885 
0.0 1.4544881268263374 1.5978955378225206 
0.0 1.4547136040158695 1.5979114784452229 
0.0 1.4545544093357932 1.5979043523803202 
0.0 1.4544901961356282 1.597888699889491 
0.0 1.454674367335244 1.5979113362675548 
0.0 1.4545102560769105 1.597898537264714 
0.0 1.4543189780002408 1.5978840760861868 
0.0 1.4545311334401732 1.5979006777832845 
0.0 1.4543698865936476 1.597884502535717 
0.0 1.4545540822512475 1.5978845887666715 
0.0 1.4547539425847695 1.597895373658663 
0.0 1.4549286671990456 1.5979080162065753 
0.0 1.4547808806059421 1.5979263143458438 
0.0 1.4549785760724736 1.5979426651693802 
0.0 1.4551569076461084 1.597969338491675 
0.0 1.4552850298020443 1.59798768648538 
0.0 1.4551109635365382 1.5979676949712367 
0.0 1.45507170927431 1.5979603632936557 
0.0 1.4548853745495662 1.5979551138262837 
0.0 1.4548352552871309 1.597960465331965 
0.0 1.4546659794271048 1.5979550689332136 
0.0 1.45485201439293 1.597982578790917 
0.0 1.454928944978449 1.5979724608413814 
0.0 1.455040433655281 1.5979781814583642 
0.0 1.4552192707527614 1.5979970040084597 
0.0 1.455051302552496 1.5980050710921474 
0.0 1.454863626742555 1.5979915021534605 
0.0 1.455070630859251 1.597997930921906 
0.0 1.4549226382688236 1.5979879862275015 
0.0 1.455104758545064 1.597984935335273 
0.0 1.4552763755278153 1.5980039005487923 
0.0 1.4554446852076188 1.5980213508851084 
0.0 1.4555855063554677 1.598032201793548 
0.0 1.455758107490233 1.5980522024448454 
0.0 1.4556115497281443 1.5980529670915327 
0.0 1.4557705387222326 1.5980662016340244 
0.0 1.4556268161605346 1.5980606254542895 
0.0 1.4554337692759856 1.5980321887442412 
0.0 1.4552443831350075 1.597998499306727 
0.0 1.4550535122390984 1.5979821998654458 
0.0 1.455274816742659 1.5980078900573707 
0.0 1.4551344837192988 1.5979960320245976 
0.0 1.454966340805676 1.5979802313609406 
0.0 1.4551440092466976 1.5979874712767324 
0.0 1.4552937240657051 1.5979871181040957 
0.0 1.4551497177779062 1.5979820577054833 
0.0 1.4553429411949725 1.598020936158468 
0.0 1.455546606363877 1.5980318555515198 
0.0 1.4554134818138733 1.5980305538884636 
0.0 1.4555849255558206 1.5980464246856456 
0.0 1.455437575998267 1.5980448371814036 
0.0 1.4552547762795887 1.598026402559033 
0.0 1.4554263489392238 1.5980475525144389 
0.0 1.4555980043140428 1.598065130011687 
0.0 1.455442106458025 1.5980520854639475 
0.0 1.4552593883942488 1.5980268381084253 
0.0 1.4552719891923418 1.598014746765514 
0.0 1.4554131746384962 1.5980081559036805 
0.0 1.45525559301884 1.5980042577654892 
0.0 1.4550822831145638 1.5979936413665956 
0.0 1.4548961272807057 1.5979646632128648 
0.0 1.4547116563832017 1.597943594855001 
0.0 1.4548166015106911 1.597958085631232 
0.0 1.454659808603343 1.597943993082853 
0.0 1.454851628530256 1.5979541574210834 
0.0 1.4550083162524718 1.5979740197052814 
0.0 1.45485088944152 1.5979704293098302 
0.0 1.4550097916022204 1.5979651828917905 
0.0 1.4551571729756196 1.5979697140534466 
0.0 1.455011835016418 1.5979630496080468 
0.0 1.4550728268448034 1.597962332826914 
0.0 1.4551906822264415 1.5979683847844102 
0.0 1.4550343045554281 1.597963490872063 
0.0 1.4548496275902778 1.597955386110628 
0.0 1.4546725260884177 1.5979461919270557 
0.0 1.454497204832649 1.5979310968338782 
0.0 1.4543227147943159 1.5979167924330782 
0.0 1.4544398303445245 1.5979291803131952 
0.0 1.4546371578903943 1.5979436961275777 
0.0 1.4547941956464412 1.597965471997908 
0.0 1.454643655481301 1.597939489212966 
0.0 1.454842472557349 1.5979330198945452 
0.0 1.4549771482165181 1.597941162912143 
0.0 1.4551281256642583 1.5979445785901432 
0.0 1.4552270476164308 1.5979397989736945 
0.0 1.4550764261050309 1.5979383869359953 
0.0 1.4552669185044542 1.5979682051934583 
0.0 1.4553546475203956 1.597956955822798 
0.0 1.4554084134326797 1.5979313669989723 
0.0 1.4555478041845022 1.5979354649426096 
0.0 1.4557071731475963 1.5979439843732497 
0.0 1.4555575440779323 1.5979348972874337 
0.0 1.4556350261306232 1.5979361787125868 
0.0 1.4557762656221869 1.597932441956466 
0.0 1.4559195117019226 1.5979358985376153 
0.0 1.4557820177337744 1.5979366999794289 
0.0 1.455605448900478 1.5979279133272362 
0.0 1.4554308216620513 1.597916888934817 
0.0 1.455255069532696 1.5979144421808047 
0.0 1.4554409495205871 1.5979331057152408 
0.0 1.455581519868914 1.5979490847333588 
0.0 1.4554370504331176 1.597952956532443 
0.0 1.4553936317859812 1.597930107295142 
0.0 1.4554562600296128 1.5979392290362917 
0.0 1.4552982221670328 1.5979282916969375 
0.0 1.4552176900755347 1.5979242340495836 
0.0 1.4552359070392553 1.5979258495449344 
0.0 1.455086173061891 1.597908502427149 
0.0 1.455263347335498 1.5979150394467916 
0.0 1.4551229854316658 1.597905572292392 
0.0 1.455212492064746 1.5979037389984343 
0.0 1.4553560128778185 1.5979084043043474 
0.0 1.4555028316425367 1.5979072030247559 
0.0 1.4553641973783988 1.597889578129673 
0.0 1.4555306196591469 1.5979128665728075 
0.0 1.4556869047604208 1.5979119993832116 
0.0 1.4558524987727488 1.5979192851964774 
0.0 1.4557240441885686 1.597913315331644 
0.0 1.4555613711227773 1.5979143183498095 
0.0 1.455380070759384 1.5979017948283025 
0.0 1.4555531872957204 1.5979174995653047 
0.0 1.455701051701738 1.5979342929654075 
0.0 1.455759987698068 1.5979405948491157 
0.0 1.4557873538347148 1.5979199704954845 
0.0 1.4558747020583795 1.5979103733333049 
0.0 1.4560093374071719 1.5979084134744952 
0.0 1.4561468489065794 1.5978979527385622 
0.0 1.456004912392059 1.5979017670155207 
0.0 1.4560527306008941 1.5978969314641773 
0.0 1.4560309179470825 1.5978697165850504 
0.0 1.4558719409705854 1.5978432387393002 
0.0 1.4560378724053678 1.597868771627179 
0.0 1.456076464884983 1.5978767720344118 
0.0 1.4559243577000864 1.5978609902131455 
0.0 1.4558923265258508 1.5978433909779977 
0.0 1.4558434052740765 1.5978264241130358 
0.0 1.4559898466891728 1.5978294820754306 
0.0 1.4561154923254138 1.5978313901015413 
0.0 1.4559792187506673 1.5978373022026526 
0.0 1.4559360173133649 1.5978310470575308 
0.0 1.4560682542227972 1.5978385914058335 
0.0 1.455922309368452 1.597830186870674 
0.0 1.4557606880208904 1.597815935405799 
0.0 1.4559053417042773 1.5978081624106073 
0.0 1.4558942899976859 1.597802129481259 
0.0 1.4557429633931507 1.597808449605702 
0.0 1.4555804792901 1.5978122223939217 
0.0 1.4554188958908418 1.597798888919336 
0.0 1.4552574295860539 1.597797599166971 
0.0 1.4552511686100562 1.5977946156127907 
0.0 1.4551060695829707 1.5977806124242329 
0.0 1.4549470761253072 1.5977781163300087 
0.0 1.454781818304386 1.597752824758494 
0.0 1.454618557589878 1.5977538016680417 
0.0 1.4546957348448641 1.597745286635091 
0.0 1.4548407627428392 1.597742652596759 
0.0 1.4547035419831436 1.597741398150797 
0.0 1.4548558384072223 1.5977370138505922 
0.0 1.4547198513394457 1.5977182009576723 
0.0 1.4545583049502049 1.597693066457179 
0.0 1.454395552770173 1.5976620343679793 
0.0 1.4545524057240995 1.5976691355901598 
0.0 1.454425931562832 1.5976658553078436 
0.0 1.4545935151908098 1.5976876341297412 
0.0 1.4547332143097351 1.5977139942896639 
0.0 1.4547234613391182 1.5977280400312899 
0.0 1.4545697997913318 1.5977169844815058 
0.0 1.4544077225653234 1.5976994651390861 
0.0 1.4543668493977309 1.5976928804044506 
0.0 1.4542197012088227 1.5976747770730209 
0.0 1.4540709751072662 1.5976566662775307 
0.0 1.4539119379913075 1.5976391842134858 
0.0 1.4538738734391559 1.597621846362519 
0.0 1.4537290893820047 1.597611575551238 
0.0 1.453747772397582 1.5976084214379995 
0.0 1.4538968098685143 1.5976172800524342 
0.0 1.4537633173853437 1.5976140719967127 
0.0 1.4539140709091314 1.5976230209704192 
0.0 1.453786365177478 1.5975999131158396 
0.0 1.4538146431283352 1.5976084231695502 
0.0 1.4539052624205226 1.5976322894306256 
0.0 1.4537750119364279 1.5976360546634631 
0.0 1.4537797159563008 1.5976365497978158 
0.0 1.453915544061572 1.5976389164759066 
0.0 1.4537896024984234 1.5976191928440333 
0.0 1.4536365191837584 1.597608422653632 
0.0 1.453480108217617 1.5976028000651001 
0.0 1.4534975649707318 1.5976087037583002 
0.0 1.4535544750434488 1.5976038735725737 
0.0 1.4534196388185612 1.597590414756327 
0.0 1.4532704241662828 1.5975818483570308 
0.0 1.4531209760026584 1.5975728795234707 
0.0 1.4529757152149139 1.5975505998140416 
0.0 1.4528278644036197 1.5975424754702099 
0.0 1.4530068309812991 1.5975549418265567 
0.0 1.452890505539468 1.5975478566864973 
0.0 1.4530504837478024 1.5975769979724825 
0.0 1.4531085313650256 1.597576066676367 
0.0 1.4530948882733248 1.5975760395646965 
0.0 1.4530574174689146 1.597573734408713 
0.0 1.4531955386364073 1.5975746554426684 
0.0 1.4533117125427555 1.597586898690952 
0.0 1.4531839845579264 1.5975837731416678 
0.0 1.4532981239556175 1.5975768584337138 
0.0 1.4533424440873233 1.597569578874714 
0.0 1.4532260460527813 1.5975774776079381 
0.0 1.453077708721367 1.5975653905788243 
0.0 1.4529227658736799 1.5975523641493132 
0.0 1.4527689820198952 1.5975422987003438 
0.0 1.4529157200318468 1.5975729117693593 
0.0 1.4528017670952285 1.5975706164331867 
0.0 1.4529174909424036 1.5975826404722442 
0.0 1.4530541175226743 1.597600547904202 
0.0 1.453084364668871 1.597612087920939 
0.0 1.4529493955412727 1.5975990998284748 
0.0 1.453051415033293 1.5975877037633857 
0.0 1.4531988026868106 1.597599692942222 
0.0 1.4532127399624635 1.5976179683054739 
0.0 1.4530746245634751 1.5976102096408515 
0.0 1.45292710456153 1.597599387455939 
0.0 1.4530718407636107 1.597594034515823 
0.0 1.4529581484483194 1.597581064576302 
0.0 1.4531252731842368 1.5975894982905656 
0.0 1.4530036726866453 1.597586524303356 
0.0 1.4528565356344079 1.5975862306978281 
0.0 1.4527046619961759 1.5975746033129163 
0.0 1.4525604150550595 1.5975588568036947 
0.0 1.4524135745591855 1.5975615145732636 
0.0 1.4525741599526223 1.5975643738022647 
0.0 1.4524498980070397 1.5975511009094625 
0.0 1.4526030772270966 1.597551967959204 
0.0 1.452488387125196 1.5975397001602962 
0.0 1.4523496890765866 1.597527723631073 
0.0 1.4525246624173709 1.5975322337940938 
0.0 1.4525166766320172 1.59753474452895 
0.0 1.452384019301125 1.597517860660852 
0.0 1.4522438681634713 1.5975120619659484 
0.0 1.4521850911778424 1.5975108909388263 
0.0 1.4523422424936567 1.5975148697844133 
0.0 1.4522328484703906 1.59750278763484 
0.0 1.4520937875387152 1.5974875110731943 
0.0 1.452257594661354 1.5975133191301896 
0.0 1.4524148736085203 1.5975305949406442 
0.0 1.4524154079790013 1.59752027238471 
0.0 1.4525486279239963 1.5975162183420046 
0.0 1.4526487929469 1.5975263910150346 
0.0 1.4527942986486244 1.5975317330489298 
0.0 1.4526852155979768 1.597539293283262 
0.0 1.4527614392582517 1.597534837844345 
0.0 1.452631997044901 1.597518787824334 
0.0 1.4524859261919643 1.59750310106012 
0.0 1.4523393100540871 1.5975001184306559 
0.0 1.452197954495528 1.597483793116753 
0.0 1.452376728900811 1.5975058751292923 
0.0 1.4523787254589038 1.5975079593550814 
0.0 1.4522546694586236 1.597498491715583 
0.0 1.4521161308941015 1.5974827649484986 
0.0 1.452088468253526 1.5974743608703874 
0.0 1.451955494137627 1.597459231372766 
0.0 1.4521028850272817 1.5974674081679852 
0.0 1.4521804884636784 1.597469434194449 
0.0 1.4522994906747537 1.5974923310486617 
0.0 1.4524503370994268 1.5975018981254658 
0.0 1.4525390224326886 1.5975062549032868 
0.0 1.4524245942095628 1.5974938602932456 
0.0 1.4522841539413105 1.5974747974557248 
0.0 1.4521404709492987 1.5974615407371178 
0.0 1.4519953016298344 1.5974633964651295 
0.0 1.4518603504443186 1.5974536836710116 
0.0 1.4520231373215504 1.5974553478332258 
0.0 1.4519029988956038 1.597449996068967 
0.0 1.451899742828899 1.5974548323033728 
0.0 1.4520238518348676 1.5974595855835687 
0.0 1.4521349681684312 1.5974764118397273 
0.0 1.4520163209237216 1.597469081027826 
0.0 1.4521360898017637 1.5974783177639325 
0.0 1.4520209850183 1.5974817795002068 
0.0 1.4521529177038437 1.5974918086080412 
0.0 1.4520468160664786 1.5974861071784012 
0.0 1.4520045690786825 1.5974865882878797 
0.0 1.4518748460425883 1.5974785742754545 
0.0 1.4520129607984371 1.597482144423051 
0.0 1.4521026172770923 1.5974976205514557 
0.0 1.452202027664768 1.597509239621264 
0.0 1.4520827057326715 1.5975001386947467 
0.0 1.4521395945890883 1.5974962863279774 
0.0 1.4520155197524869 1.597486141133826 
0.0 1.4518784671371094 1.597480314079117 
0.0 1.4517449925573922 1.5974741254251943 
0.0 1.4519013545393546 1.5974743366883783 
0.0 1.4517859365598305 1.597458357204889 
0.0 1.4516693981800075 1.5974440301747688 
0.0 1.4518039110822432 1.5974458845857014 
0.0 1.4519450615806808 1.5974507401139402 
0.0 1.4520843152924396 1.5974563412871792 
0.0 1.4521441199998084 1.5974739941334284 
0.0 1.4520291614141558 1.5974682298416305 
0.0 1.4521912829505577 1.5974894080422377 
0.0 1.4523186468255767 1.5974921592101399 
0.0 1.4524355344474005 1.597506036946268 
0.0 1.4523208897974398 1.5975054189471365 
0.0 1.4521870951868963 1.5975057845672351 
0.0 1.4522099217933935 1.5975135711822375 
0.0 1.4521847813659854 1.5975046559171293 
0.0 1.4522264753947145 1.5974969243437729 
0.0 1.4521022106773505 1.5974814526009946 
0.0 1.4522561503465314 1.5975062508877278 
0.0 1.4523421205839155 1.59751651142839 
0.0 1.4523092179201607 1.5975045247918114 
0.0 1.4521817374105086 1.597497686960994 
0.0 1.4523233377266567 1.597511855357904 
0.0 1.452217191570978 1.5974958629907574 
0.0 1.4520796057525855 1.5974840217799966 
0.0 1.4519452056468343 1.5974744932102216 
0.0 1.45209426080594 1.5974849660700239 
0.0 1.4521472275951635 1.5974918265538331 
0.0 1.4520270671151463 1.5974788232559511 
0.0 1.451894912231845 1.5974727730997274 
0.0 1.452039543408958 1.5974747497655954 
0.0 1.4519356319879642 1.5974607423178533 
0.0 1.4518075659958631 1.5974417437228194 
0.0 1.4516784935157423 1.597433873075829 
0.0 1.4518252575565331 1.5974448689426137 
0.0 1.4519755264571441 1.5974657815758824 
0.0 1.4518715547632601 1.5974556175317147 
0.0 1.451741534139734 1.5974468865178177 
0.0 1.4516098630076448 1.5974401353149448 
0.0 1.451774024674194 1.5974522366250605 
0.0 1.4519005490429036 1.5974653168120865 
0.0 1.4517968380315316 1.5974524686334073 
0.0 1.4516729763556224 1.5974443358814758 
0.0 1.451818711578604 1.5974707706143687 
0.0 1.4518855375117967 1.5974885980141704 
0.0 1.4520148702126063 1.5974824580717957 
0.0 1.451903930555565 1.597473019082236 
0.0 1.4519840857663804 1.597480875352931 
0.0 1.4518639084980094 1.5974753363458976 
0.0 1.4517314778703596 1.5974753113782632 
0.0 1.4518741668183819 1.5974769666399216 
0.0 1.4518411207848045 1.5974670159746924 
0.0 1.4518119384932353 1.597465141248251 
0.0 1.4519472107413425 1.597469995055384 
0.0 1.4518540194828156 1.5974684315506247 
0.0 1.4519332745319673 1.5974763708243964 
0.0 1.4520441669169724 1.5974868093932177 
0.0 1.4521223213811008 1.5975048841547186 
0.0 1.452199108175944 1.5975062074073383 
