0.0 1.1806807631546186 1.6094379124341005 
0.0 1.5477065587801395 1.6094379124341005 
0.0 1.5772528712512304 1.6093522008978536 
0.0 1.584179518701989 1.6091827561347205 
0.0 1.5878112934296722 1.6093054238198292 
0.0 1.5885314852137316 1.6088836397510895 
0.0 1.5885561197642322 1.6091113373814092 
0.0 1.5885139280643605 1.6092072431077593 
0.0 1.5887957663255698 1.608855997360323 
0.0 1.5891794923752443 1.6086800414083582 
0.0 1.5886616990709241 1.6084137689148665 
0.0 1.5884587095523341 1.6088490127131034 
0.0 1.5876588880306834 1.6087083003521994 
0.0 1.5874288658348057 1.6082566180291058 
0.0 1.5873980897123778 1.6080287153155859 
0.0 1.5873264097810968 1.6080051039572751 
0.0 1.5875159934537095 1.6078970427430013 
0.0 1.587389081713793 1.6079644107058084 
0.0 1.5872798107189443 1.6080879244383826 
0.0 1.5871195017436852 1.6082376851170064 
0.0 1.5872415284622081 1.608184779866432 
0.0 1.5870655352336966 1.6082373958657161 
0.0 1.5867265407815656 1.6081739482605482 
0.0 1.5865106621443024 1.608201581550379 
0.0 1.5863673594219714 1.608184962368512 
0.0 1.5859579139491016 1.6081043631235243 
0.0 1.5859309000531023 1.6082042692520995 
0.0 1.5858743356692127 1.6082148038198598 
0.0 1.585878619806208 1.6082758342053207 
0.0 1.5858207043774155 1.6081442952328369 
0.0 1.5858469764955214 1.6081462398348232 
0.0 1.5857976452910951 1.6082807360778657 
0.0 1.5857447855078728 1.6081204332232928 
0.0 1.5857199825746908 1.6081265238408078 
0.0 1.5854817652897821 1.6079348387647974 
0.0 1.5854766255546007 1.6079334329313972 
0.0 1.5854097100364304 1.6080785067988843 
0.0 1.5853363376582656 1.6080712272519055 
0.0 1.585269379964723 1.6080320336291818 
0.0 1.5853031739662484 1.6080579583728756 
0.0 1.5853182627027496 1.6082185690538668 
0.0 1.585320691465063 1.6082107004257 
0.0 1.5853201965054151 1.6082332634852317 
0.0 1.585309071485437 1.6081970004660502 
0.0 1.5852459324014718 1.60817600592893 
0.0 1.5852034141174691 1.6081212776705578 
0.0 1.5852037420853853 1.6081873575093206 
0.0 1.5851104390835509 1.6081365067897662 
0.0 1.5849730604517283 1.6081555950818385 
0.0 1.5848896390618896 1.6082626698590299 
0.0 1.5848103424202287 1.608302464483111 
0.0 1.5848134058351984 1.6083974588164494 
0.0 1.5848105575481248 1.608330661538574 
0.0 1.5847358373353828 1.608170156972827 
0.0 1.5846192234548289 1.6081953314302933 
0.0 1.5846550303391527 1.6082103556999539 
0.0 1.5846621807023202 1.6083018236857296 
0.0 1.5847889710446683 1.6083345005960519 
0.0 1.5847939019718449 1.6082283578375631 
0.0 1.5846766916032078 1.6081622442957937 
0.0 1.5845460968743832 1.6081354084335369 
0.0 1.584475474552504 1.6080460042547071 
0.0 1.5844738548589605 1.6080822575272262 
0.0 1.5844994255089135 1.6080761414802958 
0.0 1.5845386897610565 1.6080114206606173 
0.0 1.5844622108662474 1.6080503475203596 
0.0 1.58432940661742 1.6080325786530951 
0.0 1.5842950527281627 1.6081304015161482 
0.0 1.5842551640129248 1.608127073344998 
0.0 1.584211538538331 1.6080174262196731 
0.0 1.5840775831250065 1.608021065863076 
0.0 1.5840328282607283 1.608046059368918 
0.0 1.5840366859684953 1.608005631332928 
0.0 1.5841062092753 1.6080599484837865 
0.0 1.5841298184834545 1.6081300066213258 
0.0 1.584211048661637 1.6081203521055185 
0.0 1.5842013469957086 1.6081263838363027 
0.0 1.584218390382769 1.6081567139225676 
0.0 1.5841940756332682 1.608128021546215 
0.0 1.584156274459843 1.608117357094602 
0.0 1.5841032867453677 1.6080764306412694 
0.0 1.5840522353664435 1.6081465543874798 
0.0 1.58394833897053 1.608120196414145 
0.0 1.5839005880699213 1.6081088248830004 
0.0 1.5838863636530292 1.6081059018919273 
0.0 1.5838752850060893 1.6080858519401773 
0.0 1.5838597614796655 1.6080866537004321 
0.0 1.5838640966269588 1.6080215654235617 
0.0 1.5837450328821803 1.608095441719422 
0.0 1.5837978219723505 1.6081210637331322 
0.0 1.5837985298494157 1.6080833082956403 
0.0 1.583769232331606 1.60805651981397 
0.0 1.5838206406860629 1.6080078397750097 
0.0 1.5837649139082917 1.6079952058325238 
0.0 1.583774697243589 1.6080181192169607 
0.0 1.5837474271994478 1.6080589329595498 
0.0 1.5837303094519142 1.6080317177401822 
0.0 1.5837527630249835 1.608038217937899 
0.0 1.5837681924800846 1.6079950606660636 
0.0 1.5837661860362737 1.6079627257259377 
0.0 1.5837813066837247 1.6079965084998058 
0.0 1.5838009309466878 1.6079327716227891 
0.0 1.5837487258624283 1.607891314335522 
0.0 1.5837058843578842 1.6079238652874803 
0.0 1.5837442080396866 1.6079351191611477 
0.0 1.5837086508794378 1.6079764602002844 
0.0 1.5836785352293294 1.6079660899633739 
0.0 1.5836733658817093 1.6080257284921748 
0.0 1.5836870226106696 1.6080028903284787 
0.0 1.583600520000489 1.6080137915842863 
0.0 1.5835591787317025 1.6079716770798163 
0.0 1.5835135457688374 1.607965730637013 
0.0 1.583505048751402 1.6080027190863735 
0.0 1.5834737824487741 1.6080030296570569 
0.0 1.5834101353419747 1.6080377087918596 
0.0 1.58346195673856 1.608043870251952 
0.0 1.5834412834774614 1.6080082387717949 
0.0 1.5833955042930936 1.6080405434970044 
0.0 1.5833751533974898 1.6080212672283916 
0.0 1.583401326432173 1.6080253618203604 
0.0 1.583354570302821 1.6079892204815416 
0.0 1.58329871209869 1.608012613726053 
0.0 1.583294663230133 1.6080258114610162 
0.0 1.5833096824708035 1.6080428223868353 
0.0 1.5832732237365312 1.6080145426020056 
0.0 1.5832808291970026 1.6080124838951213 
0.0 1.583313043270371 1.607985037607548 
0.0 1.5833096318383968 1.6079829945105995 
0.0 1.5833813215305856 1.6079849824229733 
0.0 1.5833188527063646 1.6079945219830547 
0.0 1.5833187489855785 1.6080007593763623 
0.0 1.583357465851561 1.6080030582916467 
0.0 1.5832924042596972 1.607967126290938 
0.0 1.583278478120639 1.607996405238717 
0.0 1.5832664094895497 1.607948040428783 
0.0 1.5833126756952702 1.6079700895639835 
0.0 1.5833606778615594 1.607994666909571 
0.0 1.5833851403000045 1.6080460082440535 
0.0 1.5834033005064287 1.6080639657543276 
0.0 1.5833847779288024 1.6080422551458282 
0.0 1.5833519734829211 1.608039974332204 
0.0 1.5832927067777336 1.608038290738577 
0.0 1.5832374558606908 1.608023123044416 
0.0 1.583207237405234 1.6080183438391558 
0.0 1.5832015758529532 1.6080347085650213 
0.0 1.583205836900471 1.608034989764764 
0.0 1.5832154088423176 1.6080542630263164 
0.0 1.5832173638837514 1.608062679187415 
0.0 1.5831824083808814 1.608042825809521 
0.0 1.5831765666207955 1.6080004132835168 
0.0 1.583161858348261 1.6080136039159045 
0.0 1.583142561486815 1.608020872369081 
0.0 1.583100004117465 1.6080280087226353 
0.0 1.5830750337032096 1.607998288824262 
0.0 1.5830768449570443 1.6079780491109807 
0.0 1.5830444840480395 1.607970927297949 
0.0 1.583008907525801 1.6079645777119098 
0.0 1.5830105334956799 1.6079793927242076 
0.0 1.5829802388061964 1.6079747926126506 
0.0 1.5829530983353624 1.6080015530319138 
0.0 1.5829626963517296 1.6079874652605044 
0.0 1.5829593062284966 1.608000816226435 
0.0 1.5829657018007672 1.6079976862912368 
0.0 1.58293940835208 1.6080229316492216 
0.0 1.582903464392178 1.6080526063159102 
0.0 1.5828801250331401 1.6080561676806724 
0.0 1.5829268964436298 1.6080739399787263 
0.0 1.5829663304048345 1.6080782841954004 
0.0 1.5829520175118637 1.6080813594936467 
0.0 1.5829657128760892 1.6080873164288858 
0.0 1.58299455172734 1.60809478152728 
0.0 1.5829902439156194 1.6081002733967298 
0.0 1.58299957774876 1.6080937908676523 
0.0 1.5829920778306261 1.608127005124931 
0.0 1.5830209512599989 1.6081140534966398 
0.0 1.5829784805852467 1.6081141125870282 
0.0 1.5829519261964964 1.6080954126407376 
0.0 1.582906526778844 1.6080823620884042 
0.0 1.582885446473909 1.6080564434831202 
0.0 1.582865087677649 1.6080537146766691 
0.0 1.5828719580071906 1.608058049349172 
0.0 1.5828976665833565 1.6080952684481362 
0.0 1.5829168375668876 1.6080933714869299 
0.0 1.5828909582744777 1.608073393079418 
0.0 1.5829010231697451 1.6080596967625231 
0.0 1.5829213916986433 1.608068944158728 
0.0 1.5828970468893646 1.608063301654204 
0.0 1.5828946040592418 1.6080495408312085 
0.0 1.5828620852752342 1.6080591116396716 
0.0 1.5828533101977964 1.608024602835767 
0.0 1.5828708512365788 1.6080279550160272 
0.0 1.5828604715270136 1.6080351025431021 
0.0 1.5828508714220724 1.6080499138762514 
0.0 1.5828214740472297 1.6080431127006367 
0.0 1.5828295544214985 1.608024714723626 
0.0 1.5828470947823559 1.6080124161296079 
0.0 1.5828394220097248 1.6080269866425403 
0.0 1.5828200766268616 1.608014217585453 
0.0 1.5828013675248924 1.608008689559995 
0.0 1.5828110340511996 1.608018860395602 
0.0 1.5828093980984912 1.6079967167728835 
0.0 1.5827952748219825 1.6080302291807222 
0.0 1.5827942875201133 1.6080250412427435 
0.0 1.5827780946436742 1.6080081394388412 
0.0 1.5827802372732998 1.608038258156138 
0.0 1.5827383873641037 1.6080215251583427 
0.0 1.5827504302806548 1.607989463950861 
0.0 1.582735576244297 1.6080147526355455 
0.0 1.5827232194487422 1.6080299199581698 
0.0 1.5827128387147522 1.6080330909576916 
0.0 1.5827149349550929 1.608046154185516 
0.0 1.5827372437766507 1.6080401303378482 
0.0 1.5827588623207183 1.6080484021282118 
0.0 1.582747840788329 1.6080602075965809 
0.0 1.582732008521755 1.6080476697897277 
0.0 1.5827253462602575 1.6080469504429158 
0.0 1.582722780795213 1.608060662852125 
0.0 1.5827350889338254 1.6080962219152708 
0.0 1.5827071713588634 1.6080884612561526 
0.0 1.5826997960303968 1.6081131726851883 
0.0 1.582677512686303 1.6081035384392133 
0.0 1.5826945200161031 1.608095828699375 
0.0 1.5827257619551773 1.608098116412962 
0.0 1.5827576072143856 1.6081138683368004 
0.0 1.5827689694231062 1.6080893871659767 
0.0 1.582771096283435 1.6080895102093973 
0.0 1.5827603797638672 1.6081129070312157 
0.0 1.5827477639753889 1.6080866945890326 
0.0 1.582760389336029 1.6080574180283782 
0.0 1.582742921929142 1.6080512479685827 
0.0 1.5827238144821463 1.608033123832633 
0.0 1.5827430416724835 1.6080340369290367 
0.0 1.5827281409083556 1.6080383719343545 
0.0 1.5827188812432238 1.6080197807001886 
0.0 1.5827263848123307 1.6079975760921401 
0.0 1.5827063737231908 1.6079878952880637 
0.0 1.5827250631972631 1.6080164576205567 
0.0 1.582688180836791 1.6080281994435799 
0.0 1.582705314594182 1.6080316298438904 
0.0 1.5826964019624237 1.6080386736748549 
0.0 1.5827173304673385 1.608034597951641 
0.0 1.5827200642315884 1.608016964827488 
0.0 1.5827427117678672 1.608008515266305 
0.0 1.5827022940947846 1.6079903524717625 
0.0 1.5826783585573327 1.6080026524618742 
0.0 1.5826755631664342 1.6080013045661599 
0.0 1.5826606370986487 1.6080080824458518 
0.0 1.5826751357370685 1.6079907792806383 
0.0 1.5826591234367706 1.6079931450118017 
0.0 1.5826555431165001 1.6079954374918124 
0.0 1.5826325684818132 1.6079895801798185 
0.0 1.58259563836901 1.6079712864643148 
0.0 1.5825760389008798 1.6079714770969815 
0.0 1.5825740398254207 1.6079659113156313 
0.0 1.5825853689100682 1.6079649292383442 
0.0 1.5825724293747532 1.60798413809401 
0.0 1.5825638641484365 1.6080103718136352 
0.0 1.5825756175628407 1.6080092099387615 
0.0 1.582571573438626 1.6080196411038639 
0.0 1.582561051320388 1.6080159438171275 
0.0 1.5825741851220876 1.6080210268123374 
0.0 1.5825406753140039 1.6080366858819533 
0.0 1.5825229115505859 1.6080252804710244 
0.0 1.5825014281788068 1.6080301255008635 
0.0 1.5824974280559545 1.608020721426228 
0.0 1.582494037836714 1.6080334108746603 
0.0 1.5825076201726678 1.6080258379445689 
0.0 1.582520652429769 1.6080361740174074 
0.0 1.582542042707888 1.6080612336282651 
0.0 1.5825370794231948 1.6080716490048688 
0.0 1.5825362739940847 1.6080752426869513 
0.0 1.5825446713473423 1.608086866612516 
0.0 1.5825276663388395 1.6080855814564003 
0.0 1.582526394780568 1.60810185176268 
0.0 1.582496828673807 1.608087712171536 
0.0 1.5824711044432198 1.608078737411961 
0.0 1.5824448465887135 1.6080815023270318 
0.0 1.5824206286512918 1.6080862640254203 
0.0 1.5824297417337887 1.608075336516227 
0.0 1.5824361627947245 1.6080631469156483 
0.0 1.5824458650126618 1.6080511152338801 
0.0 1.582445586972339 1.6080515792765686 
0.0 1.58246601469427 1.6080461188566764 
0.0 1.5824479582102509 1.6080457189584223 
0.0 1.5824497946655323 1.6080382671667455 
0.0 1.5824635707972992 1.6080333705678402 
0.0 1.5824646528699182 1.6080475125142653 
0.0 1.5824300273764473 1.6080418313300102 
0.0 1.5824097816731661 1.6080311880196738 
0.0 1.5824192474666998 1.6080455304678407 
0.0 1.582406106687807 1.6080464957838705 
0.0 1.5824084062160189 1.6080586444339462 
0.0 1.5824280717131274 1.6080483244294124 
0.0 1.582451231291656 1.6080544792440143 
0.0 1.5824793019310583 1.6080501699241068 
0.0 1.5824882774958062 1.6080469912210296 
0.0 1.5824740439207927 1.608047490989434 
0.0 1.5824663042802567 1.6080515011886436 
0.0 1.582479693646883 1.608037967215072 
0.0 1.582475191613866 1.608048757772391 
0.0 1.5824695478646813 1.6080621236040273 
0.0 1.582485830579219 1.6080526769185133 
0.0 1.5824488105524301 1.608030829005127 
0.0 1.582440530734943 1.608042647129535 
0.0 1.5824378659644776 1.6080515300734035 
0.0 1.5824222282193978 1.6080591457745603 
0.0 1.5824079418748453 1.6080667951832022 
0.0 1.5824168278538449 1.6080671747710262 
0.0 1.5824217626491426 1.6080725979072437 
0.0 1.5823771761039545 1.6080829350786845 
0.0 1.5823619698178781 1.6080902323875537 
0.0 1.5823594642753966 1.608078699264484 
0.0 1.5823684088508778 1.6080760998347088 
0.0 1.5823801023132233 1.6080744766415105 
0.0 1.5823946618550995 1.6080849236003036 
0.0 1.5823760427622855 1.6080836334842725 
0.0 1.5823658448841946 1.6080820980691513 
0.0 1.582385282240978 1.6080741019532037 
0.0 1.5823934716892514 1.6080736661997732 
0.0 1.5823932571231218 1.6080750742436638 
0.0 1.5824153202819717 1.6080764515107262 
0.0 1.582432601099607 1.6080664437985996 
0.0 1.5824329159449972 1.6080661183072655 
0.0 1.5824312693644917 1.6080825330433526 
0.0 1.5823963165662167 1.6080909582439549 
0.0 1.5823980818935308 1.6080805578248385 
0.0 1.5823949591455442 1.608080371745427 
0.0 1.5823806241830356 1.608081102504609 
0.0 1.5823993368461093 1.608077537538767 
0.0 1.5823973541930085 1.608077326814922 
0.0 1.582367634126352 1.608087978261933 
0.0 1.5823653304545422 1.6080975087473983 
0.0 1.5823432726777409 1.6080939322257215 
0.0 1.582333164067402 1.6080988443452844 
0.0 1.5823367085981601 1.6080838385104383 
0.0 1.5823364187759983 1.6080868209372783 
0.0 1.5823094350226254 1.6081045572704984 
0.0 1.582315374466992 1.608103336875496 
0.0 1.582300790914941 1.6080958174431927 
0.0 1.5822931300523986 1.6081103757243604 
0.0 1.5822613134871217 1.6080941891685485 
0.0 1.5822572643448223 1.6080948956528123 
0.0 1.5822584990820634 1.60808558022222 
0.0 1.5822557213047526 1.6080659769822292 
0.0 1.5822402515850709 1.6080493607926634 
0.0 1.5822351129395407 1.6080503148010155 
0.0 1.582233959379126 1.6080478813603696 
0.0 1.5822292541869731 1.608037141611488 
0.0 1.5822322215442202 1.608026369400051 
0.0 1.582226798771371 1.608007254353465 
0.0 1.5822246904630146 1.6079854315990871 
0.0 1.5822145632735105 1.6079852750526378 
0.0 1.582208246960348 1.6079766104745175 
0.0 1.5821909631773017 1.6079893587445033 
0.0 1.5821949854230035 1.6079860283028655 
0.0 1.582214797984239 1.607985569474645 
0.0 1.5822244125613976 1.6079786357486083 
0.0 1.5822462843058585 1.6079949516773573 
0.0 1.5822536912296512 1.607991982043218 
0.0 1.5822584947409069 1.607974167278643 
0.0 1.5822699337713433 1.6079713202380166 
0.0 1.5822685013269344 1.6079760968867531 
0.0 1.5822927708214696 1.6079752658276751 
0.0 1.5823079794044868 1.6079857119885614 
0.0 1.5823164911517258 1.6079887822532182 
0.0 1.5823297721527665 1.6079931792730549 
0.0 1.5823541020323886 1.6079868952584286 
0.0 1.582360102923165 1.6079844900626328 
0.0 1.5823362975121484 1.6079777062099267 
0.0 1.5823359804818249 1.6079718238584473 
0.0 1.5823432447155865 1.6079804436839644 
0.0 1.5823241079419887 1.6079731966386093 
0.0 1.5823429948207597 1.6079732574405594 
0.0 1.5823506448294158 1.6079640259130497 
0.0 1.5823383778989266 1.607957388118638 
0.0 1.5823275497099278 1.6079679573283476 
0.0 1.5823278145369533 1.607957978284709 
0.0 1.5823170806607536 1.6079572142883967 
0.0 1.5823328544647246 1.607951164731841 
0.0 1.5823420736136355 1.6079509821950477 
0.0 1.5823561087053724 1.6079418819247433 
0.0 1.5823611270255376 1.6079429261910547 
0.0 1.5823806717036517 1.6079413796097124 
0.0 1.5823728799035957 1.6079460659690714 
0.0 1.5823796497017217 1.6079430121927363 
0.0 1.582385804103195 1.6079427532600135 
0.0 1.5823809907813775 1.6079412377727853 
0.0 1.5823733391740562 1.607926878801529 
0.0 1.5823877460011495 1.607921278306841 
0.0 1.5823873224918181 1.6079313124592323 
0.0 1.5823834022559828 1.6079373365133793 
0.0 1.5823750666498255 1.6079394917962802 
0.0 1.5823748710380883 1.6079458698563973 
0.0 1.582344795513513 1.6079483604271616 
0.0 1.5823525400704754 1.60795004379289 
0.0 1.582351769806559 1.607956044402932 
0.0 1.5823527666244819 1.6079659565180195 
0.0 1.5823539307603505 1.6079757575044948 
0.0 1.582337908589046 1.6079836456771726 
0.0 1.5823328807590666 1.6079905592824675 
0.0 1.5823513106079707 1.6079842170781768 
0.0 1.5823545430033783 1.6079783034273647 
0.0 1.5823576436033995 1.6079776831216717 
0.0 1.582342855356874 1.6079723815004203 
0.0 1.5823564652308362 1.607976927439136 
0.0 1.582369336745653 1.6079813823446192 
0.0 1.5823935081814984 1.6079674040282588 
0.0 1.5824034180897788 1.6079744929587079 
0.0 1.5824016564647196 1.6079754851135912 
0.0 1.5824020067087854 1.607979549224026 
0.0 1.5823881201629828 1.6079738112387032 
0.0 1.58239863775331 1.607967840813618 
0.0 1.5824261728683722 1.6079503048624817 
0.0 1.5824268362953098 1.6079531395558957 
0.0 1.5824265977828886 1.6079620456209478 
0.0 1.582425643856643 1.6079561839389416 
0.0 1.5824041996658504 1.6079581439951258 
0.0 1.5824048415710898 1.607958929360322 
0.0 1.5823802170728607 1.6079562527518085 
0.0 1.5823812905542 1.6079718536242982 
0.0 1.5823788608409444 1.607973988544943 
0.0 1.5823650918843426 1.6079715253179865 
0.0 1.582370052698948 1.607961839630497 
0.0 1.5823745041472648 1.6079525973366122 
0.0 1.5823571714433862 1.6079519817410124 
0.0 1.5823620456666703 1.607944413313734 
0.0 1.5823576439702933 1.607947714788656 
0.0 1.5823622792653327 1.6079382166447018 
0.0 1.5823609618219796 1.6079374432844173 
0.0 1.5823559458562118 1.6079282525444953 
0.0 1.5823603343354944 1.60793341353687 
0.0 1.5823700033652972 1.6079310962867908 
0.0 1.5823747984770264 1.6079245870622447 
0.0 1.5823820954271957 1.607931402591163 
0.0 1.5824041320180544 1.6079418151144764 
0.0 1.582421830300253 1.6079335292309738 
0.0 1.5824372114876808 1.6079273856412297 
0.0 1.582443218909937 1.6079267986622545 
0.0 1.5824449168150074 1.6079228578003326 
0.0 1.5824502338627628 1.6079175756923305 
0.0 1.5824387066069772 1.6079006481287954 
0.0 1.5824439247857038 1.607915223395675 
0.0 1.582434730799018 1.6079171914988304 
0.0 1.5824468980277908 1.6079032714064252 
0.0 1.5824523105254444 1.607904917933082 
0.0 1.582453102553794 1.6079060603696198 
0.0 1.5824487830877927 1.607911497307329 
0.0 1.5824492000270955 1.6079186545486341 
0.0 1.5824611520918954 1.6079228264754934 
0.0 1.5824635408149463 1.6079072239027514 
0.0 1.582473925967258 1.6079088288375059 
0.0 1.5824830335458069 1.6078928423436492 
0.0 1.5824797404293685 1.6078991366213107 
0.0 1.5824897668958446 1.6079032715305308 
0.0 1.5824973561689335 1.6079028352413212 
0.0 1.5824954455572036 1.6079147440992012 
0.0 1.5824897121180046 1.6079116086299616 
0.0 1.5824925618331993 1.6079089853348627 
0.0 1.5824977351769944 1.6079144632767475 
0.0 1.5824968842993365 1.607928284321341 
0.0 1.5825075704483729 1.607917684396693 
0.0 1.5825187329345791 1.607919935009307 
0.0 1.5825192645020223 1.6079193412821833 
0.0 1.582538311502076 1.6079256038944958 
0.0 1.5825306171158988 1.6079121005182575 
0.0 1.5825435772523557 1.6079202332518685 
0.0 1.582541365497234 1.6079223568753684 
0.0 1.5825240975820645 1.6079238769166764 
0.0 1.5825335023046891 1.6079310634681847 
0.0 1.5825381076203007 1.6079271662444683 
0.0 1.5825437913762563 1.6079337011064623 
0.0 1.5825522351381305 1.607933953041472 
0.0 1.5825410059015845 1.6079354228999854 
0.0 1.582552281047486 1.6079280767623472 
0.0 1.5825441569829357 1.6079177290286544 
0.0 1.5825503142941222 1.607910624498236 
0.0 1.5825603420947154 1.6079088450713779 
0.0 1.5825414886918452 1.6079133930425074 
0.0 1.5825570317313753 1.6079149204547514 
0.0 1.5825307393108972 1.6079140141709158 
0.0 1.5825283987294363 1.607912731911654 
0.0 1.5825219372546753 1.6079094647021688 
0.0 1.5825140211839872 1.6078921740576217 
0.0 1.5824966508864615 1.6078925081320725 
0.0 1.5824962391836246 1.6079069574138118 
0.0 1.5825024508195717 1.6079071435057115 
0.0 1.5825113140653255 1.607913323303804 
0.0 1.5825073292401406 1.6079188652467606 
0.0 1.5825049008851684 1.6079129379276385 
0.0 1.5825056239975235 1.6079040262403868 
0.0 1.5825071623534657 1.607901609028786 
0.0 1.5825110484242766 1.607903978738943 
0.0 1.5825048257879113 1.607912788734349 
0.0 1.5825135444700966 1.6079219196414318 
0.0 1.582500206878053 1.607925389835606 
0.0 1.5825131127331802 1.6079186278828816 
0.0 1.5825187795773614 1.6079118530001009 
0.0 1.5825387500191328 1.6079056730330032 
0.0 1.5825489223011757 1.6079010272668048 
0.0 1.5825559475240112 1.6078954397979754 
0.0 1.5825554718213057 1.6078872844252272 
0.0 1.5825520362617924 1.607892018825193 
0.0 1.5825475982467676 1.6078933732970466 
0.0 1.5825620683209278 1.6078893200603337 
0.0 1.5825554325769038 1.6078922803258375 
0.0 1.5825597288218392 1.6078963150434267 
0.0 1.5825687108392605 1.6079027075415082 
0.0 1.5825884704713062 1.607906958694076 
0.0 1.5825960039581444 1.60790558804133 
0.0 1.5826005914921633 1.6078973296057661 
0.0 1.5825884298107133 1.6078929329025415 
0.0 1.5825842467562041 1.6078883000738515 
0.0 1.5825885022963182 1.6078836191244965 
0.0 1.5825894485016716 1.6078855963833443 
0.0 1.582591815936955 1.6078813731734551 
0.0 1.5825952489638933 1.60787629951966 
0.0 1.582594704386826 1.6078864465338263 
0.0 1.58259624767004 1.607875440347772 
0.0 1.5825909763865877 1.6078823015806492 
0.0 1.5825879357119477 1.6078805307819979 
0.0 1.5825879757533077 1.6078864131103505 
0.0 1.5825936752033314 1.6078908281516573 
0.0 1.582596748129806 1.6078781470806343 
0.0 1.5825940961921472 1.6078801318346414 
0.0 1.5825916726145008 1.607874817429294 
0.0 1.5825998329358917 1.6078727051889494 
0.0 1.5825963009415025 1.6078680908357232 
0.0 1.5825869449673409 1.6078607721245348 
0.0 1.582599151017747 1.6078627427744585 
0.0 1.5826029575176628 1.6078709035890633 
0.0 1.5825982766861812 1.6078699142541069 
0.0 1.5826032160760974 1.607878298909249 
0.0 1.582602723817653 1.6078877628423625 
0.0 1.582581058710547 1.6078865634934112 
0.0 1.5825699484573175 1.6078731229307281 
0.0 1.582562457093552 1.6078723661982939 
0.0 1.5825635324626945 1.607864063546452 
0.0 1.5825576285364686 1.6078615496199222 
0.0 1.582551744290687 1.6078530837392422 
0.0 1.5825470393969006 1.6078559461910389 
0.0 1.58254501060975 1.607860250124315 
0.0 1.5825435538612305 1.6078547178873424 
0.0 1.582540243215918 1.6078543208407752 
0.0 1.5825451995819053 1.607851032544001 
0.0 1.5825424988343917 1.6078445962567467 
0.0 1.5825449610450013 1.6078426973345277 
0.0 1.5825522329287538 1.6078486361659519 
0.0 1.5825426388066057 1.6078474519742865 
0.0 1.5825385777408023 1.6078531512627725 
0.0 1.5825411305093497 1.6078527195891394 
0.0 1.582544010073259 1.6078588210513678 
0.0 1.5825531010594232 1.607865887060994 
0.0 1.582563454347474 1.6078753939201853 
0.0 1.5825732615542314 1.6078782129990925 
0.0 1.5825836526930581 1.607874182851018 
0.0 1.5825886960442321 1.607872701844887 
0.0 1.5825871481674534 1.6078752723145626 
0.0 1.5825942276111085 1.6078808948091612 
0.0 1.5825800803137153 1.6078684730120059 
0.0 1.5825778404644777 1.607865829024918 
0.0 1.5825816587476373 1.6078592355280978 
0.0 1.5825776097190813 1.607870210049183 
0.0 1.5825774924400888 1.6078643475372085 
0.0 1.5825723528646924 1.6078603887846934 
0.0 1.5825714592722713 1.607861849436453 
0.0 1.5825674103070415 1.607856817992741 
0.0 1.5825555790184533 1.6078664579238393 
0.0 1.5825499020269613 1.6078642986905654 
0.0 1.582552475854485 1.607864996118287 
0.0 1.5825617592855798 1.6078645351309466 
0.0 1.5825581360518477 1.6078582916999944 
0.0 1.582571892432544 1.6078615458017784 
0.0 1.5825719269805887 1.607857606508136 
0.0 1.5825570453328803 1.6078664542742513 
0.0 1.5825545600914896 1.6078597573045563 
0.0 1.5825530651911563 1.6078689652261997 
0.0 1.5825534972985211 1.607868838784736 
0.0 1.5825564126397111 1.607866553059849 
0.0 1.5825545226113777 1.6078674987406865 
0.0 1.5825456844489612 1.6078728117858774 
0.0 1.582549024773229 1.607869633551531 
0.0 1.5825486846849592 1.6078778393495172 
0.0 1.5825359700731045 1.6078859214324202 
0.0 1.5825252390196032 1.6078810693003005 
0.0 1.582529927225701 1.6078852720654897 
0.0 1.5825335035448007 1.6078910987856192 
0.0 1.5825422183523428 1.6078928776432109 
0.0 1.5825444422173998 1.6078948968025468 
0.0 1.5825450350225243 1.6079054681164573 
0.0 1.5825336585889958 1.6079088732759959 
0.0 1.5825277568418534 1.607913008615546 
0.0 1.5825292113147196 1.6079166470166502 
0.0 1.5825184754411092 1.6079202925063356 
0.0 1.5825152727255436 1.607923880738734 
0.0 1.5825262537334586 1.607921883106593 
0.0 1.582528006152138 1.6079230582057022 
0.0 1.5825406450000268 1.6079292504527734 
0.0 1.5825437001157092 1.607927987575319 
0.0 1.5825484062475905 1.6079288685643074 
0.0 1.5825331395298543 1.6079257179366482 
0.0 1.582533554549233 1.6079275675555025 
0.0 1.5825247567362026 1.6079280088548313 
0.0 1.5825175389807147 1.607927231953834 
0.0 1.58249503641617 1.607936794904854 
0.0 1.5824992605948989 1.6079364685273179 
0.0 1.5825035818485538 1.6079329370198343 
0.0 1.5825012191024679 1.607942084992249 
0.0 1.582507222175715 1.607949467201431 
0.0 1.582507846515959 1.607959242592428 
0.0 1.5825060934098087 1.6079604784352937 
0.0 1.5825157865161343 1.6079558072142495 
0.0 1.5825118962041518 1.6079561662721562 
0.0 1.5824962956266984 1.6079498354802049 
0.0 1.582486789203915 1.6079515624300562 
0.0 1.5824781558226932 1.6079537664820087 
0.0 1.5824863478288578 1.6079572472011676 
0.0 1.5824797890744051 1.607950373042867 
0.0 1.582493005510967 1.6079520915032854 
0.0 1.5824964490765554 1.6079603072563995 
0.0 1.582499300917143 1.6079594688956491 
0.0 1.582506217396746 1.6079535788704207 
0.0 1.5825046058340384 1.6079495789243115 
0.0 1.5825095037829575 1.6079474514566119 
0.0 1.5825169607915306 1.607942252077868 
0.0 1.5825137420411455 1.6079472703353086 
0.0 1.5825101607003522 1.6079461721334816 
0.0 1.5825047226657825 1.607939052566877 
0.0 1.5825055319793344 1.6079397733125638 
0.0 1.5824991147720326 1.6079411373288424 
0.0 1.5825076448119078 1.6079395860747367 
0.0 1.5825063563243478 1.6079406234645859 
0.0 1.5825026071560044 1.6079446673508926 
0.0 1.5825137793669721 1.6079502349191919 
0.0 1.5825239157953679 1.6079551605103524 
0.0 1.5825441706131684 1.6079610692899795 
0.0 1.5825494731587169 1.607959629068575 
0.0 1.58253699595022 1.6079604650920578 
0.0 1.5825417241491357 1.6079669198947624 
0.0 1.5825401761235183 1.6079711241043388 
0.0 1.582538849063803 1.6079735545122622 
0.0 1.5825268514398683 1.6079669039675344 
0.0 1.5825311035879968 1.6079681334776246 
0.0 1.5825228101356972 1.6079627713040934 
0.0 1.582533562664727 1.6079645803127445 
0.0 1.5825326130977009 1.6079579261506676 
0.0 1.5825296737593317 1.6079488658043182 
0.0 1.5825306264669659 1.6079464941871482 
0.0 1.582530837958787 1.6079483797392013 
0.0 1.5825286940197234 1.6079541560264818 
0.0 1.5825245585433856 1.6079577532885696 
0.0 1.5825226396298342 1.6079655000647588 
0.0 1.5825185361685552 1.6079664345137958 
0.0 1.5825254579357324 1.60797656481264 
0.0 1.5825188997216852 1.60797747104109 
0.0 1.5825255764618718 1.6079703309702769 
0.0 1.582521579066919 1.607972716199845 
0.0 1.5825061323520626 1.6079716105662334 
0.0 1.5825022736824592 1.6079724982529027 
0.0 1.582496338376072 1.6079765092322151 
0.0 1.582511896947202 1.6079709141845049 
0.0 1.5825069775172111 1.607964250840423 
0.0 1.5825036285660747 1.6079744714042508 
0.0 1.5824944609483078 1.6079767566057586 
0.0 1.5824866376957583 1.6079793281492667 
0.0 1.582490171209546 1.6079709263409823 
0.0 1.582489478657996 1.6079718023837226 
0.0 1.5824910832620593 1.607971499582831 
0.0 1.582486655007125 1.6079740444786492 
0.0 1.58249216093463 1.6079749110582677 
0.0 1.5824914624979323 1.6079780024746517 
0.0 1.5824903752415467 1.6079802312164382 
0.0 1.5824886665916154 1.607979335874929 
0.0 1.582494424292913 1.6079818630959801 
0.0 1.5824889511103366 1.607984725617188 
0.0 1.5824886277620696 1.6079824303190269 
0.0 1.5824928952374786 1.6079749649421544 
0.0 1.5824924426447022 1.607970815950956 
0.0 1.5824788822154061 1.6079721330682286 
0.0 1.5824716974175324 1.6079822861073347 
0.0 1.5824775537272868 1.6079777917709257 
0.0 1.5824731694066434 1.6079750097446603 
0.0 1.5824727129811784 1.6079640474946268 
0.0 1.5824756298050242 1.6079593436046546 
0.0 1.582481104864338 1.6079622186977567 
0.0 1.5824792384085458 1.6079711884319317 
0.0 1.5824720161603674 1.6079729886399428 
0.0 1.5824726035081313 1.6079777297038118 
0.0 1.582471956393647 1.6079785858626616 
0.0 1.5824616775398657 1.6079676917915013 
0.0 1.582451494445833 1.6079704929867982 
0.0 1.5824528115943393 1.6079755054531006 
0.0 1.5824445529088254 1.6079671935758013 
0.0 1.5824404796053795 1.6079618616485472 
0.0 1.5824362765721287 1.6079561773076276 
0.0 1.582442365925731 1.6079567056836979 
0.0 1.5824369530973257 1.607951186485394 
0.0 1.582440849276792 1.6079529775600336 
0.0 1.5824380743506454 1.6079466103344473 
0.0 1.5824314144079161 1.6079509545204402 
0.0 1.582425913705612 1.607958383392325 
0.0 1.582423111825975 1.6079482496888304 
0.0 1.5824267996469328 1.6079437801717973 
0.0 1.5824240083422574 1.6079502689521301 
0.0 1.5824119676799486 1.607950787750299 
0.0 1.5824134252327535 1.6079510862294204 
0.0 1.5824061667834692 1.6079469627242458 
0.0 1.5823979989891284 1.6079406566057828 
0.0 1.582390765533139 1.6079429181623124 
0.0 1.5823985320512792 1.6079397299908593 
0.0 1.5823990719488483 1.6079388281764755 
0.0 1.5823981914945635 1.6079429750689473 
0.0 1.5824048516451428 1.6079471047715839 
0.0 1.5824138293332475 1.607943596844505 
0.0 1.5824135293584858 1.607950157361566 
0.0 1.5824148090488035 1.6079523163813987 
0.0 1.5824197825931599 1.6079450786585288 
0.0 1.582409238422776 1.607945128042718 
0.0 1.582405113291636 1.60794381792465 
0.0 1.5823998450381034 1.6079455517527652 
0.0 1.5824077896973587 1.607950498265617 
0.0 1.582405046983992 1.6079522232085504 
0.0 1.5823957010666985 1.6079581349936258 
0.0 1.5823925058948347 1.607950073676358 
0.0 1.5823859350212155 1.6079468839895523 
0.0 1.5823870092625645 1.607948026905842 
0.0 1.5823796151757379 1.6079579278079852 
0.0 1.5823780049380833 1.6079645848499933 
0.0 1.5823754293924022 1.6079583690497312 
0.0 1.5823634779162732 1.607957546067826 
0.0 1.582356566391724 1.6079547434746835 
0.0 1.582356138236808 1.6079630033980767 
0.0 1.582354934900766 1.607962972297819 
0.0 1.5823540442514392 1.607962274987504 
0.0 1.5823586619332803 1.6079601010149795 
0.0 1.582366166631444 1.6079559558650514 
0.0 1.582358357020725 1.6079534419935757 
0.0 1.5823648323515795 1.6079509866317427 
0.0 1.5823672165538551 1.6079520631761384 
0.0 1.582364354055809 1.6079617447346202 
0.0 1.5823661415243147 1.6079601253428049 
0.0 1.5823705624485496 1.6079559415317684 
0.0 1.582369928476446 1.6079483145426388 
0.0 1.5823635268846272 1.6079491379607116 
0.0 1.5823635098013846 1.6079530753391718 
0.0 1.5823580148805394 1.6079569971125733 
0.0 1.582365508041656 1.607959695468939 
0.0 1.5823660824992625 1.6079553568856753 
0.0 1.5823776549718278 1.6079636894181937 
0.0 1.5823780700651302 1.6079679417319734 
0.0 1.5823818304680353 1.6079699214359287 
0.0 1.5823766391556269 1.6079709203192385 
0.0 1.5823812227257064 1.6079671373778368 
0.0 1.582378078972848 1.6079669957472726 
0.0 1.5823820410022509 1.6079677692039207 
0.0 1.5823896661133463 1.6079679730580798 
0.0 1.5823854877759427 1.607972546214352 
0.0 1.582371554881948 1.6079749517015443 
0.0 1.5823644973216766 1.6079737457418217 
0.0 1.5823673239110236 1.6079800097749901 
0.0 1.5823704906728804 1.6079735091619087 
0.0 1.5823749205322526 1.607974733497643 
0.0 1.5823749284422242 1.6079825859491974 
0.0 1.58237386746796 1.6079840447845801 
0.0 1.5823753870860229 1.6079850392183912 
0.0 1.5823788091407105 1.6079819671434201 
0.0 1.582384963800813 1.6079756654780097 
0.0 1.582386658412206 1.6079734993655892 
0.0 1.5823916730337129 1.6079720587564759 
0.0 1.5823839454153605 1.6079671524664736 
0.0 1.5823863473206548 1.6079627127705975 
0.0 1.5823753160054712 1.6079653385120196 
0.0 1.5823672326550287 1.6079657161231782 
0.0 1.582365531509906 1.6079567827443435 
0.0 1.5823677463370387 1.6079591663701749 
0.0 1.582369837137538 1.6079565506324187 
0.0 1.5823784365693694 1.6079629521969814 
0.0 1.58238856990625 1.6079599231548838 
0.0 1.582384843197551 1.6079637936711197 
0.0 1.5823864601490085 1.6079551817528424 
0.0 1.5823844472829567 1.6079585083692778 
0.0 1.5823912157410658 1.607965992720452 
0.0 1.5823905441707307 1.6079708057951785 
0.0 1.5823924900923259 1.6079673071085505 
0.0 1.5823940967940437 1.6079618486813165 
0.0 1.5823978184574636 1.6079581312276798 
0.0 1.582396470577847 1.607960688952697 
0.0 1.5823977142867316 1.6079649905892852 
0.0 1.5823874394197575 1.6079687892521073 
0.0 1.5824004249346908 1.6079722407988841 
0.0 1.5824005255337452 1.6079747986307598 
0.0 1.5824022308141938 1.6079787021761422 
0.0 1.5823961722426885 1.607980489650063 
0.0 1.5823850551894596 1.607976420078542 
0.0 1.5823882660886213 1.6079802522024829 
0.0 1.5823895995123713 1.6079773098384054 
0.0 1.5823918388725537 1.6079800327811742 
0.0 1.5823884183570027 1.6079757555412666 
0.0 1.5823875936652843 1.6079771569820214 
0.0 1.5823926508465345 1.6079734649969057 
0.0 1.5823899601016527 1.6079713747920124 
0.0 1.5823866400819144 1.6079703918235695 
0.0 1.5823865031831628 1.607970710027765 
0.0 1.5823940723246919 1.6079701107018756 
0.0 1.5824002150964382 1.6079760316256033 
0.0 1.5823921993823011 1.6079692864096387 
0.0 1.582383765664338 1.607968901023729 
0.0 1.5823808333263156 1.607963995472216 
0.0 1.5823885179416968 1.6079647424621932 
0.0 1.5823914293624248 1.6079702060426024 
0.0 1.582386014022105 1.6079684224813362 
0.0 1.582387264350451 1.607965810831112 
0.0 1.582388662935194 1.607975850798264 
0.0 1.582386450177314 1.607973026264998 
0.0 1.5823828811017155 1.607969038681548 
0.0 1.5823765933715053 1.6079692835306831 
0.0 1.5823787181335143 1.6079704641481098 
0.0 1.5823695683636556 1.607979321105359 
0.0 1.5823669088757548 1.6079802086313275 
0.0 1.5823695331105991 1.60797663831542 
0.0 1.5823800899691107 1.6079775169734274 
0.0 1.5823745603378543 1.6079723303314895 
0.0 1.5823739564526738 1.6079760260168212 
0.0 1.582374042582615 1.607979439158676 
0.0 1.5823698038355867 1.6079780225232339 
0.0 1.5823663251823055 1.6079828261445546 
0.0 1.5823548378426484 1.6079841632374725 
0.0 1.5823604058183511 1.607989110350974 
0.0 1.582362396582783 1.6079854600668022 
0.0 1.582364685900971 1.6079778118649442 
0.0 1.5823652601375977 1.6079817167208414 
0.0 1.5823609477576697 1.6079815575429166 
0.0 1.582360859457515 1.6079739167151144 
0.0 1.5823629965063881 1.6079742076285046 
0.0 1.582361231357411 1.6079790745084248 
0.0 1.5823678707432705 1.6079797543077978 
0.0 1.5823652729496602 1.6079806632102778 
0.0 1.5823597264071114 1.607983591505024 
0.0 1.5823654798410256 1.6079815632921282 
0.0 1.5823647986904885 1.6079775207992344 
0.0 1.5823748064615906 1.6079803720803185 
0.0 1.582385741601786 1.6079774247045566 
0.0 1.5823874585312743 1.607981220160928 
0.0 1.5823895208867127 1.607981056852543 
0.0 1.582384827948412 1.6079895771574715 
0.0 1.582380739290142 1.6079846104487303 
0.0 1.5823811043698917 1.607982282702234 
0.0 1.5823816772545631 1.6079829539093466 
0.0 1.5823793431557582 1.6079827877052282 
0.0 1.5823742849417008 1.6079860832319803 
0.0 1.5823695603528694 1.6079828318848723 
0.0 1.5823622975013871 1.607978187256579 
0.0 1.5823601177059177 1.6079764159170962 
0.0 1.582365312226449 1.6079767063869919 
0.0 1.5823715963921345 1.607980444110388 
0.0 1.5823725404821625 1.6079812780294063 
0.0 1.5823705404354838 1.6079817508585326 
0.0 1.5823768775756146 1.6079831084261262 
0.0 1.582370537632985 1.6079822241884831 
0.0 1.5823691736547825 1.6079830443507501 
0.0 1.582363119509701 1.6079759567380243 
0.0 1.5823624087791646 1.6079778336051043 
0.0 1.5823662165401617 1.6079797943649528 
0.0 1.5823680481530285 1.6079763923898696 
0.0 1.5823680914384717 1.6079770479192534 
0.0 1.5823624401615584 1.6079710053751985 
0.0 1.5823546309875198 1.6079711220436517 
0.0 1.5823543534187323 1.6079717874648816 
0.0 1.5823561351240134 1.6079649161029068 
0.0 1.5823596377310087 1.6079609909937562 
0.0 1.5823677812034307 1.6079623085428922 
0.0 1.5823610409665472 1.6079639896753595 
0.0 1.5823559390511326 1.6079615334117732 
0.0 1.5823497241752678 1.6079649610493756 
0.0 1.5823479581247966 1.6079658933797536 
0.0 1.5823524536168518 1.607971757992496 
0.0 1.5823605078517784 1.6079750457439377 
0.0 1.5823617968016006 1.6079761348588275 
0.0 1.5823656090052511 1.6079813920214006 
0.0 1.582368962048342 1.6079793699262015 
0.0 1.5823683943416398 1.607979015839305 
0.0 1.582360825420079 1.6079811641553634 
0.0 1.5823618381798168 1.6079803258178793 
0.0 1.582357039079791 1.607980172257892 
0.0 1.5823508371414143 1.6079804493493897 
0.0 1.5823486616809248 1.6079838008589102 
0.0 1.5823531122610146 1.6079790437209915 
0.0 1.582356546486665 1.607981104101179 
0.0 1.5823542883065906 1.6079747653455672 
0.0 1.5823619250134864 1.6079727288179944 
0.0 1.5823683032339595 1.60797238449268 
0.0 1.5823658842578308 1.6079707469300766 
0.0 1.5823697521265347 1.6079749623241897 
0.0 1.5823702244495996 1.6079791578205314 
0.0 1.5823711004895105 1.6079790122385127 
0.0 1.582375826072863 1.6079775392192321 
0.0 1.5823764126058748 1.6079770079020457 
0.0 1.5823742151929023 1.6079778716132416 
0.0 1.5823727438334614 1.6079809705742245 
0.0 1.582370563342289 1.607976542920391 
0.0 1.5823755095008356 1.6079763977814987 
0.0 1.582370080281664 1.607974022708271 
0.0 1.5823697629937685 1.6079726191665347 
0.0 1.582372313290617 1.6079680720576146 
0.0 1.5823774639358772 1.6079654784347108 
0.0 1.5823754914171504 1.6079647219686983 
0.0 1.5823735852985528 1.6079725082305059 
0.0 1.5823737083996137 1.6079760112921986 
0.0 1.5823779980746555 1.6079760921976671 
0.0 1.582371572929027 1.6079826449211119 
0.0 1.5823702624569296 1.607984010876098 
0.0 1.5823718430025944 1.6079788847302279 
0.0 1.5823717811086024 1.6079754742396304 
0.0 1.5823713972096989 1.6079762416312497 
0.0 1.5823705007013709 1.607974983948412 
0.0 1.5823660803502728 1.6079779110762626 
0.0 1.5823588404750413 1.6079796910429387 
0.0 1.5823625851797034 1.6079805043540136 
0.0 1.5823655887441928 1.6079736509793658 
0.0 1.5823673906250748 1.6079758422061075 
0.0 1.582365941643154 1.607975610496215 
0.0 1.5823701999717037 1.6079689806690405 
0.0 1.5823680221811098 1.6079723159047234 
0.0 1.5823639436157793 1.6079708145205251 
0.0 1.5823711841309203 1.6079667076585924 
0.0 1.582376641899891 1.6079647584614776 
0.0 1.5823773701513282 1.6079625660447696 
0.0 1.582370195090233 1.6079676845359885 
0.0 1.5823678262889906 1.607968502859503 
0.0 1.5823648967786503 1.607969313894392 
0.0 1.5823666728037247 1.6079674291317987 
0.0 1.582369149790392 1.607967427226431 
0.0 1.5823653478462683 1.6079701816083452 
0.0 1.5823625509729773 1.607969660056117 
0.0 1.5823655214631707 1.6079650075276684 
0.0 1.5823675837297428 1.607964036883262 
0.0 1.5823635298503658 1.6079606937545357 
0.0 1.5823629078508077 1.6079595394834814 
0.0 1.5823661971571714 1.6079606693091144 
0.0 1.5823723008593484 1.6079635448009115 
0.0 1.5823765164887589 1.6079644881895347 
0.0 1.5823853117695494 1.6079639282980973 
0.0 1.5823884445527936 1.6079593148335283 
0.0 1.5823878864271228 1.6079552805149273 
0.0 1.5823919474753132 1.6079563055340602 
0.0 1.582394642236629 1.6079613283036993 
0.0 1.5823962419725528 1.607962334669273 
0.0 1.5824044012687033 1.607968649341108 
0.0 1.5824004190683645 1.6079682456236082 
0.0 1.5824019782636294 1.607967413214409 
0.0 1.582401835721956 1.6079646529187528 
0.0 1.582395608952756 1.607966583525216 
0.0 1.5823857263356842 1.6079611737356063 
0.0 1.5823897357730388 1.6079658380163466 
0.0 1.5823889573147067 1.6079618419465276 
0.0 1.582387985174415 1.6079612959018232 
0.0 1.5823860348131855 1.6079682533071429 
0.0 1.5823900612428574 1.6079648321509756 
0.0 1.5823922733705726 1.6079665071067666 
0.0 1.5823850158899646 1.6079682066536956 
0.0 1.5823743157597927 1.6079655711045657 
0.0 1.5823764560090954 1.6079612473205989 
0.0 1.5823719609620321 1.6079636199544574 
0.0 1.5823771274826925 1.6079600765250868 
0.0 1.582376269429384 1.6079537431596007 
0.0 1.5823774461573499 1.6079515390621313 
0.0 1.5823691295299003 1.6079489231950213 
0.0 1.582375365865716 1.6079512540999565 
0.0 1.5823779282072172 1.607948419966167 
0.0 1.5823738401900642 1.6079459897683308 
0.0 1.5823725961574107 1.6079448887019947 
0.0 1.5823763739440995 1.6079437836736545 
0.0 1.5823761621853933 1.607945310028393 
0.0 1.5823719062445902 1.6079408188349564 
0.0 1.582363652297379 1.6079394938597273 
0.0 1.5823716833642003 1.6079378758846787 
0.0 1.5823818762112873 1.6079395305442845 
0.0 1.5823874428803568 1.6079353470589242 
0.0 1.5823865244832085 1.6079320113148532 
0.0 1.582389614982526 1.6079265214094882 
0.0 1.582385200660643 1.6079268586871716 
0.0 1.58238042635581 1.6079242856141693 
0.0 1.5823754212525418 1.6079295142191903 
0.0 1.5823710377973421 1.6079280682500703 
0.0 1.5823653793692667 1.6079283983826709 
0.0 1.5823652496344562 1.607931558486578 
0.0 1.5823605851562286 1.607933427641115 
0.0 1.5823634861968203 1.6079323639420662 
0.0 1.5823617757955522 1.60792497039173 
0.0 1.5823652355988442 1.6079235354095303 
0.0 1.5823617521655715 1.6079239220618395 
0.0 1.5823659779903214 1.6079204722224991 
0.0 1.5823635130072502 1.6079218619027353 
0.0 1.5823556052074212 1.6079219275944032 
0.0 1.5823493383868217 1.6079246932359428 
0.0 1.5823448936213753 1.6079275745569377 
0.0 1.5823570738447446 1.6079314590190281 
0.0 1.5823515152133345 1.6079340586737765 
0.0 1.5823574834622858 1.6079379058711618 
0.0 1.5823605609097242 1.6079364947586632 
0.0 1.5823558306900107 1.6079320677894668 
