0.0 0.8252784698152701 1.6094379124341005 
0.0 0.7858281701549064 1.4552883539620363 
0.0 0.8625953351386217 1.5028224104943932 
0.0 0.9009976734775247 1.500460269373188 
0.0 0.9283248480383406 1.510040855202432 
0.0 0.9314504070669879 1.50066574325081 
0.0 0.9236586997565757 1.524818384371491 
0.0 0.9223177506875561 1.534343777666764 
0.0 0.9236150741544946 1.5249590595702283 
0.0 0.9245483460915209 1.5151732002064908 
0.0 0.9244175222154282 1.5137345504037787 
0.0 0.9270621204808435 1.519358737955679 
0.0 0.9271948870068011 1.5186169785875439 
0.0 0.9261235667388921 1.5275511752593751 
0.0 0.9250653442291049 1.5427531371117258 
0.0 0.922231003649613 1.5501843813404699 
0.0 0.9199543442745914 1.5532042651565612 
0.0 0.9170615568968139 1.5534662292909136 
0.0 0.9153750675327363 1.5513393917705265 
0.0 0.9128070874628103 1.5471888161531444 
0.0 0.9104807701512154 1.5426242062708642 
0.0 0.9076112398785099 1.5380808187661785 
0.0 0.9056171251791314 1.53164634338535 
0.0 0.9044230895767513 1.5256066795365264 
0.0 0.9036774707434151 1.5241485299192972 
0.0 0.9014207749910578 1.5225882363977137 
0.0 0.8996397129792494 1.5202130085396117 
0.0 0.8977998213901488 1.5341179912112044 
0.0 0.8962440758903293 1.545073217585439 
0.0 0.8931851491308935 1.5534468337545995 
0.0 0.8927524576981015 1.559702930818414 
0.011982117084677559 0.8936893973206756 1.5642066332466458 
0.011657322686147657 0.8932070718663825 1.567485122919443 
0.02490171502983102 0.895908106365357 1.5695771613841032 
0.02427927049306001 0.8958269151861896 1.5704430015421087 
0.02368929199724598 0.8957092168884544 1.5704332994636385 
0.023129244292156827 0.8955708635225662 1.5697423287030015 
0.02259685256646969 0.8949775408353664 1.568312055242855 
0.02209006959918599 0.8935124005629325 1.5665890568393774 
0.02160704778466883 0.8922757501275871 1.564293305271043 
0.021146115205130343 0.8908573610161914 1.5617372423911349 
0.020705755081089287 0.8911593226057191 1.558850526885258 
0.02028458805428382 0.8907427604146146 1.5559910423981798 
0.019881356856196637 0.8904887666266587 1.5526640206709936 
0.01949491299435019 0.8893743066923622 1.5494218495782779 
0.01912420515212202 0.8878141302192138 1.5460717360037763 
0.018768269049291512 0.8866398591709336 1.542522082866262 
0.01842621855238369 0.8857015654102387 1.5388514027056555 
0.018097237858072095 0.8844474518735316 1.5369529219933344 
0.017780574600977775 0.8834571699392869 1.5382327503967175 
0.017475533760343134 0.8821643745766675 1.5388454117646189 
0.01718147225922012 0.8810159052667942 1.5397280455829514 
0.016897794165734926 0.8801147612992166 1.5402859878312138 
0.016623946419279532 0.8793191857110683 1.5396408119335445 
0.016359415015602636 0.8782483854144942 1.540191520974678 
0.016103721594124563 0.8767902361859032 1.5400928457374348 
0.015856420378678807 0.8750301497962403 1.5412447250181862 
0.01561709542955612 0.8738806730000281 1.5422324406591263 
0.015385358170379499 0.8727851649538138 1.5426529615764162 
0.015160845158155458 0.8722693480955978 1.5433090082266088 
0.014943216068960777 0.8714432843857987 1.5433921580642358 
0.0147321518752348 0.8706468596878016 1.5440972134085462 
0.014527353193674111 0.8700877593287232 1.5453263038719571 
0.014328538785319362 0.8697093457955772 1.5460138374158536 
0.01413544419166996 0.8691734240965352 1.5465597529824353 
0.013947820492595719 0.8683671837152409 1.5468896710298752 
0.013765433173500265 0.8674248974837386 1.547163751532167 
0.013588061090646232 0.866884521446232 1.547183820552089 
0.013415495524826916 0.8662457387262535 1.547293853851678 
0.013247539314675242 0.8659886353441192 1.5474588569157082 
0.013084006061872712 0.8662089193635002 1.5476679308253376 
0.012924719401370726 0.865574439222198 1.546801991727419 
0.012769512330480693 0.8648328891355703 1.546497256750803 
0.012618226591348487 0.8637544581549371 1.5468424828279013 
0.012470712101904226 0.8625563940298101 1.548165714960816 
0.012326826430889474 0.8615044939460229 1.5497669420651272 
0.01426355098655385 0.8614557714583058 1.5504995192793216 
0.014103800157787694 0.8612779072044026 1.5509487058831044 
0.013947820492595719 0.8626348577851605 1.550134187603726 
0.013795476966129042 0.8640505987568496 1.5490688767875624 
0.013646640999510575 0.865044030107919 1.5484531749599946 
0.0135011900769322 0.8661620830270572 1.5472611040945168 
0.013359007389858643 0.8669167888334854 1.5471361780352546 
0.013219981506119596 0.8671929181139542 1.5484242430168011 
0.013084006061872712 0.867286468024657 1.5499460383121548 
0.012950979474609523 0.8672724619813302 1.551045660956114 
0.012820804675539511 0.8664189453373953 1.5517163576094528 
0.014498591095084364 0.8657326021734861 1.5522167628587706 
0.014356584656563889 0.8647971364782278 1.5529097013259188 
0.025705296256379268 0.8661639858253626 1.5537537661577236 
0.028506110579847154 0.8657590568100589 1.5541899199860436 
0.034072826312430166 0.8661714806563845 1.554457737950625 
0.03376202951126808 0.8650650298385963 1.554231390803308 
0.03345727780196419 0.8638096196781101 1.5541319243247211 
0.04520461437390097 0.8655986448833091 1.5548693866988905 
0.04480984591687914 0.8646810883706038 1.554438539492986 
0.04442245852450979 0.86349879746724 1.5539658453880827 
0.053858737692439825 0.8649686996660988 1.554141079812688 
0.05459008358414895 0.8642672326098023 1.5536546950356138 
0.054136563196056975 0.8635239809961397 1.5574703191728556 
0.05942014296779093 0.8640595238470594 1.5623582073633377 
0.058938302206685056 0.8630051117891714 1.5666148539004359 
0.058464864981995275 0.8622484254484957 1.5707816053389918 
0.057999606817135375 0.861387552572172 1.5743486027646445 
0.061884677627398646 0.8618165251746167 1.577599049686572 
0.06563114735955261 0.8618647497931297 1.580315446649431 
0.06616408292832791 0.8611002559867649 1.5827835496442204 
0.06770677876129688 0.8607576475991482 1.5848150697093604 
0.07613300015178763 0.8621962117839549 1.5867259479089593 
0.0774983165334345 0.8618001273828367 1.588332836935347 
0.08259507471401904 0.8624440717824243 1.5896623798253626 
0.08476607571480994 0.8622729261544436 1.5906667482330223 
0.08688160062659386 0.8621722282307368 1.5915653326803827 
0.08716120462536718 0.8615263236615642 1.5921525080625367 
0.08654865046298926 0.8605226150545021 1.5925874769475135 
0.08594542190874277 0.8597588497432493 1.592870909229274 
0.0879695054096227 0.85961467174839 1.592977740244933 
0.09249870228106895 0.8602401093058664 1.59287151078211 
0.09355257476211748 0.8601755018851759 1.5926322986087569 
0.09292570438691383 0.8598450085385505 1.5922691165405038 
0.09230794750805438 0.8602389303894128 1.591778191859308 
0.09169910034182951 0.8604663380394817 1.5912283478371072 
0.09109896523793085 0.8597726980706907 1.5905904347418407 
0.09050735044804097 0.8589830404159146 1.5897964306831158 
0.0907298599159614 0.8583270188170754 1.5888666853265379 
0.0901499225359206 0.8575086675668574 1.5879352802018216 
0.08957802666754391 0.856832546312087 1.5869072844543235 
0.09059043832714417 0.856500726895518 1.58571419191671 
0.09002491928529449 0.8557214395172285 1.5845107298379304 
0.08946705981055991 0.8555664989013256 1.5832759934333145 
0.08891670028045645 0.8554796028494405 1.5819704433175614 
0.08837368555200223 0.8547881446655347 1.5806406648090843 
0.08783786480405432 0.854025784206101 1.5791410209789953 
0.08730909138630435 0.8532474795098444 1.577507251286451 
0.08678722267460517 0.8524498418419058 1.5758073568129172 
0.08627211993231976 0.8516832361182105 1.5741412775788697 
0.08725324770191686 0.851247163865395 1.5723942835661682 
0.08821666797265179 0.8509303087592397 1.5706586999491212 
0.08770501640138595 0.8501835020734972 1.5688021785476094 
0.08719980400464021 0.8496009695062819 1.5669054021454765 
0.08670090604969545 0.848939681436449 1.565084541564222 
0.08620820105899357 0.8482839189578482 1.5631688244818742 
0.08572157070354136 0.8476328201107912 1.5615244634913015 
0.08524089970050638 0.8469397814009333 1.5618011425285574 
0.08476607571480994 0.8462071866984764 1.5620153255826428 
0.08429698926453823 0.8456895794148395 1.5622811100004628 
0.08383353362999718 0.8450029193129535 1.5623950861275175 
0.08337560476624772 0.8445142845808825 1.5625505643802264 
0.08292310121896757 0.8439329299148275 1.5627377821969408 
0.08247592404349037 0.8432771406146132 1.562787829907486 
0.0820339767268832 0.8425856294092108 1.5627330540370916 
0.08159716511293053 0.8423863868563416 1.5630745771412016 
0.08116539732989655 0.8427010426026442 1.562385647630271 
0.08073858372094653 0.8422185345152255 1.5617137044417535 
0.08031663677711431 0.8418366668652939 1.5615937945440521 
0.07989947107270612 0.8413583772012009 1.5614563251297868 
0.07948700320303707 0.8407815764983695 1.5615939865440327 
0.07907915172440438 0.8402587237548175 1.5617661332765096 
0.07999270865185351 0.8400170563056213 1.561791178451248 
0.0795875858118336 0.8394654478030221 1.562143885039034 
0.07918691182388254 0.8388445638387517 1.5622053563727265 
0.07879061146748505 0.8382731991839859 1.5621550336387453 
0.0816013816086445 0.8386633403499142 1.5623767082757398 
0.08246322485312169 0.8385998728883205 1.5625776794348751 
0.08205909162658971 0.8382046408215589 1.5624797235567005 
0.08352763995020301 0.8382845799369013 1.5625991923657911 
0.08558363300109546 0.8384509257314469 1.5626026950138985 
0.08517271230587681 0.8379653189992633 1.5627755046273315 
0.08597694184643223 0.8378407919491311 1.562761711308863 
0.08556914143301533 0.8373624489426983 1.562922045050519 
0.08516554161338241 0.8369896235627272 1.5630947312261911 
0.08595574462565841 0.8368090254348199 1.5629774157522944 
0.0861454755275846 0.8364377218971899 1.5631685842782264 
0.0915565574503345 0.8375653399508503 1.5633265018532532 
0.09113651559609477 0.8371619879622079 1.5633283969533778 
0.09072066382330267 0.8367931929876056 1.5632940004288554 
0.09144217468358212 0.8367743467808748 1.5633349981915536 
0.09102973866175795 0.8363933868722014 1.563396643200722 
0.09062134769704053 0.835984836617745 1.5635141712477276 
0.09021694061880313 0.8354797567496415 1.5634952956470967 
0.09092648282889315 0.8353611725060107 1.5636266595698056 
0.09162644648829285 0.8351395123098588 1.5635416693639939 
0.09122459506783581 0.8345914569581605 1.5637368465867143 
0.09299844152615602 0.8349059395493317 1.5640230917767255 
0.0925954134974166 0.8344122538231385 1.563979691847922 
0.09273224716673095 0.8341290766776873 1.5642618469541743 
0.09393044751681684 0.834230678299381 1.564444400416663 
0.09405807376968377 0.8339173433936017 1.5644160395068307 
0.09470818615627244 0.8337884341734372 1.5645122828996318 
0.09845066094715597 0.8347492694131454 1.5645728489132285 
0.098039113279732 0.8345649775830778 1.5640735505323664 
0.09763131264074232 0.8343596891141312 1.5637373542746924 
0.09722720638479378 0.8339239729467318 1.5637640526581937 
0.09682674286516292 0.8334337458455584 1.563970383717069 
0.09642987140997643 0.8331189126233617 1.5641501551217902 
0.0960365422990759 0.8326208427604759 1.5640847069806925 
0.09614673073478261 0.832349366829169 1.564084513057457 
0.09675221784375002 0.8321398488711197 1.5642718813427319 
0.09931399644475297 0.8325462430067468 1.5644262346652675 
0.09891787346894966 0.8319454791198466 1.5644570284900876 
0.09852519303098647 0.8315998818095727 1.5645420531270857 
0.09958408136391009 0.8315407607615268 1.5643946219274616 
0.09919285966141175 0.8310427427737191 1.5642442088812158 
0.09880498712182942 0.8305372180788817 1.5643146289006031 
0.0984204194847443 0.8302222292798311 1.5643785834269857 
0.098039113279732 0.8298351228310218 1.5643768548824242 
0.09813355991477118 0.8295269815295929 1.5642543691342825 
0.09822706443393159 0.8292698440373067 1.5643594557035978 
0.09878659978335257 0.8291806780926119 1.5644575956765812 
0.09841130303428756 0.8287845178362389 1.5646326131150727 
0.09942581405314707 0.8288061460633003 1.5647333377983728 
0.09951104029142113 0.8285402261269377 1.564826653023662 
0.09913853787100695 0.8282180227908527 1.5650454045668925 
0.10103878544571174 0.8285372071673743 1.5651533963069422 
0.10066450996467494 0.8281239265872937 1.565087391961447 
0.10029325720719487 0.827794346161302 1.565000087958565 
0.09992498947475932 0.8274305194707625 1.565101148601315 
0.09955966970405472 0.8270670685688245 1.5650700545608465 
0.10052803498974844 0.8271838445489929 1.565024973517611 
0.10016402586469894 0.8269784271248436 1.564997693617664 
0.099802890478804 0.8266339171325408 1.5649512874869744 
0.09944459379465725 0.8263374074152012 1.564999023342819 
0.09908910135203658 0.8261215074739864 1.5649488028793423 
0.09873637925594098 0.8261763849082944 1.5649505607076617 
0.09838639416492669 0.8264468842947553 1.5644431677022177 
0.098039113279732 0.8262365104735727 1.5641341702267428 
0.09769450433218456 0.825796015468668 1.5640019678276689 
0.09735253557438137 0.825493742274042 1.5639313437739326 
0.09701317576813337 0.8250936604312836 1.5639828059359961 
0.09667639417466933 0.8247776747586633 1.564003189224439 
0.0963421605445887 0.8244661603594167 1.564028765717854 
0.09685741958246719 0.8243940328817806 1.5640961250530667 
0.09652549180888245 0.8240065085236287 1.5640417578233046 
0.09619604312921495 0.8236231993741617 1.564097006256874 
0.09837156139723963 0.8240083794678521 1.5641474130006 
0.0988660093116028 0.8238946451063411 1.5642000047494453 
0.09853342482859848 0.8236117550848929 1.564259881532134 
0.09820327972103624 0.8233299163512438 1.56430442737424 
0.09950718442461945 0.8234183867960706 1.5643439952545384 
0.10119768759763564 0.8236981380103732 1.5645383648543199 
0.10086349413258067 0.8234107909522206 1.5645540077845375 
0.10053170807960557 0.8232515314667223 1.5643979530350318 
0.10020230264486402 0.823132287122119 1.564320494423133 
0.09987525143758748 0.8231285502115818 1.564099606787146 
0.09955052846245334 0.8232597179670935 1.5636557930968071 
0.09922810811212654 0.8229697452920263 1.563419407145656 
0.09890796515997138 0.8226106981866342 1.563480733396983 
0.09937539944495984 0.8224121883417156 1.5636660096724317 
0.09905740185935144 0.8219851844279039 1.5638895069406078 
0.10068441881677512 0.8222161182472566 1.5639537652274649 
0.10152138525094696 0.8223554396010286 1.5640751442389549 
0.10120089733786385 0.8220773727396389 1.5641737257510206 
0.10202777380063355 0.8220690780321317 1.564265334146978 
0.10170834999689948 0.8218016047493708 1.564466443332602 
0.10290251163379381 0.8218983285544535 1.5645321008320898 
0.1040827065403521 0.8219471197227203 1.564729579747726 
0.10487786998611118 0.8223555445954237 1.5649242425404783 
0.10455528918213805 0.8225678469495425 1.5645598732201662 
0.10423487458863165 0.8225002741450078 1.5642197602724097 
0.10391660372013506 0.8222479384438033 1.5641764468035282 
0.10360045440678194 0.8220189596943029 1.56421138323073 
0.1032864047887195 0.8217699980451915 1.5642385410036206 
0.10297443331065141 0.8214316100690984 1.5642280688850208 
0.1026645187164946 0.82101297563453 1.564353889332541 
0.10235664004415082 0.8206819066980591 1.5645009077734764 
0.10205077662038671 0.8203034934705675 1.5644639991135474 
0.10174690805582244 0.8199600265544195 1.5645551074832786 
0.10144501424002397 0.8196372468550783 1.564706267351552 
0.1015041599045102 0.8197076468634586 1.5647538914121066 
0.10120517494983776 0.8197631626962666 1.5644240269646448 
0.10090811197389535 0.8195167409544802 1.5641035806128856 
0.10061295187930311 0.8191661405813576 1.5641973083438523 
0.10031967582528067 0.8188406706108398 1.564242478143782 
0.10002826522330649 0.8185374362188461 1.5642593439490806 
0.09973870173286459 0.818136287369486 1.5642407250307067 
0.09945096725727821 0.8177151020618367 1.5642676379716114 
0.09916504393962772 0.8173503289283767 1.564416313387594 
0.09888091415875064 0.817059717033514 1.5644599672450252 
0.10034010589924766 0.8172229914595528 1.564384392462114 
0.10005491126381116 0.8169120305271014 1.5642752820943944 
0.09977148555920251 0.8165840651176053 1.5643177235676078 
0.0994898118252023 0.816271431504845 1.56450161873599 
0.1002391011538876 0.8162226005340648 1.564524516404341 
0.09995820216009568 0.8159133684568608 1.564644726112193 
0.1006994196886958 0.8159214886326893 1.5647154180963039 
0.10041930412416836 0.8155389506945706 1.564684128428681 
0.10182521745356507 0.8157656916769113 1.564810697968094 
0.10154417081832885 0.8155893920138564 1.564941684444826 
0.10126481756679193 0.8152335404739842 1.5649487985445918 
0.10098714192418101 0.8149080918441067 1.5651348068543571 
0.10071112831448235 0.8145921436128328 1.5651038447944363 
0.10043676135728728 0.8144043910896608 1.5650605232632064 
0.10016402586469894 0.8141693773579933 1.5649995749878451 
0.09989290683829735 0.8139179381884635 1.5649895288236548 
0.09962338946616205 0.8136460587275872 1.5650036490058705 
0.09935545911995128 0.8133852901368173 1.5650369101565804 
0.09908910135203658 0.8132118380683813 1.5650520654127322 
0.09882430189269072 0.8129741719785993 1.5649988757085294 
0.09856104664732858 0.8127609757109694 1.5649391944395252 
0.09829932169379996 0.8125079273258679 1.5648498595940834 
0.098039113279732 0.8122586283347241 1.5649869440342261 
0.09778040781992166 0.8120348070259182 1.5650862636120217 
0.09752319189377626 0.8117957313862914 1.5651036814996289 
0.09726745224280113 0.8114971232244894 1.5650533790655405 
0.09701317576813337 0.8112584050640348 1.5650252373715206 
0.09676034952812121 0.8112347550621473 1.5651299775357872 
0.09650896073594732 0.8110031455879055 1.5650150533394347 
0.09625899675729513 0.8109433629257492 1.5650397730963599 
0.09601044510805831 0.8108580802554893 1.5648774150961628 
0.09576329345209114 0.8107168972202206 1.5648072056799844 
0.09551752959899931 0.8105198854814052 1.5648753108473912 
0.09527314150197091 0.810337436546625 1.5648532473595662 
0.09503011725564635 0.8101079112975296 1.5648929730897916 
0.09478844509402591 0.809830350463917 1.5649510702959417 
0.09454811338841494 0.80962832371721 1.5649798256824567 
0.09430911064540556 0.8094094975731503 1.565016759509842 
0.09593796367144306 0.8096551632828933 1.5651315665840877 
0.09631531634259953 0.8095547272698154 1.5651337986675373 
0.09607445295005511 0.8096360962515795 1.565269329199877 
0.09583490365301355 0.8099702600268012 1.5649237879605762 
0.09559665736714285 0.8098224290652817 1.564651088600265 
0.09535970313459222 0.809572088121241 1.564572167220968 
0.09512403012217431 0.8093134943957762 1.5646703883816293 
0.09488962761957827 0.8090268943852776 1.564612879024646 
0.0946564850376142 0.8087814204599096 1.5647130426876508 
0.09472751206184649 0.8085862430834647 1.5648889657799998 
0.09449616900874591 0.808257449464284 1.5650237329987924 
0.09546912285711873 0.8082936926716431 1.5652241521214314 
0.09523751554538713 0.8081166602667539 1.5654142632022117 
0.09500713396944264 0.8078954005234071 1.5654550735662756 
0.09477796809966155 0.8076708829709628 1.565464156771039 
0.09455000801744903 0.8076836302074417 1.5655897930453047 
0.09432324391369072 0.8078520973422988 1.5652822940859132 
0.0940976660872304 0.8076584579363248 1.564995226603445 
0.09387326494337281 0.8074396182613188 1.5650390018939822 
0.09541356805017973 0.8076895074219308 1.5651696566162427 
0.09518759979825729 0.80748748815361 1.565259932525131 
0.09496279907036569 0.8072039490863335 1.5653043524271588 
0.09473915653920212 0.8070212947255696 1.5654155587446286 
0.0945166629782824 0.8067921576574558 1.565560194052834 
0.09429530926056741 0.8065201775659006 1.565626965708471 
0.09465292171887718 0.8064101104339881 1.565695312977672 
0.09472042981268283 0.8063262677580938 1.5657807818097973 
0.09450057238559526 0.8061506272516583 1.5658458298458409 
0.09456816608867684 0.806022247284753 1.5659061079666283 
0.09434991090256133 0.8058165426198918 1.5660221963261542 
0.09413275455000084 0.8055794913969053 1.5661087567656726 
0.09391668847678299 0.8054875031030962 1.5660425148114947 
0.0937017042187989 0.805405389136661 1.56601586200029 
0.09348779340084785 0.8051987847621545 1.5660422136897618 
0.0932749477354603 0.8049862594844728 1.566002806292018 
0.0930631590217399 0.8047979717779693 1.5660501255090367 
0.0928524191442241 0.8045925652721125 1.566041176990449 
0.09264272007176233 0.8043647371773406 1.5659889155568654 
0.09243405385641265 0.8041211645213303 1.5660774227940357 
0.09222641263235512 0.8039034001914038 1.5660530370162469 
0.09201978861482277 0.8036192197379161 1.5660521413714164 
0.09181417409904936 0.8034000655702807 1.5660658461159203 
0.09160956145923257 0.8031498572302729 1.5660597149358626 
0.09251286656469208 0.8031936774025855 1.5662014763865109 
0.09368278667736363 0.8033317387388978 1.566268268065274 
0.09456895887666011 0.8034984708891246 1.5663743939908723 
0.0943609552899504 0.803435259502959 1.5660788266413932 
0.09415394985686411 0.8032730708148074 1.5659812066942487 
0.09394793517007587 0.803077173339096 1.566004351170144 
0.09374290389664722 0.8028120089190235 1.5660183269424857 
0.0935388487770856 0.8025177767917318 1.5660737665816178 
0.09387407004435747 0.8023634168514732 1.5661211613115742 
0.09393909643382597 0.8022589290186696 1.5662501372953836 
0.09373630627569284 0.802020754122896 1.5663389904056615 
0.09353447116362534 0.801819264638957 1.5664063019330983 
0.09333358414188077 0.8016202546125603 1.5664615325060574 
0.09313363832327264 0.8015421715797818 1.566579628408095 
0.09293462688831934 0.8014352369199657 1.5666075622361926 
0.09326588183094088 0.8015341753903262 1.5666447470492006 
0.09333145211771336 0.8013822929807995 1.566626014464886 
0.09418428701560565 0.8017237291804692 1.5667282854373776 
0.09398531902552643 0.8018480475492548 1.5664085428415153 
0.09378726811706833 0.8016674456035642 1.5662467039746641 
0.09359012775282761 0.8015305130102865 1.5662399226277235 
0.09339389145846921 0.801344322571359 1.5662968405404063 
0.09371734377136995 0.8013189492675152 1.5664101283151075 
0.09506970201969521 0.8015367327247803 1.5664558974667315 
0.09615325282881262 0.801703914947729 1.56661335220918 
0.09595411415384623 0.8017496113519212 1.5666914882480412 
0.09575587568068113 0.8019365357367934 1.5664809630757506 
0.09555853111467544 0.8019013956125702 1.5662248399873164 
0.09536207422076183 0.8017410183998078 1.5661337276629665 
0.0951664988227366 0.8016463853826009 1.56613612537688 
0.09497179880255906 0.8014802923676374 1.5660676840207732 
0.09477796809966155 0.8014726747874666 1.566113796508177 
0.09458500071026861 0.8015043924795946 1.5658939630035087 
0.09439289068672604 0.8013436707508794 1.5657661666405776 
0.09420163213684035 0.8011092284324206 1.5657264743164179 
0.09401121922322606 0.8008531274080357 1.565820909552889 
0.0938216461626637 0.8006223345975119 1.5658847781890253 
0.09363290722546608 0.8004271436854955 1.5660028385975349 
0.09369384191483596 0.8003542248913486 1.5661458108274304 
0.09350629006382033 0.8001430158988692 1.5662157331302473 
0.09430911064540556 0.8002239937731037 1.566310922690196 
0.09412135554435352 0.8000660611609698 1.5663212965937727 
0.09393441612925714 0.799911220763137 1.566357326463699 
0.09374828691868772 0.7997950339371557 1.5663315662616974 
0.09356296248107505 0.7995774449728605 1.566276408069831 
0.09337843743413637 0.7993248043235377 1.566311344685856 
0.09343884969686464 0.7991998589909607 1.566449009450598 
0.09422819662126065 0.7992443547181659 1.5665622894801474 
0.09525296684767973 0.7993709400949232 1.5666039776770135 
0.09626915568785112 0.7995637188996606 1.5666903462786492 
0.09632135486096081 0.7995023576413341 1.5666595335943163 
0.09613454516595069 0.7993825930088819 1.5667204689938716 
0.09594852642335884 0.7992399581038016 1.5667006235524918 
0.09576329345209114 0.7991015198034538 1.566673583220029 
0.09557884111699633 0.798904848842769 1.5665516802313433 
0.09539516432835266 0.7987089625724745 1.5665927323099798 
0.0954488712977269 0.7985868027866511 1.566591365456542 
0.09597374200415788 0.7985706674665249 1.5666443654556648 
0.09672961565241989 0.7986499727659135 1.566741008480501 
0.09654566004192738 0.798505568596071 1.5667884750371164 
0.09659590614294504 0.7984788048703939 1.5667575982420874 
0.09641306218776333 0.7982867638971505 1.5667351235248728 
0.09623097388445345 0.7981546034508336 1.566826342604276 
0.09604963640115116 0.7979794881293285 1.5668500958704645 
0.09586904494781975 0.7977875994404958 1.5667547479175488 
0.09568919477579357 0.7976058258952745 1.566769682552203 
0.09551008117732775 0.7974494402003327 1.5667929503606244 
0.09533169948515331 0.7972503142031682 1.5668257874002252 
0.09538405721590493 0.7971753196485933 1.566944396273108 
0.09520672740169622 0.7970077672130357 1.567041474755662 
0.09503011725564635 0.796998788643751 1.567081745716514 
0.09485422225898574 0.797056178548946 1.566838835115299 
0.09467903793135705 0.7969772855506616 1.5665416544163544 
0.09450455983040303 0.7967948454138186 1.5665355087188377 
0.09433078355136067 0.7966067298493211 1.5665432197733056 
0.09415770472665956 0.7963935201705516 1.5665420436192439 
0.09443852619530141 0.7963343274339271 1.5666320022067988 
0.09471779016884825 0.7963572572245654 1.5666816384045665 
0.09454524324036227 0.796416761936246 1.5664375555889158 
0.0943733824251719 0.796377482382597 1.5661940296031436 
0.09420220350219756 0.7964897526753194 1.5659560623281346 
0.09403170228551765 0.7964260588986815 1.5656609410557192 
0.09386187462399921 0.7962153120786938 1.5656321870157606 
0.09369271640093318 0.7959532341467475 1.565706326319919 
0.09508131729648797 0.7961423677114151 1.5658198455886188 
0.09491088471690523 0.7959387386843318 1.5659677076180176 
0.09518300038980604 0.7958117844708094 1.5659999623056975 
0.09589346195451737 0.7958493816089488 1.5660850614990725 
0.09572282808330382 0.7956064486568112 1.5661517527820987 
0.09555285714043979 0.7953787053182889 1.5661795903033016 
0.09538354514062916 0.795182065531032 1.5662275518669424 
0.09521488813101428 0.7949847256474093 1.566243494499889 
0.09504688219084315 0.7947852217852871 1.5662916263070898 
0.09509702288207977 0.794887535907125 1.5663547273690663 
0.09492995166313042 0.7950922465499688 1.5661310167680762 
0.09476352122911849 0.7950504224561592 1.565909472794442 
0.09459772777722018 0.7948492750488356 1.5659000814226376 
0.09443256753516899 0.7946544272214661 1.5659484703476945 
0.09448360986458387 0.7945205175521953 1.5660275124078076 
0.09431935579058762 0.794481389594066 1.5659941030448445 
0.09415572504101796 0.794589398680674 1.5657750627769826 
0.09399271395581266 0.7944947732508469 1.5656340896192473 
0.09383031890400767 0.7943066343433781 1.5656299596937395 
0.09366853628344644 0.7941441392152154 1.5657061643720236 
0.09457249300672904 0.7942078955456292 1.5657523112070164 
0.09441022147106398 0.7940047476839701 1.5658856759477562 
0.09424855775797848 0.7938274528620796 1.5660074129518171 
0.09408749834455966 0.7936035741439337 1.5660975630331253 
0.09456019904359494 0.7935828211012217 1.5662349045736281 
0.09439933430423132 0.7933738909797083 1.56626978598633 
0.09423906698109698 0.7932069131295878 1.5662925598066206 
0.09407939364105536 0.7930014530481599 1.5663466301501672 
0.09392031087768349 0.79282566019248 1.5664878160774 
0.09459726939676645 0.7929318856151097 1.5665854030544355 
0.09443804749139123 0.7928047225155107 1.5666352037797053 
0.09427941064948145 0.7926184536270142 1.5666078811789665 
0.09412135554435352 0.7924696326017581 1.5665926666481467 
0.0939638788749366 0.7923220950891211 1.5666366852990992 
0.09380697736552432 0.7921502411076448 1.5666813519683602 
0.09468190409965146 0.7922253392148632 1.5666795024174358 
0.09452454617726093 0.7920958350290218 1.5666891530781517 
0.09457293599708645 0.7920265726202076 1.5667585035634408 
0.0956425449577096 0.7922641343250744 1.5667989980756991 
0.09548469021469565 0.7921287137505684 1.5668060987795358 
0.09532740437362545 0.7919442144236616 1.566840871808528 
0.09517068426149444 0.791886033973467 1.5668360245560855 
0.09501452672926244 0.7917525205308916 1.5668786387427622 
0.09485892865162611 0.791608154712215 1.566950699859723 
0.09490588210976375 0.7915414705686293 1.5670638572779947 
0.09475108687299408 0.7914245707499327 1.5671261799048837 
0.09459684288669754 0.7913804850405045 1.5671229681325634 
0.09444314711289808 0.7912687070696008 1.567085939475094 
0.09428999653629201 0.7911802008889421 1.5670472622970486 
0.09413738816403396 0.7910388287834427 1.5669908999773894 
0.09398531902552643 0.790892682749733 1.5669660574615611 
0.09383378617221144 0.7907619272352401 1.5670026075981158 
0.09368278667736363 0.7906273722339154 1.5670921016563444 
0.09353231763588718 0.7905385920233271 1.5671020246520153 
0.09338237616411366 0.7904222017514474 1.5670863143560068 
0.09323295939960283 0.790285621724687 1.5671022440449798 
0.09308406450094567 0.7901070178076478 1.5671413080956142 
0.09293568864756983 0.7899643094870571 1.5671720376987017 
0.09278782903954602 0.7898716417017484 1.5671956448416253 
0.09264048289739849 0.7897604887125776 1.5671501826979148 
0.09249364746191609 0.7896812047503363 1.5670517560891581 
0.09234731999396595 0.7895194491668936 1.5669861924539945 
0.09220149777430921 0.7893201691611572 1.566984491702979 
0.0920561781034191 0.7891844617514148 1.56700428518343 
0.09191135830130057 0.7889872723522914 1.5670407929861483 
0.09215815863281747 0.7889168797669853 1.5670495065293157 
0.09201375899923638 0.7887076280311012 1.5670848346650064 
0.09206464453661549 0.7886915356204494 1.567114519302441 
0.09192094631481443 0.7885412553975771 1.5670853332708337 
0.09177773759252808 0.7884024205061521 1.5670158039149937 
0.09163501578954032 0.7882516874112446 1.5670164149908352 
0.09207297895192583 0.7883461088999554 1.5670534888046037 
0.09193038507430376 0.7881400871308135 1.5670681295962234 
0.0917882731654629 0.7879917319951522 1.5671836215331496 
0.0916466407045559 0.7878254936968967 1.5671943218392292 
0.09208118441332858 0.7878696470736902 1.5672976833498649 
0.09193967803797182 0.7878231950186996 1.5673510594436229 
0.0917986462731125 0.7877082069877769 1.5674350085973627 
0.09165808665546529 0.7876022923674629 1.5674608080046388 
0.09170854607245105 0.7875274021603077 1.5674516592044538 
0.09175880366485445 0.7875498180705957 1.5674866977857294 
0.09161910554877914 0.7874767651984754 1.5674730725307018 
0.09147987159686861 0.787335385621881 1.5674982780350222 
0.09134109942259147 0.7872544022509392 1.5675270374645303 
0.09120278665603296 0.7871326312951559 1.5675540594425665 
0.09106493094374961 0.7870311509193345 1.567535363412825 
0.09092752994862491 0.7869720031583162 1.5675143078372655 
0.09079058134972594 0.7868672372676985 1.5675324348012656 
0.09065408284216268 0.7868215069312887 1.567518074695462 
0.09051803213694737 0.786767422520799 1.5674117003487167 
0.09038242696085709 0.7866671827537048 1.5673442101463881 
0.09024726505629603 0.7865463833217482 1.56735707453222 
0.09011254418116049 0.7864375735382269 1.5674009875248025 
0.0899782621087043 0.7863576158882946 1.5674185986789697 
0.08984441662740669 0.7862892287587534 1.5674199881434343 
0.0897110055408409 0.7862020880539577 1.567331269042596 
0.08957802666754391 0.7860810329780095 1.5673053785685074 
0.08944547784088791 0.7859648527500069 1.5673233379943121 
0.08931335690895363 0.7858709332953515 1.5673774245748981 
0.08918166173440373 0.7857794469377989 1.567385964792907 
0.08905039019435851 0.7856654445575385 1.567413213196398 
0.08891954018027241 0.7855572859613077 1.5674450499228025 
0.08878910959781224 0.7854745850384754 1.5674532808517234 
0.08865909636673594 0.7853978145619567 1.5674499491950478 
0.08852949842077322 0.7853376413586215 1.5674545168075384 
0.08840031370750745 0.785333244303065 1.567445281155346 
0.08827154018825813 0.785333669950207 1.5674186172666256 
0.0881431758379648 0.7852584021003199 1.5673267255282597 
0.08801521864507308 0.7851866897529133 1.567285921841466 
0.08788766661142007 0.7851337251118995 1.5672086835596126 
0.08776051775212261 0.7850568258932241 1.567204172646007 
0.08763377009546577 0.7850522557424822 1.5671387170548867 
0.08750742168279242 0.7849766188317446 1.5670682550931618 
0.08738147056839463 0.7849315400017773 1.5670575678623058 
0.08725591481940523 0.7847985180019919 1.5670482064676121 
0.08713075251569113 0.7847388661158878 1.5670502376972042 
0.08700598174974775 0.7846470016294607 1.5669795460091962 
0.08688160062659386 0.7846586066919882 1.5669357383536209 
0.08675760726366803 0.7846266060140451 1.5668538888111851 
0.08663399979072589 0.7846584033469766 1.5668848017304149 
0.08651077634973905 0.7847738602505174 1.5666766571938964 
0.08638793509479334 0.7847632235913228 1.5665908941134008 
0.08626547419199035 0.7847400538003535 1.5665838196857753 
0.0861433918193481 0.7846778388743718 1.566595259744404 
0.08602168616670347 0.7845899484277619 1.5666001168927832 
0.08590035543561583 0.7845000667486512 1.5666431604612214 
0.0857793978392708 0.7843509412153316 1.5666418463358147 
0.08690378304831559 0.7846185619052102 1.5667382787821063 
0.08678193258883823 0.784507921265832 1.5665250836482199 
0.0866604547140095 0.7844202436753145 1.56647251581927 
0.0865393476612029 0.7843293019376422 1.5664902006596824 
0.08641860967908416 0.7842477577983191 1.5665250945291969 
0.08629823902752018 0.7841382946606532 1.5666118406956502 
0.08617823397748865 0.7840209080017032 1.5666044447296503 
0.08605859281098885 0.7839069476825654 1.566664849004395 
0.0859393138209524 0.7837777443351351 1.5666722318125814 
0.08582039531115612 0.7836046936370179 1.566691592914876 
0.08657622020064525 0.7837333214377478 1.566732914790594 
0.08645688966878023 0.7836355210667718 1.5667303964203936 
0.08633791781033721 0.7836663280543021 1.566681316605895 
0.08621930295735042 0.7837368633878877 1.566504371471312 
0.08610104345235892 0.7836736021569456 1.5663723425961784 
0.08598313764832219 0.7835511754291494 1.5663444765403345 
0.08586558390853871 0.7834186423367223 1.5663987258222143 
0.0857483806065632 0.783266144976603 1.5664449519017376 
0.08580428831906621 0.7831840860557209 1.5665280479010928 
0.08568756110214379 0.7830468593384078 1.5665693270380876 
0.08557118012365719 0.7829562605452651 1.5666571359257335 
0.08562713988252862 0.782860332725092 1.56668305047761 
0.08551122870746204 0.7827266589877456 1.5667361183843171 
0.08539565964410215 0.78267241079619 1.5667597058349194 
0.08528043113025388 0.7825648146924516 1.5667653347106176 
0.08550747672225661 0.7825615376182584 1.566849597806784 
0.08573357332538523 0.7825557721511895 1.566880077482625 
0.08561849943860497 0.7824817554569872 1.5669416955423947 
0.08635247846696001 0.7826339821145525 1.5669686463812849 
0.08623701440807713 0.7825173498497734 1.566983196820549 
0.08612188702851667 0.7823879937546989 1.5670046180912736 
0.0861758903243992 0.7823460590097727 1.5670316428263484 
0.08606122159831536 0.7822025586579807 1.5670431446277795 
0.08611515826334762 0.782141445318597 1.567086200163143 
0.08683972829285919 0.7822071234704554 1.567126323275208 
0.08805994235597003 0.7824702837331212 1.567220425260293 
0.08794370354001764 0.7823884088032502 1.5672652740295847 
0.08815976471647105 0.7823670439975822 1.567233325447761 
0.08804378561008708 0.7823038876364202 1.5672182205463885 
0.08792813935204458 0.782228287232132 1.5671899308828459 
0.08781282446414483 0.7821608827097195 1.5671800236260214 
0.08769783947708013 0.7821374202726487 1.56713895566735 
0.08758318293036699 0.7820592683303249 1.5670731358610845 
0.08763347303621528 0.7820084862259548 1.567094294410175 
0.08751926845233474 0.7819117847130584 1.5671096931002246 
0.08740538852023541 0.7818455358439084 1.5671588341804155 
0.08729183181180304 0.7819205675922438 1.5670947645006776 
0.0871785969074322 0.7819991786622825 1.566919665329875 
0.08706568239596192 0.7819265230832401 1.5668193871522338 
0.08695308687461295 0.7817899450554217 1.5667926705857016 
0.08684080894892418 0.7817037877310423 1.566849199518584 
0.08672884723269103 0.7816311609901423 1.5668444642879251 
0.08661720034790357 0.781532109876433 1.5668423727215373 
0.08650586692468543 0.7814297388217956 1.5668469667452545 
0.08639484560123303 0.7813638570913223 1.5668913148698747 
0.08628413502375609 0.7813044404250896 1.5669280308867783 
0.0861737338464174 0.7812548046003384 1.5669106658799767 
0.08606364073127469 0.7811628612591007 1.566862880083268 
0.0859538543482216 0.7810569215507902 1.5668921035854548 
0.08584437337493014 0.7809503456983382 1.5669450725037235 
0.08573519649679298 0.7808720138352541 1.5670413645696133 
0.08610902651943018 0.7809442232962596 1.567059673406116 
0.08599988130024178 0.7808836667899167 1.5670862652647621 
0.08589103778043623 0.7808240826093165 1.5671450697634586 
0.0857824946696014 0.7807482394922837 1.5671099228554426 
0.08567425068480067 0.7806868144367441 1.5670956933120739 
0.08556630455051828 0.7806106486909158 1.5670422002562936 
0.08545865499860485 0.7805441057842727 1.567057071292361 
0.08535130076822409 0.7804350950353768 1.5670806610541679 
0.0852442406057993 0.7803530597640685 1.5671822763091798 
0.08513747326496107 0.7802680336045649 1.567244987659755 
0.0850309975064945 0.780180872576298 1.5672698107690521 
0.08492481209828748 0.7801470778893228 1.5673138652208833 
0.08481891581527978 0.7800541536425166 1.5673046842586424 
0.08471330743941159 0.7799477308496746 1.5673359564199454 
0.08460798575957354 0.7798804887502039 1.5673619686649654 
0.084502949571556 0.7798190767809292 1.567333528259069 
0.08439819767800044 0.7797729538527743 1.5672617332180576 
0.08429372888834925 0.7796929248861277 1.5672569005377837 
0.08418954201879791 0.7795800445234632 1.567305630357362 
0.0840856358922458 0.7794864533761124 1.5673470270590761 
0.08398200933824927 0.7794276272321309 1.5673414968411616 
0.08387866119297316 0.7793575481466096 1.5672550821264724 
0.0837755902991446 0.7792422806471464 1.5672238477090927 
0.08367279550600554 0.7791673208427037 1.5672262967674135 
0.08357027566926736 0.779054910677706 1.5672300171592757 
0.08346802965106419 0.7790192126177571 1.5672151093689521 
0.08336605631990779 0.7789325869212345 1.5671896290788567 
0.08326435455064235 0.7788666714874721 1.567175610895311 
0.08316292322440025 0.7789036033734165 1.5671755699189598 
0.0830617612285569 0.7789592840513255 1.5669993846801544 
0.08296086745668746 0.7788917630969857 1.5669787015410421 
0.0828602408085228 0.7788085432144339 1.566936297035241 
0.08275988018990697 0.7786537305753157 1.566939525424295 
0.08265978451275337 0.7785117904119758 1.56698107944444 
0.08302319381400726 0.7785081157831828 1.5670234994788041 
0.08323113762965333 0.7784865101998021 1.567062980835399 
0.08328467323333999 0.7784336090507522 1.5671096650960443 
0.08349140280811419 0.7783807192051295 1.5671509949318945 
0.08476607571480994 0.7786282010721006 1.5672148155922971 
0.0846646255473315 0.778523694106379 1.5672264707271233 
0.08456344012122383 0.7784597459439019 1.5672332449142492 
0.08446251836750233 0.7783649944993531 1.5672162369392728 
0.08436185922302862 0.7782651714806595 1.5672612054129273 
0.08426146163047038 0.7782248497847125 1.5672742291177877 
0.08416132453826168 0.778154882268194 1.5672689630302477 
0.08406144690056276 0.7781181674472165 1.5672161512357856 
0.08396182767722095 0.778082812309537 1.5671532234912113 
0.08386246583373153 0.7779716994237704 1.567121431317417 
0.0837633603411995 0.7779276013289742 1.5670693314310413 
0.0836645101763003 0.7778516139562347 1.567071280505465 
0.083565914321243 0.7778555605552421 1.567090642399979 
0.08346757176373132 0.7778058336435699 1.5670363002742467 
0.08336948149692687 0.7777456841618169 1.5670028551617061 
0.08327164251941216 0.7777134835103982 1.5670033046612573 
0.08317405383515308 0.7776682948008058 1.566977222927463 
0.08307671445346325 0.7775972335196483 1.5669444236448482 
0.08297962338896728 0.7775261122950263 1.5669878228155736 
0.0830319392355945 0.7774729079251178 1.5670163760332056 
0.08293517895265182 0.7773910381557371 1.567051701643229 
0.08283866445565384 0.7773254501503879 1.5670807291473015 
0.08274239477863721 0.7773275659107296 1.5670642889161042 
0.08264636896078062 0.7773022385994688 1.567030796659329 
0.08255058604636982 0.7772451690584687 1.566980931281765 
0.08245504508476403 0.7772078834679174 1.5669993904178177 
0.08235974513036151 0.7771125272695207 1.566973931387978 
0.08226468524256578 0.7770494491008902 1.5669606262726279 
0.08216986448575266 0.7769872279296921 1.5669280459253807 
0.08207528192923684 0.7769009272736522 1.566957622349079 
0.08198093664723877 0.7768146491851267 1.5669149585595314 
0.08188682771885242 0.7767643984218123 1.566902639786867 
0.08179295422801267 0.7767007934100503 1.566907948267519 
0.0816993152634635 0.7766096594383642 1.5669075817242686 
0.08160590991872561 0.7764738520833315 1.566848989706439 
0.08151273729206532 0.7764157904251621 1.5668713678835968 
0.08141979648646312 0.7763676297696134 1.5668931333295117 
0.08132708660958249 0.7762925935759387 1.5668765206365523 
0.08123460677373893 0.7762314015793246 1.5668579161819445 
0.08114235609586971 0.776201630147243 1.5668109716081418 
0.0810503336975032 0.776141832140689 1.5667883974502774 
0.08095853870472886 0.776050738553931 1.5667638732756712 
0.08086697024816748 0.77604335817357 1.5667859939582947 
0.08077562746294133 0.7759755861537967 1.5667425440499585 
0.08068450948864501 0.7758961484242991 1.5667524336641916 
0.08059361546931604 0.7758420034910263 1.5667558987063466 
0.08050294455340584 0.7758796751026755 1.5667776444480084 
0.08041249589375153 0.7759960485686801 1.5666440578907606 
0.08032226864754678 0.7759587755861551 1.5665279152340896 
0.080232261976314 0.7758757364107143 1.5664773271678696 
0.08014247504587611 0.7757924604847557 1.566480416279604 
0.08005290702632878 0.775780299288724 1.56654205315418 
0.0799635570920127 0.7756875902365039 1.5665274956414903 
0.07987442442148628 0.7755935866247569 1.5665907920298747 
0.07978550819749841 0.7755207660736362 1.5666477187513062 
0.08027015369467225 0.7755760108465761 1.566635451462761 
0.08018107048355506 0.7754593177174354 1.5666437243318534 
0.0803778129268273 0.7754790403272978 1.566678228066088 
0.08057386811096452 0.7754881121618374 1.566674642011187 
0.08048483706800685 0.7754497835909666 1.5667003042150474 
0.08039602037137537 0.7753833874184168 1.5666856730100722 
0.0803074172227294 0.7753157418140175 1.5666199670538312 
0.08021902682775582 0.7752905515693027 1.5665911989506052 
0.08013084839614285 0.7752321713825657 1.566608155442481 
0.08004288114155515 0.7751779562768695 1.5665980546286715 
0.07995512428160845 0.7752854948419503 1.5666063856776384 
0.07986757703784414 0.7754531843092349 1.5664774106914146 
0.07978023863570524 0.7754876363983375 1.5663372020934705 
0.07969310830451067 0.7754519771900436 1.566304646484171 
0.0796061852774317 0.7753874241373079 1.5663249706184343 
0.07951946879146703 0.7753135298663136 1.5664045155839685 
0.07943295808741913 0.7751878923703797 1.5664332696956507 
0.0793466524098699 0.7751001087759433 1.5664865636074885 
0.07926055100715744 0.7750031798809852 1.566514784940991 
0.07917465313135193 0.774936486125767 1.5665563065835653 
0.0790889580382327 0.7748473616573452 1.5665569210490262 
0.07900346498726485 0.7748010673875372 1.5665793954476475 
0.07891817324157605 0.7748245568508931 1.5665752850788892 
0.07883308206793391 0.7747588153998991 1.5665654309631223 
0.07874819073672353 0.7747042967096566 1.5665813521366574 
0.07866349852192422 0.7746718244859162 1.5665645787297076 
0.07857900470108796 0.7745774440966029 1.5665757722490332 
0.07849470855531691 0.7745317842350367 1.5665878458210016 
0.07841060936924107 0.7744530424573268 1.566577897806203 
0.07832670643099712 0.7744421789414804 1.5665781285136058 
0.07824299903220625 0.7743466367755014 1.566591855396882 
0.07815948646795262 0.7743427306270151 1.5665873672331283 
0.07807616803676236 0.7744123647601519 1.5664352903262027 
0.077993043040582 0.7743881559699856 1.566316605482239 
0.07791011078475754 0.774320644065382 1.5662556264316203 
0.07782737057801381 0.7742312517406768 1.5662514596821502 
0.07774482173243331 0.7741432850759367 1.566258547783257 
0.07766246356343598 0.7740718504115337 1.5662986526431446 
0.07758029538975862 0.7739829695520218 1.5663607293353796 
0.07777279829709668 0.7739758012981899 1.5663859487191756 
0.07837499025664618 0.7740608601427598 1.56639641354907 
0.07924643442627037 0.7742280796613742 1.5664348480463972 
0.07916313007628806 0.7741785416752168 1.5665053548174555 
0.079080016489413 0.7741092498040357 1.56652619575805 
0.07899709298986757 0.7741645872290078 1.5665396160592073 
0.07891435890511657 0.7742318260257597 1.5664022428581266 
0.07883181356584751 0.7741877699604198 1.5663243932662099 
0.07874945630595132 0.774118743806955 1.5662811847215443 
0.07866728646250318 0.7740658024706661 1.5663143560989283 
0.07858530337574264 0.7739875117183649 1.5663498183907045 
0.07863830943585752 0.7739972383593349 1.566425871648595 
0.07855656624744571 0.7739115975566027 1.5664527077444612 
0.07887821122528738 0.7739135329896171 1.5664772178780484 
0.0790646394941613 0.7740111923882493 1.566500557028108 
0.07898279696585903 0.774119400301596 1.5663733056147446 
0.07890113898448349 0.7740770534224795 1.5662881204099948 
0.07881966490628063 0.7740620821867477 1.5662652853534818 
0.07873837409053847 0.7739997036787369 1.5662799605846378 
0.07865726589956815 0.7739356910156404 1.566315745499223 
0.07857633969868627 0.773868474739133 1.5663757406691374 
0.07849559485619716 0.7738448629587557 1.5664179861901613 
0.07841503074337493 0.7737871633697102 1.5664382993913497 
0.07833464673444598 0.7737636071907629 1.5664764200783667 
0.07825444220657132 0.7736842594141273 1.5664625165344812 
0.07817441653982951 0.7736126068723165 1.5664699572830196 
0.0780945691171989 0.773534531721612 1.5665010570016986 
0.07801489932454136 0.7734935013315942 1.5665080462752135 
0.07793540655058447 0.7733909466588604 1.5665026038331353 
0.07785609018690481 0.7733192197057428 1.5665552981557924 
0.07777694962791168 0.7732613927954046 1.5665453764483972 
0.07769798427083005 0.7732145349744681 1.5665695859712916 
0.07761919351568386 0.7731476197720328 1.566542440864649 
0.07754057676528016 0.7731007911698594 1.5665358100760511 
0.07746213342519265 0.7730669421655365 1.5665062883234513 
0.07738386290374488 0.7731601389542049 1.5664727584658582 
0.0773057646119955 0.7733023828667412 1.5663584595146047 
0.07722783796372076 0.7732785340391767 1.5662165622000013 
0.07715008237539991 0.7732940244139442 1.5662411751271734 
0.07707249726619894 0.7733506596646017 1.5661067823962682 
0.07699508205795517 0.7732676547289236 1.5660280813950969 
0.07717891515412756 0.7732418490144743 1.5660590858413277 
0.0772319093808156 0.7731810344524962 1.566138093034849 
0.07715463238978744 0.7730869009525997 1.5661340181544494 
0.07733747130879659 0.7730610423039576 1.5661307679255503 
0.07726028657853984 0.772981112524228 1.566194409253463 
0.07770140682585504 0.773040561395752 1.5662293971403591 
0.07762407217559446 0.772959634116025 1.566257210898202 
0.07754690515455866 0.7728719712929402 1.5662780448875615 
0.07746990520068273 0.7727756867133964 1.5662299067021341 
0.07739307175445446 0.772729631101222 1.566224210884259 
0.07783109654514625 0.7727885728803303 1.5662607475984798 
0.078010839290554 0.7728092281518595 1.5662879342543374 
0.07831803798914451 0.7728379725601768 1.5662979210860501 
0.07824079437735282 0.7727768547166346 1.5663176895034594 
0.07816371670647326 0.7727084465297472 1.5663318548644332 
0.07821440705419036 0.772668968491609 1.5663986747049572 
0.07864685556729352 0.7727160819436878 1.5664324627850514 
0.07856968518859696 0.7726161872597134 1.5664981502808282 
0.07849267975594208 0.7725633581220462 1.5665459157479442 
0.07866942051086927 0.772521013281316 1.566559592393879 
0.07859251041001979 0.7724369477905719 1.5666140146800496 
0.07851576409890412 0.7723869082941779 1.5666519474796385 
0.07843918103789703 0.7722927824162736 1.5666731444588575 
0.07836276068978143 0.7723625684053952 1.566686985828916 
0.07828650251973476 0.7724369115457547 1.5665962497271704 
0.07821040599531599 0.772425410844323 1.5664780982804003 
0.07813447058645129 0.7723637154291209 1.56644347734163 
0.0780586957654219 0.7722542644136325 1.566445567596717 
0.07823433929460198 0.7722244475662241 1.5664706932324401 
0.07815865564709297 0.7721580635375729 1.5665253812787574 
0.07820844142403346 0.7721107168028476 1.5665897910351196 
0.0781329625659558 0.7720372174050025 1.566639851980801 
0.07843252933864173 0.772078418665433 1.5666591833858583 
0.07835702816591476 0.7721391951084666 1.5665333134274566 
0.07828168530881145 0.7721362864895399 1.566386713141804 
0.07820650025376587 0.7720608520990125 1.5663462653555553 
0.07813147248946878 0.7719788194780387 1.5663569250314282 
0.07818088141092275 0.7719237611840796 1.5664032626632178 
0.07810605492504435 0.77184855430634 1.566439755502948 
0.07803138443147598 0.7717774826707172 1.566505672257662 
0.07808075534780175 0.7717109468809339 1.5665215002223163 
0.07800628428909039 0.7716326433462609 1.5665697119159703 
0.07817911899188312 0.7716207805359738 1.5666069961099631 
0.07810473585982118 0.7715377995080648 1.5666107922435133 
0.07803050688146819 0.7714698035170412 1.5666292206136243 
0.07795643156258937 0.771403795630214 1.5666127889589252 
0.07788250941109637 0.7713729147390621 1.566626582772473 
0.07780873993703541 0.7713003438596114 1.5666320187626714 
0.07773512265257553 0.7712289187801615 1.5666105279385114 
0.07766165707199747 0.7712452459278875 1.5665922498080358 
0.07758834271168136 0.7711817684047783 1.5665495350281171 
0.07751517909009614 0.7711403174701299 1.5665612980009016 
0.07744216572778727 0.7710642356097936 1.5665788960337732 
0.07736930214736626 0.7710581845849132 1.5666034951268604 
0.07729658787349887 0.7711082329913158 1.5665008095685653 
0.07722402243289418 0.7710465283047794 1.5664303010969047 
0.07715160535429358 0.7709969426194416 1.566424681957312 
0.07707933616845959 0.7709511242076948 1.566414552945309 
0.07700721440816485 0.7709536593662724 1.5664149094549544 
0.07693523960818174 0.7710792188120271 1.566290512703086 
0.07686341130527087 0.7710616090141645 1.566251362357257 
0.07679172903817105 0.7709981928551276 1.5662645609841421 
0.07672019234758795 0.770938774158985 1.5662693988511467 
0.07664880077618422 0.7708527136807131 1.5662769251196336 
0.07694070622551977 0.7709235711032897 1.5663204066925906 
0.07686928649016121 0.7709151101446421 1.5661901943704368 
0.07679801112483516 0.7708560233744377 1.5661487337142852 
0.07672687967809486 0.7707834114266875 1.566142694783219 
0.07665589170040568 0.7707390966409614 1.566164963589011 
0.07658504674413469 0.7706857103687162 1.5662120773996475 
0.07687509432105322 0.7707209868872991 1.5662479191586764 
0.07752358104973348 0.7708862091448134 1.56628535675343 
0.0774522276206502 0.7709142274703253 1.5661785811134954 
0.07738101722881639 0.7708903081459679 1.566087079068805 
0.07730994943064612 0.770863454208089 1.5660652565135578 
0.07723902378441697 0.770798382375765 1.566044366449203 
0.0771682398502598 0.7707852168512109 1.566044686391724 
0.07709759719014961 0.7707280486012905 1.5660682897873148 
0.077027095367895 0.7706693970797682 1.5661026065714536 
0.07695673394912891 0.7706249109082383 1.5661170516955425 
0.07712400426965062 0.7707192357437176 1.566139389540665 
0.07705371884282607 0.7707518425144998 1.5660434433842496 
0.07698357291242018 0.7707210367505843 1.5659819852139778 
0.07691356605013472 0.7706532469771925 1.5659633590921898 
0.07684369782945236 0.7705852655292642 1.565979366436601 
0.07712827657730915 0.770615720138727 1.5660580797021444 
0.07705838242610301 0.7705863756257127 1.5660877862217717 
0.07698862621582447 0.7705170206039512 1.5661036393053522 
0.07750693699160363 0.7705991921212185 1.566169873375551 
0.077905938313584 0.7706470420927366 1.5662297201886244 
0.07783569766538213 0.770580379977517 1.566276017601309 
0.07799937105186447 0.770563272329578 1.5663474193385905 
0.07804591842111999 0.7705482030539305 1.5663718953918915 
0.07797579452306472 0.7705106661873184 1.5663710722549775 
0.07790580786899749 0.7704937568227028 1.566358943489767 
0.07783595804334868 0.770472972174628 1.5663707379674583 
0.07776624463225343 0.770461622502925 1.5663636409768915 
0.07769666722354246 0.7704736225885037 1.5663308193008754 
0.07762722540673371 0.7704293323748947 1.5663032491037274 
0.07755791877302327 0.77037226950275 1.5662945936681227 
0.07772044459164376 0.770355678243988 1.5663084354097034 
0.07834448301526917 0.7704628091893552 1.566345580425554 
0.07896565271202097 0.7706272517227919 1.5663856714387736 
0.0788955345270169 0.7706021233494295 1.566271555227069 
0.07882555199264056 0.7705483881216693 1.566254353556636 
0.0787557047028492 0.7705059962785212 1.5662404634022036 
0.07868599225324668 0.7704415521234552 1.5662624799044897 
0.07861641424107466 0.7703779358118679 1.5662544404917655 
0.07854697026520484 0.7702978247646265 1.5663034308146233 
0.0785919556986512 0.7702479371103781 1.5663102660249466 
0.07875093589456439 0.7702361793718305 1.5663528855365465 
0.0790233291012191 0.770244421881622 1.566408749695733 
0.07929484456820896 0.7702469576680374 1.5664574296176772 
0.07922521963610199 0.7701734505797863 1.5665163456347608 
0.07938243524708968 0.770194214731429 1.5665486715979284 
0.07931288979611725 0.7701643877765391 1.5664238929572207 
0.07924347710132731 0.7702106522491423 1.566416990077312 
0.07917419677059974 0.770268309259844 1.5663028828010706 
0.07910504841338298 0.7702529826793754 1.5662443413653597 
0.07903603164068704 0.7702123729130079 1.5662585726637501 
0.07896714606507499 0.7701350643715233 1.566297229474711 
0.07912360535043533 0.770105852502107 1.56632520697277 
0.07916723938818912 0.770066287617486 1.566360563549698 
0.07921077202549436 0.7700150744508837 1.5664022043582617 
0.07981429711656744 0.7701202749739186 1.566450564377484 
0.08019200161041551 0.7701633663220938 1.5664852703219365 
0.08012262107116279 0.7701197332796679 1.566533840082341 
0.08027615152133731 0.7701150751358729 1.5665071714720413 
0.08020685170137429 0.7700582951669438 1.5665513680599517 
0.0801376822594898 0.7700012737674178 1.5665936018742723 
0.08006864281611437 0.7699506014931973 1.5666427767979159 
0.08011069270434125 0.7699166190082952 1.5666673158847393 
0.0800418225793891 0.7698513499206703 1.566734524061939 
0.07997308148290241 0.7697597064934485 1.566718888896873 
0.07990446904081278 0.769735170456637 1.5667550159712889 
0.0798359848805212 0.7696820986725054 1.566736860091226 
0.07976762863089037 0.7696354479123964 1.5667058788098684 
0.07969939992223785 0.7696140979766178 1.5667069777377305 
0.07963129838632885 0.7696185709212943 1.5666572520901245 
0.07956332365636865 0.7695961745685466 1.5666292074336163 
0.0794954753669961 0.7695392817782862 1.5666260469298439 
0.07942775315427587 0.769520220181465 1.5666186960382533 
0.07936015665569214 0.769483425499054 1.566601349887709 
0.07929268551014122 0.7694545659355453 1.5666192469134408 
0.07922533935792445 0.7693980835218037 1.5666229520902801 
0.07915811784074168 0.7693535381155937 1.5666300351292923 
0.07909102060168423 0.7694399857993388 1.5666685861624858 
0.079024047285228 0.7694955645826661 1.5665472682337316 
0.0789571975372269 0.7694883976815214 1.5664781407414823 
0.07889047100490579 0.7694666651073949 1.566467785088988 
0.07882386733685415 0.7694260391253479 1.5664719516840866 
0.07875738618301921 0.7693658526824976 1.5664433663869608 
0.07869102719469918 0.7692971411760815 1.5664660212481367 
0.07862479002453707 0.7692486108811368 1.5665039751863232 
0.07899397819907343 0.7692910155743865 1.5665444863646543 
0.07936187657143619 0.7693425537941 1.566604521035183 
0.07929531785934413 0.7692537856890591 1.5666123084292751 
0.07922888078187874 0.7691803853919043 1.566653717478386 
0.07916256499508065 0.769173650191746 1.5667039505221174 
0.07909637015630848 0.7691427496909952 1.5666860815305124 
0.0791383169361958 0.7691072426834481 1.5666548796518336 
0.07907227830898744 0.76903670529512 1.56665461528855 
0.07943732239261903 0.7691076749520054 1.566650946551729 
0.07937118656792917 0.7690349953672625 1.5666758492767414 
0.07930517072579851 0.768952478142811 1.5667131957147333 
0.07966852211982094 0.7690031048598198 1.5667540503772361 
0.08013756765870754 0.7691041446628673 1.5667921893258319 
0.08007115938753702 0.7690529857876994 1.566796847765203 
0.08000487104998513 0.7689695212280474 1.5668076715839085 
0.08004535415993021 0.7689320620278344 1.566845282370235 
0.0802986706534323 0.7689697852858961 1.5668902098015625 
0.08023241007654988 0.7689346115210106 1.5669096222922507 
0.0801662686652232 0.7688772469482363 1.5669279037644213 
0.0801002460878012 0.7688389884666702 1.5669446501311834 
0.08003434201388367 0.7688490958777768 1.5669408377567904 
0.07996855611431489 0.7689389963859388 1.5668701324350796 
0.07990288806117789 0.7690637032643546 1.5667772391404902 
0.07983733752778854 0.7691918101949716 1.566665305614899 
0.07977190418868951 0.7692765719750492 1.5665775678773326 
0.07970658771964491 0.7693458788145201 1.5664454844014688 
0.07964138779763402 0.7693359324522681 1.5663197395815924 
0.07957630410084583 0.7692913866931546 1.5663192022797103 
0.07951133630867314 0.7692217118045386 1.5663365979574073 
0.07944648410170708 0.7691245061041025 1.5663404702801933 
0.0796973885495727 0.7691346697976851 1.5663829784414902 
0.07963252532299771 0.7690665261740685 1.566447629778858 
0.07956777713799115 0.7690713304715229 1.5664803753816947 
0.07950314367881098 0.7691235421707897 1.5663610933419951 
0.07943862463088923 0.7691224416258702 1.5662986531353376 
0.07937421968082663 0.7690765292648319 1.5662643198163928 
0.07930992851638692 0.769003430428712 1.5662653939211881 
0.07935032082525968 0.7689667648487061 1.5663235925515409 
0.07928617691647483 0.7688748570768353 1.5663582860137961 
0.07963937534356767 0.7689030077187772 1.5664164420914393 
0.08009535236482355 0.7689629251730252 1.5664587416857447 
0.08003083753166267 0.7688845812284404 1.5664955089104973 
