0.0 0.8252784698152701 1.6094379124341005 
0.0 1.3321408539285946 1.603914354699993 
0.0 1.4569062514608058 1.6074974414465077 
0.0 1.494113790574991 1.606950521389376 
0.0 1.5060777834481465 1.6073319339778958 
0.0 1.51155569585955 1.6076401950165693 
0.0 1.5129791804941464 1.6066432436808666 
0.0 1.5147934222150845 1.6064625488386683 
0.0 1.5140159815928553 1.606166534000912 
0.0 1.514115996114106 1.6062748177388788 
0.0 1.5148553501638036 1.6036400762580203 
0.0 1.5139930991044401 1.60180105962793 
0.0 1.512654852850581 1.6012958222921048 
0.0 1.5112704278087377 1.6012867091106067 
0.0 1.5094404283996563 1.5999120306153465 
0.0 1.5108660028822658 1.6020653002946277 
0.0 1.5129397007905216 1.604348334995109 
0.0 1.514346137292113 1.6055027737384853 
0.0 1.5147443607884203 1.606194383794762 
0.0 1.514507785194519 1.6053697875444641 
0.0 1.514409045452692 1.60510351283865 
0.0 1.515415955404489 1.605077053991248 
0.0 1.5159861857137076 1.6044730182535483 
0.0 1.5161904949200042 1.604704268895489 
0.0 1.5166191938553741 1.6047605650872647 
0.0 1.516727349438949 1.6045128778879667 
0.0 1.5166704598447145 1.6044513955007598 
0.0 1.516712818456956 1.604335351935386 
0.0 1.5168342493311449 1.6037997101299988 
0.0 1.5175809915850613 1.6035921207585135 
0.0 1.5177964380207194 1.6035579369124409 
0.0 1.517603679097732 1.6040024778342126 
0.0 1.5176616493864805 1.6040577525322268 
0.0 1.5180437722058797 1.6042592374270097 
0.0 1.5182107139171575 1.6041361185828904 
0.0 1.518290795418918 1.6042936306858941 
0.0 1.518364115619266 1.6046365867143302 
0.0 1.5184800694632903 1.6042197849475377 
0.0 1.5182431361390407 1.6041384314876166 
0.0 1.5182854222456514 1.6037028143068972 
0.0 1.5186845272465823 1.6032701353420797 
0.0 1.518745098318126 1.603158599803101 
0.0 1.518508081438448 1.602688257613744 
0.0 1.5181262592824742 1.6020718146979196 
0.0 1.5178111484079966 1.6015698382177115 
0.0 1.5177646741273516 1.6015256092449106 
0.0 1.5176657548510666 1.6011003285097494 
0.0 1.5176492861397959 1.6009782396017678 
0.0 1.5174850777019735 1.600878421187082 
0.0 1.5173725485408844 1.6006082595767093 
0.0 1.517448338369791 1.6004601854144973 
0.0 1.517604047449712 1.600569025743411 
0.0 1.5174338277560404 1.6003869813007556 
0.0 1.5174810743366873 1.6002876826703023 
0.0 1.517484420304964 1.6003253531837 
0.0 1.5175671321108322 1.6002526261019805 
0.0 1.5176284938666131 1.6001887561800898 
0.0 1.517779608663423 1.6002104576895322 
0.0 1.5178835527849512 1.600124669325009 
0.0 1.518006717613842 1.600438741114882 
0.0 1.5181122950590369 1.5999870610003128 
0.0 1.5178895192379092 1.5997386058544836 
0.0 1.5178272778695603 1.5996525767691048 
0.0 1.5179277058036325 1.5995219045484745 
0.0 1.5177920071053612 1.5989844804454991 
0.0 1.5175782313031532 1.5990420936583016 
0.0 1.517193045673292 1.5987815155535723 
0.0 1.517043675876207 1.5983228118001813 
0.0 1.517013090099267 1.5979879356138251 
0.0 1.5168349186368555 1.5975923734777266 
0.0 1.5168478942101535 1.5976988426721783 
0.0 1.5170179326347588 1.597425913303951 
0.0 1.5171420475020356 1.5974575071399717 
0.0 1.5173330802425726 1.5973599238931138 
0.0 1.5174492314473855 1.5971083465311295 
0.0 1.5176499165398554 1.5968721835117077 
0.0 1.5177596156101067 1.5967105064351395 
0.0 1.5176901109200704 1.5965366611115779 
0.0 1.5174824162914644 1.596580330946446 
0.0 1.5174574050329543 1.5967476816143138 
0.0 1.5176515315863477 1.5963675819745045 
0.0 1.51756065024863 1.5963652211737258 
0.0 1.5176725247863476 1.5963489478067667 
0.0 1.5179050722968528 1.5963387693252271 
0.0 1.5178872199933369 1.5962088229496367 
0.0 1.5178875628661574 1.5963478569044423 
0.0 1.517898146841643 1.5964619082942797 
0.0 1.517934722805865 1.5961203761291165 
0.0 1.518136893351226 1.5961157454934167 
0.0 1.5182978606188253 1.5961353329652197 
0.0 1.5181879608970943 1.596070318011643 
0.0 1.5183642603341163 1.596115674456537 
0.0 1.518451785314463 1.5959928159703476 
0.0 1.5183952663565767 1.5961133489770056 
0.0 1.5184498832240765 1.5961077614886416 
0.0 1.5184136982585135 1.596151873620121 
0.0 1.518336337392602 1.5960541812078488 
0.0 1.5183109226862002 1.5960891631951386 
0.0 1.5181710783581261 1.5960175709599067 
0.0 1.5180948172345914 1.5960503084761868 
0.0 1.5181849166221213 1.596156033453496 
0.0 1.518205065351275 1.5962967234785297 
0.0 1.5181599960385859 1.5962066781100226 
0.0 1.5179732083268098 1.5960129398473981 
0.0 1.5177167914696972 1.5958832434114596 
0.0 1.5174642353092207 1.5957711957021161 
0.0 1.517253285711078 1.5956241479732807 
0.0 1.5170420230619666 1.59544863085243 
0.0 1.5168143345659957 1.5952863728802873 
0.0 1.516611959760285 1.5951606427105227 
0.0 1.5164070137488042 1.5951750505604023 
0.0 1.5161734948879118 1.5950932777510505 
0.0 1.5158658518906447 1.594948303421577 
0.0 1.5155878477854607 1.5949925910214773 
0.0 1.5152211437999912 1.5948974933776943 
0.0 1.514867715862209 1.5947905027086147 
0.0 1.5146263815890506 1.5946442498249433 
0.0 1.5144394788862467 1.5946660955319527 
0.0 1.5142768001418314 1.594782853605456 
0.0 1.5141022297499755 1.594594466766371 
0.0 1.5138395731059229 1.594547103902851 
0.0 1.5136071909380238 1.5944427667272314 
0.0 1.5134562353060144 1.5943756831121807 
0.0 1.5133257436740244 1.5942100059743725 
0.0 1.5132537931143406 1.5942734003664265 
0.0 1.513159841715356 1.594308621343709 
0.0 1.5130505312270632 1.5943313225363702 
0.0 1.5129753172071145 1.5943175627390176 
0.0 1.5129038166866122 1.5944051565082245 
0.0 1.5127438776803863 1.594412615806821 
0.0 1.5125620503989563 1.5943130081283279 
0.0 1.5124781744667142 1.5942003629668846 
0.0 1.512432672931035 1.5942051275807352 
0.0 1.5123095476956705 1.5941757119639481 
0.0 1.5121544485141747 1.5940542121247063 
0.0 1.5120614298137935 1.5939974648224848 
0.0 1.5119731215876344 1.5940129633836198 
0.0 1.5118811897378983 1.594013878253017 
0.0 1.5117063946502747 1.5938948012240792 
0.0 1.5115101461101388 1.5937295017684092 
0.0 1.5113219472128936 1.593586536569294 
0.0 1.5110764003688528 1.5935386445503168 
0.0 1.5109413405770906 1.5935547646385113 
0.0 1.510960461604919 1.5936380482888035 
0.0 1.5108739129813042 1.593599217726398 
0.0 1.5108029305407733 1.5935424089782548 
0.0 1.510707824381808 1.593625035039317 
0.0 1.5106748113574844 1.5935557589925202 
0.0 1.5106147920670123 1.5936069777595074 
0.0 1.510586136816712 1.5936282798520296 
0.0 1.5104810073101962 1.593580337730923 
0.0 1.5103488936833402 1.5934936045387111 
0.0 1.5103747485506132 1.5934796765692751 
0.0 1.5103541282290056 1.5934816857999063 
0.0 1.5101838469017326 1.5933796418979864 
0.0 1.5100410437430145 1.5932445780890157 
0.0 1.5100241997187613 1.5932676212495969 
0.0 1.5100269151137484 1.5933081148056456 
0.0 1.509934985456324 1.593402898820683 
0.0 1.5097711061273449 1.5933608143484406 
0.0 1.509630302539182 1.5933404975771306 
0.0 1.50962188721968 1.593339857966302 
0.0 1.50955416594976 1.5933086819200322 
0.0 1.5093728389476648 1.5933567712841616 
0.0 1.5091257942150138 1.5932787878121595 
0.0 1.5089950605811824 1.5932795997685338 
0.0 1.5090083623047785 1.5932120846233142 
0.0 1.5089282581792733 1.5930829590579783 
0.0 1.5089255624784894 1.593022890743423 
0.0 1.5089533735932912 1.5929775186936852 
0.0 1.5089940834094926 1.5929590153387356 
0.0 1.509055196341764 1.5929904613445474 
0.0 1.5090791305359406 1.5930919199122373 
0.0 1.509077944079332 1.5931169457751366 
0.0 1.5090204526283426 1.5930592223785882 
0.0 1.5088512574211432 1.5928981655364192 
0.0 1.5087505291671133 1.592882078447952 
0.0 1.5086546057564167 1.5928999888018376 
0.0 1.5085063979865494 1.5928249964354073 
0.0 1.5083382317335305 1.5927429363622925 
0.0 1.5082202656848787 1.5925605512691134 
0.0 1.5080975391266922 1.5924859239980336 
0.0 1.5079317464137176 1.5923642060600873 
0.0 1.5078198883349547 1.5922660681268188 
0.0 1.5076848470969513 1.592195726919033 
0.0 1.5076282029130814 1.5922815495545193 
0.0 1.5076354296010908 1.592233189974532 
0.0 1.5075790175085224 1.5921212097833375 
0.0 1.5075643682330684 1.592123675869464 
0.0 1.5075330676486987 1.5921129033660797 
0.0 1.5074482460496408 1.5920171430002812 
0.0 1.507385636493778 1.5920769301091142 
0.0 1.5074542688780919 1.59208215032283 
0.0 1.5074863975486754 1.5920648543533298 
0.0 1.5074446836884992 1.5920009454424053 
0.0 1.5073815555925703 1.5920158980635732 
0.0 1.5072978901931378 1.592094231516851 
0.0 1.5072214641218438 1.5920066462880476 
0.0 1.5070373773299868 1.5919140067077622 
0.0 1.5069164898408287 1.5918776177638057 
0.0 1.5068140240881556 1.5917646904110532 
0.0 1.5068166975587693 1.5917685218244253 
0.0 1.5067901904547019 1.5917805652488395 
0.0 1.5067111045851862 1.591766944105159 
0.0 1.5066491657248373 1.5918481968985159 
0.0 1.5065855601030251 1.5918295596013543 
0.0 1.5065397011038104 1.5918107335717635 
0.0 1.5065952266497622 1.5918039177475374 
0.0 1.5067090547645339 1.5918283783112834 
0.0 1.5066872096916208 1.591839731385204 
0.0 1.5067118900945415 1.5917739856529507 
0.0 1.5067368018487823 1.5917667232403572 
0.0 1.5067356896003476 1.5917594990781425 
0.0 1.5067016776309519 1.5917054972343827 
0.0 1.5066186254210316 1.5917684175851923 
0.0 1.506555104803935 1.5917939439205009 
0.0 1.5065575084880292 1.5917445423727201 
0.0 1.5065224332683076 1.5917896573314754 
0.0 1.5064586802453097 1.591744650073423 
0.0 1.5063707470273764 1.591731110166352 
0.0 1.5062684330075473 1.5917604939348118 
0.0 1.506196661483327 1.5917308680709796 
0.0 1.5061591313572498 1.5917097450248616 
0.0 1.506098981588828 1.5917054441768754 
0.0 1.5059867563442983 1.591710861904903 
0.0 1.505933489032597 1.5917398002553005 
0.0 1.505864917942436 1.5917149255769358 
0.0 1.505802068362363 1.591730931074292 
0.0 1.5057190995524081 1.5917244409080773 
0.0 1.5056443233462355 1.5917573164952787 
0.0 1.5055637581503192 1.5917559705890696 
0.0 1.5055550167849847 1.5918217944679751 
0.0 1.505544096466869 1.5918827284620582 
0.0 1.50552434951925 1.5918732168249816 
0.0 1.5054351814489486 1.5918715267254653 
0.0 1.5053598350015471 1.591819883641254 
0.0 1.505326427940374 1.591812293414944 
0.0 1.5052852580064127 1.5918160144144156 
0.0 1.5051948719849433 1.5918723784518707 
0.0 1.5051024063980902 1.5918474571953536 
0.0 1.505131322060451 1.591793404484573 
0.0 1.5051864489272793 1.5917796513395424 
0.0 1.5053025623637117 1.591812630486487 
0.0 1.5054192208278738 1.5917705851852737 
0.0 1.5054662110388086 1.59176479712735 
0.0 1.5054520577474868 1.591716833450437 
0.0 1.5054316799835408 1.591702850795407 
0.0 1.505404639045877 1.591739185670296 
0.0 1.5053673473994287 1.5917443699242575 
0.0 1.5052916501852944 1.5917223107511167 
0.0 1.5052591624871614 1.591690433088662 
0.0 1.50523634175077 1.591658291397784 
0.0 1.5052181287648663 1.591682507006655 
0.0 1.505151442621437 1.5916372363678963 
0.0 1.5051739191493074 1.5916279537124165 
0.0 1.5051776195497644 1.5916559419214542 
0.0 1.5052404282398208 1.5916035785669247 
0.0 1.5053439957344326 1.5915647726662714 
0.0 1.5053620140792918 1.5915365303802456 
0.0 1.5053164578916516 1.5915414385010875 
0.0 1.505278942526485 1.59156095599219 
0.0 1.505346283287057 1.591538427481157 
0.0 1.5054338591278498 1.5915353356689979 
0.0 1.5055104114214477 1.591518793147601 
0.0 1.5055663103078218 1.5914816747656806 
0.0 1.505656742851441 1.5915318278166204 
0.0 1.5056750866375186 1.5915470694632088 
0.0 1.5057404643547065 1.5915307119963815 
0.0 1.505809580882364 1.5915933136545175 
0.0 1.5058681592670575 1.591660624118852 
0.0 1.5059106936632383 1.591691202449981 
0.0 1.5059119418477864 1.5917703345210001 
0.0 1.5059616104887181 1.591785508430978 
0.0 1.5059743968542332 1.591811227204403 
0.0 1.5060665431096107 1.5918279229607302 
0.0 1.5061884017999299 1.591879539000298 
0.0 1.5062417617721002 1.591895584023546 
0.0 1.5061974832696534 1.5918878358895767 
0.0 1.5062102630081362 1.5918118330392523 
0.0 1.5062716582149187 1.5918450695901232 
0.0 1.5063097908977754 1.591827964228675 
0.0 1.506342851052542 1.5918421871099229 
0.0 1.506392986601581 1.5918666727452506 
0.0 1.5064092624477703 1.5918479909968684 
0.0 1.5064624713625088 1.591828646597758 
0.0 1.5065220424329693 1.5918440767266637 
0.0 1.5065836819781684 1.5918408724538222 
0.0 1.5066594216817821 1.5918396242289359 
0.0 1.506668234088486 1.591852853999148 
0.0 1.5066698038677826 1.5918441935482952 
0.0 1.506641064093809 1.5918438389341425 
0.0 1.5066160046431494 1.5918184123339372 
0.0 1.506653658513969 1.5918499073920167 
0.0 1.5066597202071543 1.591764549344288 
0.0 1.5066669528250318 1.59175523019506 
0.0 1.5066611910044372 1.5917296378145287 
0.0 1.5066282023397837 1.5916848732530278 
0.0 1.5066467331249274 1.5917264965929807 
0.0 1.5067109823660452 1.5917485672577758 
0.0 1.5067329149158752 1.591811382030771 
0.0 1.5067476157783282 1.5917368203239803 
0.0 1.5068123633947417 1.5917431064528882 
0.0 1.5068953791442279 1.5918072024741174 
0.0 1.5069303756196442 1.5918751965100104 
0.0 1.5069642183491172 1.5918725367274569 
0.0 1.5069807037214393 1.5919163861703076 
0.0 1.5070076625487787 1.5919196363814465 
0.0 1.5070746657695853 1.591964833411327 
0.0 1.5071182705881152 1.5920385247144808 
0.0 1.5071596396786224 1.5919816516021181 
0.0 1.5071558535060938 1.5919075619587097 
0.0 1.507190036522329 1.5919660228142392 
0.0 1.5071764400244856 1.5919772990359713 
0.0 1.5072175902172378 1.5920175682715199 
0.0 1.5072617693140133 1.5920003949056425 
0.0 1.5072431715357548 1.5919940130344692 
0.0 1.507210638576866 1.5918846073755337 
0.0 1.50726084340223 1.5918284930620343 
0.0 1.5073346950272006 1.5918824445594797 
0.0 1.507380067563464 1.5918618789165062 
0.0 1.5074235172802923 1.5919323016123954 
0.0 1.5074809468796315 1.5919434757476838 
0.0 1.5074970819387858 1.5918962242554682 
0.0 1.5074824341023763 1.5918783057517607 
0.0 1.5074262692805138 1.5919334148866078 
0.0 1.5074566270269811 1.5920049768502356 
0.0 1.5074743527869545 1.591995428146026 
0.0 1.5074312178502691 1.5919348642678084 
0.0 1.5073805454531415 1.5918964091538996 
0.0 1.5073427128650885 1.5918405816881598 
0.0 1.507291195497766 1.5918132067839756 
0.0 1.5072531413576455 1.5918016053250552 
0.0 1.5072960715126578 1.5918499066525966 
0.0 1.507342628461 1.5918369099727576 
0.0 1.5073366302748779 1.5918199139799236 
0.0 1.5073600117698172 1.59185245292099 
0.0 1.5074192840282885 1.5919031547653066 
0.0 1.5074396296212051 1.5919431974616505 
0.0 1.5074858439515386 1.592034446147178 
0.0 1.5075075485900076 1.5920400052928658 
0.0 1.507532690534023 1.5920662697792156 
0.0 1.507561686631307 1.592030388240179 
0.0 1.5075863732102492 1.5920097067621644 
0.0 1.5075739160313752 1.5919950896219601 
0.0 1.5075810450914036 1.592036397469133 
0.0 1.5076541311368263 1.5920759076946611 
0.0 1.5077072015782618 1.5920862210097997 
0.0 1.507730586199969 1.5921308633377982 
0.0 1.5077199943499475 1.5920939377006207 
0.0 1.5077407120373116 1.5920825479319176 
0.0 1.5077302616100359 1.5920859566396832 
0.0 1.5076873949051308 1.5920531718208393 
0.0 1.5076273062532513 1.591977287703421 
0.0 1.5076198453929908 1.5919962571272237 
0.0 1.5076388165233048 1.5919603725039622 
0.0 1.507568965555672 1.5918946399290308 
0.0 1.5075038379179129 1.591939058993589 
0.0 1.507486567611569 1.591922972627671 
0.0 1.5074647396180658 1.5919224907415217 
0.0 1.5074270107003078 1.5919471421549034 
0.0 1.5074103371173804 1.5919496570712015 
0.0 1.507367258157361 1.5918967694115003 
0.0 1.507299645660117 1.5918436071745317 
0.0 1.5073235986323963 1.5918626527613853 
0.0 1.5073268908951813 1.5918240666460615 
0.0 1.5073109430312068 1.5918119405148423 
0.0 1.5072788927300194 1.5917893821691913 
0.0 1.5072675625208223 1.5917937667716526 
0.0 1.5073177297938354 1.5917911912538794 
0.0 1.5073705319116293 1.5918346068503 
0.0 1.5074040473760828 1.5918670092029834 
0.0 1.5074602582312508 1.5918941859403972 
0.0 1.5075098062883587 1.5919121073819618 
0.0 1.5075393207428953 1.5919711459177337 
0.0 1.5075258288464175 1.5920002465225418 
0.0 1.5074742771811889 1.5919544527326321 
0.0 1.5074069081018637 1.5919710448167483 
0.0 1.5073769314286982 1.5919306604038024 
0.0 1.5073490995561722 1.5919626303837355 
0.0 1.5073367230176984 1.591965641215958 
0.0 1.507289816984948 1.5919619667040785 
0.0 1.5072289871600242 1.5919505050880884 
0.0 1.507233371959399 1.5920064575236996 
0.0 1.5072378665711028 1.5920138427897883 
0.0 1.50722237291838 1.5920178852520372 
0.0 1.5071926307535266 1.5920730881844776 
0.0 1.5071232852820373 1.5920382928574894 
0.0 1.507134374455228 1.5919991847646444 
0.0 1.5071503903246288 1.592049154318728 
0.0 1.5071498243776167 1.5920177569884868 
0.0 1.5071383327412404 1.59199817187177 
0.0 1.5071195384053389 1.591988281177125 
0.0 1.5071071058948242 1.5918979033465879 
0.0 1.5070969813300694 1.591884770564496 
0.0 1.5070686855402877 1.5919007036586166 
0.0 1.507028544200808 1.5919026976465613 
0.0 1.507042809820509 1.5919235101242155 
0.0 1.5071038982276639 1.591924572376128 
0.0 1.507119463715469 1.591966317625946 
0.0 1.507065402893012 1.5919909783969488 
0.0 1.5070306786400482 1.59196315329626 
0.0 1.5070319918873043 1.5920078466347674 
0.0 1.507079845996008 1.5920285210307428 
0.0 1.5071010128943254 1.5920572583909927 
0.0 1.5070807654133445 1.592084174736157 
0.0 1.5070598961229693 1.5921071507941051 
0.0 1.5070009472044776 1.592106633381877 
0.0 1.5069731683738756 1.5920980514574663 
0.0 1.5069643760832905 1.592087066485329 
0.0 1.5069483587245063 1.5920964296972295 
0.0 1.5069225282834027 1.5921081660356806 
0.0 1.5068771576351019 1.5921347031744415 
0.0 1.5068395988692025 1.5921768112014427 
0.0 1.50685177787349 1.592155522947292 
0.0 1.5068563288879262 1.592146087633709 
0.0 1.5068372276218962 1.592127681787887 
0.0 1.5068625907334376 1.5921220163241854 
0.0 1.5068754660815007 1.5921371102774782 
0.0 1.5069077257491605 1.5921315695996414 
0.0 1.5069441235441228 1.592096630140062 
0.0 1.506951406649678 1.5921278428937296 
0.0 1.506930711397816 1.5921252502382046 
0.0 1.506875417229856 1.5921342617525323 
0.0 1.50686861439712 1.5921454034310056 
0.0 1.5068791136566344 1.5921469469887177 
0.0 1.50688321965115 1.592171575425792 
0.0 1.5068357875467493 1.5922134110174935 
0.0 1.5068370428278537 1.5922124855497637 
0.0 1.5068505631910898 1.5922515295611956 
0.0 1.5068575819865897 1.5922768150352906 
0.0 1.506875533542573 1.5922499366084697 
0.0 1.5068562089425803 1.592250571449881 
0.0 1.5068025343565328 1.5922490921419958 
0.0 1.5067633441918478 1.5922327577492361 
0.0 1.5067472900512888 1.5922294740566334 
0.0 1.506732157687686 1.5922460116069925 
0.0 1.506745213148183 1.5922358255934044 
0.0 1.5067648090646975 1.5922384254941568 
0.0 1.506737881885277 1.592219952866502 
0.0 1.5066962517246598 1.5922305233239984 
0.0 1.506655997493659 1.592232009622398 
0.0 1.5066221433544411 1.5922721007909109 
0.0 1.5065940466635899 1.5922765160043733 
0.0 1.5065417461889818 1.592293562527125 
0.0 1.5065353985963275 1.5922743193838522 
0.0 1.50654957142238 1.5922729682224297 
0.0 1.5065737288027343 1.5922890028341905 
0.0 1.5066024995992562 1.5923177838366798 
0.0 1.5066025438760609 1.5923400219865225 
0.0 1.5065785487686718 1.592351566757122 
0.0 1.5065419872745787 1.592350276835741 
0.0 1.5065516945252049 1.592374131074668 
0.0 1.5065817237330836 1.5923735654623776 
0.0 1.5065803792008583 1.5923917221680832 
0.0 1.5066019448939356 1.5923969391091295 
0.0 1.5066043796836641 1.5923737451362934 
0.0 1.5065911316549139 1.5923695539156693 
0.0 1.5065537419203006 1.5923541846404685 
0.0 1.506515659620669 1.5923400983938836 
0.0 1.5064611325319315 1.5923471788381944 
0.0 1.5064267231694717 1.5923255775699405 
0.0 1.5064395269712234 1.592345291769602 
0.0 1.5064279487892787 1.5923121286781061 
0.0 1.5063902943869467 1.5923621911370267 
0.0 1.5063890764754404 1.592361914289526 
0.0 1.5063750712432515 1.5923648701492443 
0.0 1.5063748166378277 1.5923763235082127 
0.0 1.5063791754680724 1.5923754821502718 
0.0 1.5063700379162515 1.5923879160245997 
0.0 1.5063502312003931 1.5924032644074906 
0.0 1.5063057718133652 1.592446447413053 
0.0 1.5062532053284148 1.592462610954529 
0.0 1.5062251451773134 1.5924376432083525 
0.0 1.5062344551212694 1.5924367663781376 
0.0 1.5062384786020606 1.5924293442791069 
0.0 1.5062266214101028 1.5924417326371134 
0.0 1.5062185030737372 1.5924437070405646 
0.0 1.5062318676444322 1.5924281924735117 
0.0 1.5062246143258546 1.5924355448451377 
0.0 1.5062189095224279 1.5924129734531496 
0.0 1.5062101487938264 1.5924088741870854 
0.0 1.5062155915190913 1.5924022697994327 
0.0 1.5062149693931155 1.5924140347991742 
0.0 1.506217656310097 1.5924284955246015 
0.0 1.5062268182083924 1.5924397075536745 
0.0 1.506203932677365 1.5924741246941245 
0.0 1.5061735530137403 1.592444169802801 
0.0 1.50616377313925 1.5924420214291484 
0.0 1.5061575293466969 1.5924620636175015 
0.0 1.506184149534096 1.5924596784731957 
0.0 1.5061909870827528 1.5924639979735011 
0.0 1.5061744636669752 1.5924846533052415 
0.0 1.5061815436850217 1.5924676222224843 
0.0 1.5061977092956202 1.5924772966565188 
0.0 1.5062108963938685 1.592445821425701 
0.0 1.5062048618095565 1.5924417023732609 
0.0 1.5061856954897601 1.5924315050101245 
0.0 1.5061509703417708 1.592423657703997 
0.0 1.5061289304839471 1.5924309173786708 
0.0 1.5061399297039477 1.592434034287456 
0.0 1.5061433627872847 1.592459416223517 
0.0 1.5061521300488083 1.5924646985069653 
0.0 1.5061434722673877 1.5924498123442634 
0.0 1.506143897981101 1.5924625387998734 
0.0 1.5061454080081151 1.5924826628642093 
0.0 1.5061278685978736 1.592485711736868 
0.0 1.5060912502244204 1.59252079612237 
0.0 1.506072680413654 1.5925540287010191 
0.0 1.5060833774215348 1.5925548014785607 
0.0 1.5060836398601023 1.5925534313612515 
0.0 1.5060989439089003 1.5925701477278562 
0.0 1.5061144180936794 1.5925254881400497 
0.0 1.5061142982910019 1.5925233360475546 
0.0 1.5060876436611663 1.5925491750579461 
0.0 1.5060552951202284 1.5925195328768107 
0.0 1.5060436901959915 1.592525391544379 
0.0 1.5060556615671845 1.592534770694632 
0.0 1.506055696097352 1.5925372804056428 
0.0 1.5060401041610936 1.5925538921542266 
0.0 1.5060436264430694 1.5925532542212666 
0.0 1.5060172085751669 1.592554268668577 
0.0 1.5059990867728232 1.5925770943207733 
0.0 1.5059960960980678 1.5925904268138726 
0.0 1.5060024089976976 1.5926034311674835 
0.0 1.5060104817762265 1.5925871093281683 
0.0 1.5060319681803822 1.5925874960934094 
0.0 1.5060424394397067 1.5925728111446804 
0.0 1.5060338171445573 1.5925900992378905 
0.0 1.5060345664914643 1.5925852024769764 
0.0 1.5060536586812285 1.5925994505451042 
0.0 1.5060661730296134 1.5926044223060276 
0.0 1.5060942509632371 1.592646884680579 
0.0 1.5060936469396273 1.5926618315177823 
0.0 1.5060778788045797 1.5926643474334914 
0.0 1.5060847680267524 1.5926639491670525 
0.0 1.5060780957688549 1.5926741783139613 
0.0 1.506061849886347 1.5926746320627407 
0.0 1.506040706678428 1.5926803725475889 
0.0 1.5060192701487236 1.592699776281088 
0.0 1.5059930469937608 1.592695821188773 
0.0 1.5059978766772326 1.5927043417362508 
0.0 1.5060036182194065 1.5927187312936353 
0.0 1.5060141563612524 1.5927345190783475 
0.0 1.5060419398982399 1.5927463625473215 
0.0 1.5060431201038877 1.5927146475892258 
0.0 1.5060205955686021 1.5927510727234624 
0.0 1.506029766139182 1.5927718597750145 
0.0 1.5060304769171697 1.5927682498388591 
0.0 1.5060020075440272 1.5927685029571446 
0.0 1.5059851288367525 1.5927408391700193 
0.0 1.505938741805099 1.5927670438320114 
0.0 1.5059492872079434 1.5927731183348572 
0.0 1.5059733717596637 1.5927814826422437 
0.0 1.5059838170000568 1.5927926260772192 
0.0 1.5059970337348942 1.592809533831034 
0.0 1.5059875443092352 1.5927837586231208 
0.0 1.5060023362605903 1.592786014329262 
0.0 1.5060049379286722 1.592785516187121 
0.0 1.5060292871612508 1.5927904168209817 
0.0 1.5060211264313756 1.5927886147303125 
0.0 1.5060364843597112 1.592781408955845 
0.0 1.506032722005716 1.5927726277080412 
0.0 1.5060189863149729 1.5927840789739913 
0.0 1.50602454266147 1.5927579080561987 
0.0 1.5060338998523854 1.592772019792945 
0.0 1.5060422962592075 1.5927780662536022 
0.0 1.5060675003942083 1.5927839461387219 
0.0 1.506057391670811 1.5927876569434671 
0.0 1.5060245318580319 1.5927932796954871 
0.0 1.5060088319082117 1.5928233167062769 
0.0 1.5059992961883177 1.592849730293257 
0.0 1.5060043385224788 1.592846052783704 
0.0 1.506021314492185 1.592845302456944 
0.0 1.506036532143278 1.5928314505294914 
0.0 1.5060299054219284 1.5928312446489405 
0.0 1.5060252026161633 1.5928124238430155 
0.0 1.5060096386044808 1.59280691808274 
0.0 1.5060271267786869 1.5928199154978047 
0.0 1.506052544847376 1.5928340114104251 
0.0 1.506068325606602 1.592825665591297 
0.0 1.506092246718443 1.5928250571572486 
0.0 1.5060936070693463 1.592824698823423 
0.0 1.5061195649402035 1.5928126077012639 
0.0 1.5061326965363728 1.5928077858407013 
0.0 1.506139077244175 1.5928401195161517 
0.0 1.5061188593214205 1.592841004862262 
0.0 1.5060936284054864 1.5928376095661017 
0.0 1.5060882686788295 1.5928167137261278 
0.0 1.5061115537508536 1.5928297715541597 
0.0 1.506149968248424 1.5928339333025778 
0.0 1.506179597490767 1.5928590248827181 
0.0 1.5062072259963004 1.5928587439664443 
0.0 1.506212620892279 1.5928489445759335 
0.0 1.5062370789782542 1.5928562682438687 
0.0 1.506262676378683 1.5928536513373643 
0.0 1.5062699216078617 1.5928554348507005 
0.0 1.5062427496266468 1.5928317903460187 
0.0 1.5062125896098846 1.592839157425295 
0.0 1.506219000466578 1.5928025582416272 
0.0 1.5062523251921627 1.592815268380986 
0.0 1.5062741134781723 1.5928034949832353 
0.0 1.5062836567208024 1.5928181951583906 
0.0 1.5063160116812087 1.592781714219433 
0.0 1.5063384827694608 1.5928103579065958 
0.0 1.5063168428599416 1.5927833245545986 
0.0 1.5062713608461988 1.5927448960979884 
0.0 1.5062721343024412 1.592748715897086 
0.0 1.5062864361195258 1.5927522962783955 
0.0 1.5062842194895751 1.5927561781909194 
0.0 1.5062675901235654 1.5927577105534492 
0.0 1.5062412640080824 1.5927780697834502 
0.0 1.5062459518584403 1.592777827629595 
0.0 1.506264253427911 1.592781149190812 
0.0 1.5062688216319589 1.5927928137466156 
0.0 1.5062886387431833 1.592779568937772 
0.0 1.5063158205374536 1.5927941423618746 
0.0 1.5063330259609455 1.5927914878693785 
0.0 1.506330749371319 1.5927776368682298 
0.0 1.5063404930198705 1.592770747852523 
0.0 1.5063498968084426 1.5927853156592706 
0.0 1.5063234081200894 1.5928018082924091 
0.0 1.5062981601535872 1.5928154472296452 
0.0 1.506265851534227 1.5928124871207845 
0.0 1.506258212724258 1.592824321389125 
0.0 1.5062702598309936 1.5928194818927077 
0.0 1.5062915146998568 1.5928285916477485 
0.0 1.5063165126544542 1.592809872260937 
0.0 1.5063319540965572 1.5928009327894517 
0.0 1.506297897521326 1.5927800672669103 
0.0 1.5063042823713233 1.5927818835779461 
0.0 1.5063190432676532 1.5927984029839415 
0.0 1.5062792353289916 1.5927882064183898 
0.0 1.5062650160076831 1.592787130058177 
0.0 1.5062732632169218 1.5927813010726546 
0.0 1.506280257844467 1.5927934774419064 
0.0 1.5062773556094518 1.5928239275070462 
0.0 1.5063078223551263 1.5928210289740254 
0.0 1.5063450906037927 1.592815894384829 
0.0 1.5063844217852869 1.5928381386244115 
0.0 1.5064169919309818 1.5928417137176991 
0.0 1.5064355260678641 1.592842145262837 
0.0 1.506439209782147 1.5928393958561804 
0.0 1.5064061296979112 1.592823854185313 
0.0 1.506382736194342 1.5928082315877725 
0.0 1.5063744960455858 1.5928438738664554 
0.0 1.5063918303536148 1.5928396209888052 
0.0 1.5063967731630645 1.5928472508932423 
0.0 1.5063750863408736 1.5928644297035053 
0.0 1.5063721737444662 1.592866170077093 
0.0 1.5063842058167471 1.5928794623539102 
0.0 1.5063790755673925 1.5928821219077356 
0.0 1.5063947698615627 1.5928717894969284 
0.0 1.5064219419256344 1.5928836148607106 
0.0 1.5064414522657845 1.5928886879013717 
0.0 1.5064501458744337 1.592891658833272 
0.0 1.506429871005177 1.592894350902384 
0.0 1.5064148906856962 1.5928932501597899 
0.0 1.5064231952013 1.5928751709254856 
0.0 1.5064083922697529 1.5928663971293986 
0.0 1.506404712246825 1.592853457911466 
0.0 1.5064185255529314 1.5928469736732134 
0.0 1.5064161844143968 1.592819165254262 
0.0 1.5063956306505724 1.5928118630010604 
0.0 1.506390564488719 1.5928036357942907 
0.0 1.506382840419873 1.5927975545736437 
0.0 1.5063738994507292 1.5927946909352035 
0.0 1.506353621895414 1.5927914522956073 
0.0 1.5063150527399574 1.5927668882027917 
0.0 1.506279525613635 1.5927510578118738 
0.0 1.506252550750701 1.5927578535138496 
0.0 1.5062404927121005 1.592765212577751 
0.0 1.5062533383462513 1.592790794195336 
0.0 1.5062529433813119 1.5928094015055876 
0.0 1.5062404950745294 1.592818614984345 
0.0 1.5062166651869922 1.5928065419190804 
0.0 1.506207046091763 1.5927912785925291 
0.0 1.506215552395481 1.5928100986001494 
0.0 1.50622122938546 1.5927916731378913 
0.0 1.5062131485866503 1.5927911127226304 
0.0 1.5061870200754146 1.5927928839140106 
0.0 1.5061870071714676 1.592760186875729 
0.0 1.5061878811640697 1.5927723599764345 
0.0 1.5061530546966375 1.5927570458979083 
0.0 1.5061363633353262 1.59276774833303 
0.0 1.5061314044211331 1.592793728508747 
0.0 1.506119728841544 1.5928016431327814 
0.0 1.5061027156636364 1.5927939872210242 
0.0 1.5060651186781941 1.5927735618842547 
0.0 1.5060405845020979 1.5927524400568167 
0.0 1.506036997205903 1.5927467963058508 
0.0 1.5060266509177114 1.592757342508436 
0.0 1.5059857018016882 1.5927506807406868 
0.0 1.5059759765780047 1.5927506089729178 
0.0 1.5059992228032946 1.5927575485478074 
0.0 1.5060120781702144 1.5927510376961207 
0.0 1.505981218897462 1.5927427922464377 
0.0 1.5059795664017617 1.5927255494576407 
0.0 1.5060023850042445 1.5927265108010105 
0.0 1.506000585039619 1.592741683818451 
0.0 1.5060176965857122 1.5927674227335393 
0.0 1.5060294826781242 1.5927678525969844 
0.0 1.5060100910204006 1.592766154719238 
0.0 1.5060049276309933 1.5927664388602336 
0.0 1.5059820504979513 1.5927500245331911 
0.0 1.5059588922414886 1.592734487199805 
0.0 1.5059492831667984 1.5927128920045601 
0.0 1.50594059771351 1.5927070842001112 
0.0 1.5059411256122712 1.5927015289202642 
0.0 1.50593165409681 1.5927149087067287 
0.0 1.505923298329976 1.5927316177964572 
0.0 1.5059305678989439 1.5927414486877551 
0.0 1.5059523364058576 1.592751616780585 
0.0 1.5059557977190434 1.5927382632811906 
0.0 1.505942539043466 1.5927391525052559 
0.0 1.5059262463574175 1.5927585136086617 
0.0 1.505908185368464 1.5927583793795912 
0.0 1.505867555140128 1.5927304632073858 
0.0 1.5058637848787317 1.5927145995924947 
0.0 1.5058719406720302 1.592729390391125 
0.0 1.5058632868542952 1.5927067240432293 
0.0 1.5058477495242029 1.5927045672619016 
0.0 1.505836902071034 1.5927139091058033 
0.0 1.5058328860511871 1.5927274017693462 
0.0 1.5058418709363028 1.5927100338166051 
0.0 1.5058365548869923 1.5927252150791664 
0.0 1.5058430509914362 1.59276491386788 
0.0 1.5058485023620212 1.5927595935655263 
0.0 1.5058392810905907 1.59275682180984 
0.0 1.5058298458317347 1.592765129823237 
0.0 1.5058332255734703 1.5927746340312856 
0.0 1.5058311676684117 1.5927958262379227 
0.0 1.5058423519458348 1.592785115725859 
0.0 1.5058538136102568 1.5928041044547632 
0.0 1.5058442545892812 1.5928049383258907 
0.0 1.5058561113769675 1.5928333779200492 
0.0 1.5058690760030675 1.592820549808286 
0.0 1.5058726803168914 1.5928140128729882 
0.0 1.50586528523371 1.592830248893172 
0.0 1.5058639499019755 1.5928454550246711 
0.0 1.5058616596318672 1.5928171985653736 
0.0 1.5058540575136021 1.5927860566112453 
0.0 1.5058385364619857 1.5927757064046957 
0.0 1.5058285187016311 1.5927565730222009 
0.0 1.5058093041484417 1.592755688635551 
0.0 1.5057853503019427 1.5927490664753916 
0.0 1.5057596127101198 1.5927526779060104 
0.0 1.5057200001105453 1.5927440196993583 
0.0 1.505676240575014 1.592736084745128 
0.0 1.5056573413892798 1.5927429964624344 
0.0 1.505663265793523 1.592755937251856 
0.0 1.5056666011714674 1.5927739711415072 
0.0 1.5056592456558908 1.5927518956342008 
0.0 1.5056700872517388 1.5927679531883547 
0.0 1.5056893066390018 1.5927846637569814 
0.0 1.5057084561494036 1.5927961748058215 
0.0 1.5057023136811938 1.5927826299071588 
0.0 1.5056974268581207 1.5927802897571208 
0.0 1.5056910585466596 1.5927888870895723 
0.0 1.505678308639779 1.5927783244812503 
0.0 1.5056733784546128 1.592769352482326 
0.0 1.5056652331213394 1.5927632939767047 
0.0 1.505648809386943 1.592738659160092 
0.0 1.5056287524705654 1.592728466079186 
0.0 1.5056285217975878 1.5927327772773066 
0.0 1.505638638064626 1.5927454989026488 
0.0 1.5056506872967428 1.5927495201902593 
0.0 1.5056542687521093 1.592778871331468 
0.0 1.5056333720273398 1.592786004547159 
0.0 1.5055967834954909 1.5927764956082984 
0.0 1.5055909458045258 1.5927755994167119 
0.0 1.5055861477113015 1.5927801826585082 
0.0 1.50558696043065 1.5927887031075432 
0.0 1.5055868794606357 1.5927991871316007 
0.0 1.5055871964710568 1.5928108444974767 
0.0 1.505601082234019 1.592818072339588 
0.0 1.5056268056229969 1.5928311798131838 
0.0 1.5056409996646865 1.5928271593531718 
0.0 1.5056471412721424 1.592826060223977 
0.0 1.50564151316478 1.5928160077493319 
0.0 1.5056305693205523 1.5928186941698776 
0.0 1.505617163439547 1.5928294591003327 
0.0 1.5056107211380572 1.5928343701711323 
0.0 1.505586285892761 1.5928350665456337 
0.0 1.5055809288541244 1.5928288751640856 
0.0 1.5055695767862631 1.5928270659869797 
0.0 1.505584734594918 1.592820720826984 
0.0 1.5055865923033145 1.592815136752511 
0.0 1.5055870584958084 1.5928363160585302 
0.0 1.5055833718710459 1.5928271929149895 
0.0 1.50559133287129 1.5928168099296494 
0.0 1.5056035860297694 1.5928221614395959 
0.0 1.505586907944632 1.592808778935202 
0.0 1.5055805492813608 1.5927986981543856 
0.0 1.5055833125904567 1.5928069909899902 
0.0 1.5055955679025461 1.5928088524438575 
0.0 1.5056007096267063 1.5928280043327516 
0.0 1.5056071138106177 1.5928339477724913 
0.0 1.5056090653892016 1.5928281847760262 
0.0 1.505622777796709 1.5928374980302054 
0.0 1.5056212982025374 1.592829824988615 
0.0 1.5056177333473462 1.5928466591023223 
0.0 1.505597440676394 1.592844051283341 
0.0 1.5055850174507048 1.5928425486227795 
0.0 1.5055882300211119 1.592854754700195 
0.0 1.5055868392887706 1.5928539642626864 
0.0 1.5055669945745995 1.5928543567868179 
0.0 1.5055308413064374 1.5928331440446049 
0.0 1.5055130181712821 1.5928245334282871 
0.0 1.5055187516066917 1.5928425463478053 
0.0 1.5055295167160387 1.5928495667639755 
0.0 1.5055227748960067 1.5928299507347436 
0.0 1.5055036506622506 1.5928190673043134 
0.0 1.5054916384165609 1.5928284679449867 
0.0 1.505500518455103 1.5928233167435246 
0.0 1.5055065753765224 1.5928420439758186 
0.0 1.5054853411514337 1.5928301667420326 
0.0 1.5054673536687038 1.5928290960620344 
0.0 1.5054435570524793 1.5928175603198425 
0.0 1.5054311484655305 1.5928020212260003 
0.0 1.5054233481410213 1.592800310076481 
0.0 1.50541444414897 1.5928095089588485 
0.0 1.5054211984756751 1.5927997133210061 
0.0 1.5054202896396796 1.592812558970944 
0.0 1.5054215502493247 1.5928244209811695 
0.0 1.5054465831623425 1.5928284146352598 
0.0 1.5054559901691196 1.5928290285501616 
0.0 1.505450855898483 1.5928451818591363 
0.0 1.5054178667399432 1.5928382537012657 
0.0 1.5053753942694479 1.5928273281694385 
0.0 1.5053503764815117 1.5928222116431807 
0.0 1.5053557142291072 1.592831066727196 
0.0 1.5053568010109237 1.5928378057076593 
0.0 1.5053591648234383 1.592837123157401 
0.0 1.5053639279891773 1.592861114724799 
0.0 1.5053629311108538 1.5928607766768859 
0.0 1.5053660738952803 1.5928623871598773 
0.0 1.5053448472957591 1.5928388304980654 
0.0 1.5053363852153105 1.5928536483003903 
0.0 1.5053433230523312 1.592864880249008 
0.0 1.5053554958133615 1.592869407361666 
0.0 1.5053630713642625 1.5928865428795405 
0.0 1.5053741142582415 1.5928891864359342 
0.0 1.505379303147247 1.5929050821371442 
0.0 1.5053821216352192 1.5929103130409556 
0.0 1.505387633809583 1.5929147194522058 
0.0 1.5053721845629375 1.592907422435493 
0.0 1.5053524148531932 1.592919097779444 
0.0 1.5053482856185871 1.5929137336266916 
0.0 1.5053507546677254 1.5929156748754854 
0.0 1.5053571742318448 1.592944099427613 
0.0 1.5053779823662694 1.5929501246302662 
0.0 1.5054023401510979 1.5929495610686444 
0.0 1.505407931027648 1.5929280272557045 
0.0 1.5054047624085787 1.592933477948447 
0.0 1.505405149645339 1.592949056904971 
0.0 1.505403628057756 1.5929554949381535 
0.0 1.505395267174722 1.5929578117019536 
0.0 1.5053628211008183 1.5929495296304574 
0.0 1.505348533893693 1.5929526376410887 
0.0 1.5053462720737758 1.592963881680337 
0.0 1.5053356444024344 1.5929570220866072 
0.0 1.5053192241934916 1.5929570943533582 
0.0 1.5053256289504646 1.5929645930533547 
0.0 1.5053241211096073 1.5929736944585697 
0.0 1.5053136426005542 1.5929727507099902 
0.0 1.5053098246238403 1.5929998422049807 
0.0 1.5053315140630499 1.5930019078224906 
0.0 1.505343366462954 1.592993160970745 
0.0 1.5053364021611562 1.5930081375288583 
0.0 1.5053448832539922 1.5930019143470042 
0.0 1.505344758288988 1.5929969640816308 
0.0 1.5053480807445179 1.592993201912226 
0.0 1.5053336755633604 1.5929952876916027 
0.0 1.5053278084672694 1.5929941977133366 
0.0 1.5053266057493857 1.5929936826142783 
0.0 1.505302760770395 1.5930057363779757 
0.0 1.5052736014741284 1.5929895089193922 
0.0 1.5052685979950147 1.592993127802425 
0.0 1.505276592069209 1.5929869055703292 
0.0 1.505266687227228 1.5929732317813512 
0.0 1.5052473214560707 1.5929756289305903 
0.0 1.5052404684114118 1.5929855795967571 
0.0 1.505234274542659 1.592993603971745 
0.0 1.5052349574687443 1.5929884830267846 
0.0 1.505240427041554 1.5929628635124886 
0.0 1.5052629007699514 1.5929814311483266 
0.0 1.5052601096203857 1.5929904221454243 
0.0 1.5052604618246017 1.5929928280831032 
0.0 1.5052468560333532 1.5929922893714665 
0.0 1.5052348928714188 1.593010259422445 
0.0 1.5052148815334492 1.5930115696580742 
0.0 1.5052062689792483 1.5930157692342701 
0.0 1.5052128601758883 1.5930268017052511 
0.0 1.5052014713428763 1.5930354696213527 
0.0 1.5051797877025868 1.5930318334690463 
0.0 1.5051781086251748 1.5930236850999937 
0.0 1.5051952482263264 1.593015029043201 
0.0 1.505203544424391 1.5930087386394414 
0.0 1.5052082127671116 1.5930092796933293 
0.0 1.505206773083431 1.5930260852888742 
0.0 1.5052125607888283 1.5930349377191368 
0.0 1.5052193161322758 1.5930450462031978 
0.0 1.5052439193178297 1.5930434151650985 
0.0 1.5052622416800305 1.5930472455743083 
0.0 1.5052607091853423 1.5930605282556718 
0.0 1.5052406011853556 1.5930537041561095 
0.0 1.505210544414342 1.593038923835036 
0.0 1.5051971836147127 1.593038672045213 
0.0 1.5051954041033657 1.593032204515202 
0.0 1.5051970876669367 1.5930279576091255 
0.0 1.5052040834569966 1.593040969856259 
0.0 1.5052173321767073 1.5930282638231392 
0.0 1.5052179471934422 1.5930184566104397 
0.0 1.505232436745702 1.593018095892059 
0.0 1.5052375115521164 1.5930260279165847 
0.0 1.5052563743821026 1.5930208076195491 
0.0 1.5052394625400278 1.593018541124509 
0.0 1.5052309262437165 1.59303373567022 
0.0 1.5052227679629981 1.5930330259172654 
0.0 1.505224704978202 1.593025198215222 
0.0 1.5052138701748827 1.593028474307437 
0.0 1.5052065944744069 1.5930204698587023 
0.0 1.505205629738227 1.593029435046764 
0.0 1.5052069708806293 1.5930199675873642 
0.0 1.5052131584710708 1.5930189992977335 
0.0 1.5052137215716608 1.5930180281368014 
0.0 1.505212499440742 1.5930314089047535 
0.0 1.5052174167468164 1.5930320888596547 
0.0 1.5052195998016469 1.5930384169902825 
0.0 1.5052250236399554 1.5930513651112208 
0.0 1.505235269529081 1.5930575041989439 
0.0 1.5052407304185935 1.5930506899701893 
0.0 1.5052430928004494 1.5930672886228265 
0.0 1.5052383410956156 1.5930616890102338 
0.0 1.5052150434882772 1.593063645946507 
0.0 1.5052209682975164 1.5930684413828653 
0.0 1.5052297106352914 1.5930802386345038 
0.0 1.5052346998996733 1.5930791674751223 
0.0 1.5052338228093478 1.5930802754709812 
0.0 1.5052180633484467 1.5930703552467562 
0.0 1.5052039473177836 1.5930621113239805 
0.0 1.5051901787530477 1.5930525682202425 
0.0 1.5051933294508677 1.5930507401095233 
0.0 1.505185183472555 1.5930493209327345 
0.0 1.5051624855813537 1.593047075773096 
0.0 1.5051574002919543 1.5930398523007698 
0.0 1.5051655148543865 1.593048173793313 
0.0 1.5051762774942499 1.593043564676838 
0.0 1.5051789622527507 1.5930538961129526 
0.0 1.5051606311322112 1.5930522267892813 
0.0 1.505154806405618 1.5930697744883533 
0.0 1.5051504013859693 1.5930580373307328 
0.0 1.5051410026651126 1.5930723341324642 
0.0 1.50514685084915 1.5930663349391865 
0.0 1.5051536555441638 1.5930587778583107 
0.0 1.5051468609729053 1.5930424872181534 
0.0 1.5051527941733667 1.5930345031771114 
0.0 1.5051549043936594 1.593047345171749 
0.0 1.5051603688305126 1.5930540263133075 
0.0 1.5051619110590335 1.5930582335180705 
0.0 1.50516015829489 1.5930533890735097 
0.0 1.5051553507852926 1.5930509644116941 
0.0 1.5051580363803234 1.593054394274934 
0.0 1.5051625544406189 1.593049269384163 
0.0 1.5051403936602723 1.5930363072333744 
0.0 1.5051323155729632 1.5930389780208503 
0.0 1.5051395397560956 1.593042393310634 
0.0 1.5051413410935583 1.5930603186096257 
0.0 1.5051505067308308 1.593067466845659 
0.0 1.5051579557451114 1.5930775052442212 
0.0 1.5051767326088472 1.5930868694280718 
0.0 1.505187183192468 1.593097525712029 
0.0 1.5051703523244162 1.593092047367885 
0.0 1.5051461464540985 1.5931022931311563 
0.0 1.5051388650441702 1.5930962985355566 
0.0 1.5051407999041038 1.5930960619440764 
0.0 1.5051401225520384 1.5930940717258661 
0.0 1.5051217300391715 1.5930831529688358 
0.0 1.5050929340145416 1.5930770785099666 
0.0 1.505066534295995 1.593074917839514 
0.0 1.5050327448370748 1.59305439928302 
0.0 1.5050340341777992 1.5930512130795604 
0.0 1.5050450216494122 1.5930487398996793 
0.0 1.505057860446417 1.5930494767315024 
0.0 1.5050672025649388 1.5930404603081492 
0.0 1.5050740813862977 1.5930392558898108 
0.0 1.5050788449851529 1.5930336511219554 
0.0 1.5050777666735722 1.5930290213563967 
0.0 1.5050745250832787 1.5930278227256982 
0.0 1.5050782357919748 1.5930451530864258 
0.0 1.5050860371621997 1.5930447261024085 
0.0 1.5050881839840693 1.593040871284789 
0.0 1.5051062484967606 1.5930374677926618 
0.0 1.505122867037692 1.5930311816554164 
0.0 1.505142560481397 1.5930360953312197 
0.0 1.5051489006831116 1.5930395083613318 
0.0 1.5051622906987785 1.593053380870227 
0.0 1.505159819479533 1.5930506417101218 
0.0 1.5051659177018586 1.5930535007776925 
0.0 1.5051859255532585 1.5930625840478667 
