0.0 0.8252784698152701 1.6094379124341005 
0.0 1.3794019329924623 1.6048737499840635 
0.0 1.4864514792906978 1.6084114798287008 
0.0 1.5143295491221727 1.6089579665349074 
0.0 1.5255122690436553 1.609049669601239 
0.0 1.5296919467255325 1.6079337820874926 
0.0 1.5315421650964827 1.6084643118071207 
0.0 1.5322954685959522 1.6074179523697438 
0.0 1.5323105502178758 1.6067600612825177 
0.0 1.5329255100686905 1.606764068018797 
0.0 1.5325981684948367 1.6066935689489477 
0.0 1.5324046577947565 1.6067438577997877 
0.0 1.5323352527199283 1.6064980043497048 
0.0 1.5323889279788567 1.606419096885011 
0.0 1.5320571132572818 1.6059804489871883 
0.0 1.5320160759843322 1.605257658417699 
0.0 1.5318346522192927 1.6054230650201378 
0.0 1.5315262281822246 1.605647489451413 
0.0 1.531349071428112 1.6055233627184742 
0.0 1.5310073875817762 1.605652225773733 
0.0 1.5307794342298666 1.605735055489942 
0.0 1.530596156505702 1.6054511326232077 
0.0 1.5306430220686695 1.605329583759149 
0.0 1.5305793938036596 1.6054167677275997 
0.0 1.530421095363813 1.6052224360875171 
0.0 1.5302530121594167 1.605155460098333 
0.0 1.5300936735915025 1.6050335681172623 
0.0 1.5298372163650473 1.6051076165061087 
0.0 1.529650430252151 1.6052111031059033 
0.0 1.529513848286909 1.6050534189836512 
0.0 1.5294110386237405 1.605194579525169 
0.0 1.5293164885141624 1.6051872371566187 
0.0 1.5293802760158737 1.60493014122913 
0.0 1.5293562882032326 1.6047365920281162 
0.0 1.5294626234284487 1.6047321789632805 
0.0 1.5295042354872492 1.6048614045243055 
0.0 1.5294433562220573 1.6048221216046372 
0.0 1.529370767826728 1.6047720695895846 
0.0 1.529304432175681 1.604834471209839 
0.0 1.5291322486386028 1.604797337533049 
0.0 1.5290009909799092 1.6048566384354652 
0.0 1.528964406929437 1.605023258075821 
0.0 1.5289517207316585 1.6050583320090062 
0.0 1.5289728925582275 1.6050247001994045 
0.0 1.5289912610628937 1.6050526833324437 
0.0 1.5290185253336732 1.6048364509524056 
0.0 1.528940067275895 1.6046992060626408 
0.0 1.5288280489250359 1.6046102092975396 
0.0 1.5287764044202516 1.6045840238340565 
0.0 1.528833867364102 1.604559463262981 
0.0 1.528732524139575 1.6045952801989032 
0.0 1.5287460181061476 1.6046342613969895 
0.0 1.528688932220934 1.6046034513621381 
0.0 1.5286075788327773 1.6045290182506065 
0.0 1.5285503633921003 1.604767734676415 
0.0 1.528533911954028 1.6048565866351527 
0.0 1.5285720069470894 1.6046959543035164 
0.0 1.5284475630955618 1.6045760706252867 
0.0 1.5284638311199683 1.6045514637908913 
0.0 1.52851964480717 1.6046794077505844 
0.0 1.5284841555179496 1.6048429163310223 
0.0 1.5284754886004177 1.6049137826082593 
0.0 1.5284762515566188 1.6049050818111357 
0.0 1.528483733822006 1.6048810304099985 
0.0 1.528437672426158 1.6048181940136486 
0.0 1.5284350644715525 1.6047309907342924 
0.0 1.5283850350289736 1.604759683369537 
0.0 1.5283630025388062 1.604782214173711 
0.0 1.5283765319846776 1.6047741800834572 
0.0 1.5284467654564273 1.6047841369082776 
0.0 1.5284080701660512 1.6047694340895782 
0.0 1.5284088205030866 1.6047075451126414 
0.0 1.5284329591846222 1.6046361210644484 
0.0 1.5284293594467857 1.6046102332192973 
0.0 1.5284244339090272 1.6046619222586194 
0.0 1.5283820592456634 1.6047144142767118 
0.0 1.5283322099266687 1.6048120617770243 
0.0 1.5283776683504702 1.604751037951878 
0.0 1.5283488056230603 1.6048240413780797 
0.0 1.528381121481423 1.604886266622697 
0.0 1.5284694723517172 1.6048609537869967 
0.0 1.528492332006291 1.6048843285679952 
0.0 1.5284478906480161 1.6048970231772306 
0.0 1.5283867981824015 1.6048889728039764 
0.0 1.5283800485495707 1.604831431828587 
0.0 1.5283629181653933 1.6047169979410432 
0.0 1.5283254797971653 1.6047632544426245 
0.0 1.5283165145426514 1.604695691801407 
0.0 1.528275898803497 1.6046442961758038 
0.0 1.528255698852987 1.6046385014336735 
0.0 1.528203471207639 1.604601493381148 
0.0 1.528264157213607 1.6046263896432613 
0.0 1.5282670969551422 1.604570688493387 
0.0 1.5282961586941903 1.6045810449730191 
0.0 1.5283347932028601 1.604552638529541 
0.0 1.528291337282679 1.6044735883495624 
0.0 1.5281895053871835 1.6044616495577444 
0.0 1.5281794343122148 1.6045016614663075 
0.0 1.5281087587859379 1.6044908678139502 
0.0 1.5280991854904231 1.6044289633970696 
0.0 1.5281293030574168 1.6044996377120686 
0.0 1.528112671410128 1.6044881985244712 
0.0 1.5281137735641677 1.6044945882710757 
0.0 1.5280968370855268 1.6044876742796683 
0.0 1.5280117175922758 1.6044364848189605 
0.0 1.5279988532811164 1.6044075480550428 
0.0 1.5279753733763306 1.6044553454810409 
0.0 1.5279640597704658 1.6043940492238165 
0.0 1.5279257877183579 1.6043329479089785 
0.0 1.5279103713586688 1.604303685963315 
0.0 1.5278695683785026 1.604297304451773 
0.0 1.5278803964428174 1.6043412956404497 
0.0 1.5278936262881535 1.6044853188145405 
0.0 1.5278531866909935 1.6044757125165066 
0.0 1.5278813069778006 1.6045626795989458 
0.0 1.5278755930069472 1.6045051994400983 
0.0 1.5278754773618017 1.6044187353194932 
0.0 1.5278391391444626 1.6044045491211534 
0.0 1.5278266755516345 1.604372439439905 
0.0 1.5278076509877538 1.6043688782263552 
0.0 1.5277529110528871 1.6043387911168439 
0.0 1.5277582570988817 1.6043604689363142 
0.0 1.527751010259578 1.6043510117383757 
0.0 1.5277849275841495 1.604371460687172 
0.0 1.5278149912580827 1.604298831948555 
0.0 1.5278407813329788 1.6043308993708556 
0.0 1.5278611895884415 1.604226126443237 
0.0 1.5278361824435907 1.6041946128991567 
0.0 1.5278600998744714 1.6042318660624915 
0.0 1.5279002542994158 1.6042437858766987 
0.0 1.5279100778627972 1.6042831241721087 
0.0 1.5278756873493773 1.604215043854953 
0.0 1.5278903683879488 1.6042134581826277 
0.0 1.5278459760386542 1.604249815541682 
0.0 1.5278740469834329 1.6042405066618795 
0.0 1.5278916086225824 1.6043029768510364 
0.0 1.5278850932431625 1.6042163094920125 
0.0 1.5278870895213659 1.604231274552594 
0.0 1.5278697482089785 1.6042242209029414 
0.0 1.5278257758588172 1.6042199908548052 
0.0 1.5277987614751707 1.6041734846686913 
0.0 1.5278143111808324 1.6042462811017413 
0.0 1.5278427405714725 1.604236129880851 
0.0 1.5278335916264103 1.604206477071228 
0.0 1.5278852667812304 1.6042025820225154 
0.0 1.5279371382751608 1.6041945777754711 
0.0 1.527945975511907 1.6041501678220704 
0.0 1.5279557997366826 1.6042091298822116 
0.0 1.5279702096188845 1.604178543945165 
0.0 1.5279947701345908 1.604224804214808 
0.0 1.5280317062020905 1.6042342206629479 
0.0 1.528010341536665 1.6042433923510306 
0.0 1.528034067460838 1.604202521860516 
0.0 1.5280186767175556 1.6042029274778578 
0.0 1.5280177745730192 1.6042535972338672 
0.0 1.527988708611058 1.6042852586383756 
0.0 1.527959094791532 1.604221497866595 
0.0 1.5279718490115346 1.604200473078728 
0.0 1.5279937413541385 1.6042151783719665 
0.0 1.527974122405211 1.6042274173032793 
0.0 1.5279643361547832 1.6042047760001465 
0.0 1.5279906059099053 1.6042386486742035 
0.0 1.5280034212737093 1.6042725217574751 
0.0 1.5279997599911996 1.6043217711745419 
0.0 1.527996833842105 1.6043399863743275 
0.0 1.5280160531265543 1.6042842741941814 
0.0 1.528016469666607 1.6042904583818678 
0.0 1.5279673526378954 1.6042478697928544 
0.0 1.527958316514449 1.6042093480747435 
0.0 1.527931566601879 1.6041734217896761 
0.0 1.5279097775621968 1.6041354666511947 
0.0 1.527900830136926 1.604146145258183 
0.0 1.5279159622835914 1.6041753747535517 
0.0 1.5279086417791234 1.604125475902243 
0.0 1.5278824798270327 1.604037750491184 
0.0 1.527881353769023 1.6040528258906035 
0.0 1.5278517913825747 1.6040831011178103 
0.0 1.527833922084372 1.6040796993161681 
0.0 1.5278726950190964 1.6040576119950516 
0.0 1.5278774526594467 1.6040534704492544 
0.0 1.5278799013776798 1.6040071777354747 
0.0 1.5278601574164186 1.603990060847917 
0.0 1.527880451007151 1.6040534273708706 
0.0 1.5278674628907833 1.6040835002976417 
0.0 1.527833223488177 1.6040663670056885 
0.0 1.527847220408392 1.604065121153178 
0.0 1.527832359002259 1.6040582070922818 
0.0 1.527827061041478 1.6040234379193699 
0.0 1.527777343376483 1.6040046060459268 
0.0 1.5277349709274441 1.6040167143752582 
0.0 1.5277286232335554 1.604001296142179 
0.0 1.5277500290371253 1.603985803111129 
0.0 1.5277371086605918 1.604025615581195 
0.0 1.527704415258965 1.6040059352449634 
0.0 1.5276896034804948 1.6040004422497156 
0.0 1.5277055713736396 1.6039690772551587 
0.0 1.52771992524768 1.6039215642207882 
0.0 1.5277566324458753 1.6039159306686686 
0.0 1.5277408840857183 1.6038849852681547 
0.0 1.5277415863904253 1.6038875996278967 
0.0 1.5277201388637656 1.603870375647757 
0.0 1.527688207341198 1.6038670467903087 
0.0 1.5276773234086232 1.6038500370649582 
0.0 1.5276575858425292 1.6038343223416336 
0.0 1.527649533768784 1.603887962571365 
0.0 1.5276433614810119 1.6038694596316643 
0.0 1.5276590993705248 1.6039090706269292 
0.0 1.5276755475849537 1.6038777751509818 
0.0 1.5276743600991267 1.6038646075142848 
0.0 1.5276707704074084 1.6038914520416172 
0.0 1.527682842375648 1.6039322232220659 
0.0 1.5276642931487523 1.6038744073632556 
0.0 1.5276402851781572 1.6038179078884127 
0.0 1.5276045601992487 1.6038137592871304 
0.0 1.5275747508876525 1.6037935345877121 
0.0 1.5275681693252912 1.603762318444163 
0.0 1.52756031814322 1.6037653313491882 
0.0 1.5275518838133442 1.603751404985594 
0.0 1.5275552662615335 1.6037467097856637 
0.0 1.527552754632767 1.6037325703427918 
0.0 1.5275763508839182 1.603772521913818 
0.0 1.5275811046353136 1.603812211179546 
0.0 1.5275917752887762 1.6037809679790418 
0.0 1.5275731188592354 1.6037563978447575 
0.0 1.5275637539001117 1.603731710850326 
0.0 1.5275857459754087 1.6037557862097132 
0.0 1.5275960462949814 1.6037227637057725 
0.0 1.527586460877222 1.6037065100394854 
0.0 1.5275915785040743 1.6036942622859682 
0.0 1.5276115943300748 1.603706163059929 
0.0 1.5276093850352215 1.6036873165080006 
0.0 1.527635921748054 1.603687452350346 
0.0 1.5276397908204848 1.603724176867856 
0.0 1.5276490288501803 1.6037479793564304 
0.0 1.5276669161486398 1.6037755240283469 
0.0 1.5276570522166841 1.603747774883339 
0.0 1.5276687449288078 1.6037679463952441 
0.0 1.5276664806536064 1.6037764063845459 
0.0 1.5276682681195963 1.6037777276827891 
0.0 1.527692574552818 1.6037870161982348 
0.0 1.5276898352224584 1.6037600459018098 
0.0 1.5276581290219073 1.60371834116951 
0.0 1.5276534471189354 1.6036904545645432 
0.0 1.5276471672895302 1.6036921903754084 
0.0 1.5276344165991067 1.6036645526625035 
0.0 1.5276250774474152 1.6036615011667035 
0.0 1.5276321541068987 1.6036625425635287 
0.0 1.5276347782565436 1.6036833076199246 
0.0 1.5276313907221128 1.6036566258608518 
0.0 1.5276476885673782 1.603680758390208 
0.0 1.5276571628188742 1.6036858396409654 
0.0 1.527667084114597 1.6036637941258494 
0.0 1.5276693611488659 1.6036504392518138 
0.0 1.5276582486320471 1.6036583173245298 
0.0 1.527646165034801 1.6036552443404335 
0.0 1.5276358195797752 1.6036283605283606 
0.0 1.527644735307595 1.6036391077891259 
0.0 1.5276589392874846 1.603645276246505 
0.0 1.5276655965239714 1.6036326628926265 
0.0 1.5276508469303576 1.6036049677153366 
0.0 1.5276429012723396 1.6036029663731086 
0.0 1.5276527047121926 1.603593742562031 
0.0 1.527641799806006 1.603618861618916 
0.0 1.527630765869402 1.603631445508895 
0.0 1.5276256708979867 1.6036192753047618 
0.0 1.5276244764609936 1.6035960324596132 
0.0 1.5276199215023722 1.603592401863692 
0.0 1.5276346728661137 1.6036049210178862 
0.0 1.527626833381499 1.603623525210378 
0.0 1.5276343943129773 1.6036426291112162 
0.0 1.5276368563154503 1.603643800268336 
0.0 1.527619566136586 1.6036526761224144 
0.0 1.5276185557382065 1.6036516061163233 
0.0 1.5275947068654174 1.6036375951389639 
0.0 1.5275522488827555 1.603614993431308 
0.0 1.527545489225833 1.603582974253352 
0.0 1.527537696296326 1.6035777128937765 
0.0 1.5275086231673587 1.6035210517425234 
0.0 1.5274784710242757 1.603527591749183 
0.0 1.5274597509149648 1.603547291558013 
0.0 1.5274561981708632 1.6035007985131977 
0.0 1.5274580275538419 1.6035130493016998 
0.0 1.5274307266223544 1.6034708161400795 
0.0 1.527435756762024 1.6034770911711937 
0.0 1.5274515457061761 1.603503332643194 
0.0 1.5274383938184268 1.6034994714328956 
0.0 1.5274375919159395 1.603518436321635 
0.0 1.5274442220979447 1.6035186416256122 
0.0 1.5274389814495568 1.6035382393025959 
0.0 1.5274376165773942 1.6035286300270897 
0.0 1.527447126584907 1.603496624795881 
0.0 1.5274475886934167 1.6034745474091192 
0.0 1.5274418698471302 1.6034897809826074 
0.0 1.5274672664387818 1.6034904790076285 
0.0 1.5274776327916175 1.6034804226237653 
0.0 1.5274652925385168 1.6034605360398617 
0.0 1.5274733819164992 1.603473640535599 
0.0 1.5274854585506918 1.6034440588900927 
0.0 1.5275023782268082 1.6034315970668371 
0.0 1.5275194809401247 1.6034394800769518 
0.0 1.5275079736499524 1.6034435866061765 
0.0 1.5274916891255637 1.603421182587699 
0.0 1.527468586373023 1.6034293098625099 
0.0 1.5274672012428663 1.6034275706508585 
0.0 1.5274724929912937 1.6034485032079238 
0.0 1.527460961645482 1.6034409207707 
0.0 1.5274636528134324 1.6034116549698927 
0.0 1.5274583007001103 1.6034305868180865 
0.0 1.5274485027835056 1.6034204390647981 
0.0 1.5274387024385705 1.6034225620358893 
0.0 1.5274393729071967 1.6034119103283913 
0.0 1.527447779140623 1.6034214215651281 
0.0 1.5274396772578849 1.603432509503017 
0.0 1.5274360439393702 1.6034090352752708 
0.0 1.5274366968776756 1.6033807245727456 
0.0 1.5274426828188228 1.6033683951635604 
0.0 1.5274325548634549 1.6033601239651043 
0.0 1.5274344485907903 1.603349544703856 
0.0 1.527430374232036 1.6033570285752918 
0.0 1.5274250620640195 1.6033772747108104 
0.0 1.527435109151847 1.6033868144199106 
0.0 1.5274520624466932 1.603367757665243 
0.0 1.527456627844234 1.603369109704227 
0.0 1.5274279473511139 1.6033681161216369 
0.0 1.5274324715212606 1.6033716506257716 
0.0 1.5274282320443417 1.6033781873320652 
0.0 1.5274116255677341 1.6033285032533149 
0.0 1.5274052550320112 1.6033274661343753 
0.0 1.5274267591554325 1.603310461874469 
0.0 1.5274236558726453 1.6033104759248862 
0.0 1.5274198961261058 1.6032953463179052 
0.0 1.5274156766976197 1.603302000509403 
0.0 1.5274138914789592 1.603304392020918 
0.0 1.5274280750259435 1.6033326256047282 
0.0 1.5274170619232499 1.6033439867145263 
0.0 1.5274207874097776 1.603370690456688 
0.0 1.5274074112839209 1.6033715979621692 
0.0 1.5274114941733035 1.6033878981742813 
0.0 1.527412658394279 1.603369993119459 
0.0 1.5274064896985105 1.603342739802813 
0.0 1.5274215504283188 1.6033307492219846 
0.0 1.5274271866804838 1.603301499940536 
0.0 1.5274543250812969 1.6033118991305313 
0.0 1.5274548309126157 1.6032861172464812 
0.0 1.5274691573833572 1.6033294510664413 
0.0 1.527459169497403 1.6033222775976892 
0.0 1.5274642869679278 1.6033329989077716 
0.0 1.527447702277885 1.6032996514506432 
0.0 1.5274252729188058 1.6032823319002236 
0.0 1.5273967499728887 1.6032558341440408 
0.0 1.5274066057951028 1.6032596404588793 
0.0 1.5274061637169893 1.6032680756539055 
0.0 1.527399626079372 1.6032709113647297 
0.0 1.527388815229174 1.6032531218198824 
0.0 1.527389200076697 1.6032628184077 
0.0 1.527386056506982 1.6032561707553943 
0.0 1.5273957176894648 1.6032517906165513 
0.0 1.527387879435455 1.603271802696902 
0.0 1.5273832644310636 1.6032814466668897 
0.0 1.5273717556778141 1.6032393333257886 
0.0 1.5273668443335504 1.6032538745945781 
0.0 1.5273620233970586 1.6032551385583287 
0.0 1.527373492183103 1.6032364772143473 
0.0 1.527345012221299 1.6032366644409708 
0.0 1.527350448665332 1.6032561822654994 
0.0 1.5273427941122366 1.603256437840617 
0.0 1.5273417102531044 1.6032320021035598 
0.0 1.527349077961952 1.6032514780694214 
0.0 1.5273562873358257 1.6032542070963194 
0.0 1.5273538369988215 1.6032732072007865 
0.0 1.5273437640285932 1.603290107162279 
0.0 1.5273353685182824 1.6032795976595242 
0.0 1.5273409218548493 1.60326408937484 
0.0 1.5273362067763063 1.6032730660489394 
0.0 1.5273254789822117 1.6032553576823037 
0.0 1.5273275107512438 1.6032374083443202 
0.0 1.5273409411717769 1.6032163621461593 
0.0 1.5273402342060667 1.6032090265969132 
0.0 1.5273307237133478 1.6032250420868615 
0.0 1.5273265780439744 1.6032102236181298 
0.0 1.5273280405485865 1.6032010969962838 
0.0 1.527327285112263 1.6032028757492311 
0.0 1.527320495005224 1.6032199949708243 
0.0 1.527311656935748 1.6032139174325521 
0.0 1.5273181303974988 1.6032385572369008 
0.0 1.5273142349097486 1.6032470995097436 
0.0 1.5273022786459338 1.6032335977819088 
0.0 1.5273077422265966 1.6032348622137267 
0.0 1.5273074504972552 1.60324174131028 
0.0 1.5273159634009712 1.6032755959509548 
0.0 1.5273122838952955 1.603269877092725 
0.0 1.5273083095111657 1.603255116297573 
0.0 1.5273159564806749 1.6032558859164199 
0.0 1.527311811592191 1.6032416880472213 
0.0 1.527305177976217 1.6032255749752091 
0.0 1.5273038065363784 1.603226151866223 
0.0 1.5272981383183908 1.6032355452402638 
0.0 1.5272954268070114 1.6032607832690113 
0.0 1.5272954066696196 1.603279781401675 
0.0 1.5272895067810697 1.6032841525705757 
0.0 1.5272800872658332 1.6032981123583738 
0.0 1.527270828324682 1.603290907519746 
0.0 1.5272648499333756 1.6032837924016716 
0.0 1.5272614500653987 1.6032780138822313 
0.0 1.527257140744963 1.603280553563651 
0.0 1.5272285183531606 1.6032478853456573 
0.0 1.5272279979431165 1.6032171166417606 
0.0 1.5272367880806668 1.6032184753669458 
0.0 1.5272407281498546 1.603241889627037 
0.0 1.5272406343350706 1.6032349862011095 
0.0 1.5272547855847323 1.6032511755508567 
0.0 1.5272423172523435 1.6032659231551059 
0.0 1.5272313613953838 1.6032504765540037 
0.0 1.527231535244156 1.6032287239382534 
0.0 1.5272479294462413 1.6032366743278574 
0.0 1.5272468396963752 1.6032499356521592 
0.0 1.52724460377743 1.6032416774124216 
0.0 1.5272492278633272 1.6032339386036567 
0.0 1.5272483034280366 1.6032701653989518 
0.0 1.5272487621416428 1.6032571986572626 
0.0 1.5272567145077067 1.6032570922754004 
0.0 1.527260464237532 1.6032884694328822 
0.0 1.5272614911337024 1.6033042179939954 
0.0 1.527256900988136 1.6033196268599297 
0.0 1.527259871465098 1.6033293697210969 
0.0 1.527272570654083 1.6033147890609627 
0.0 1.5272745802209515 1.6033092494165742 
0.0 1.5272841797657033 1.6033166611465492 
0.0 1.5272672257317588 1.6033099106667865 
0.0 1.5272763230744408 1.6033093907456526 
0.0 1.5272889467230215 1.603309914242381 
0.0 1.527296047052037 1.603321503146733 
0.0 1.5273117454461815 1.6033275797453617 
0.0 1.527309499072893 1.6033080547096539 
0.0 1.5273130221841766 1.6033164982039187 
0.0 1.5273130498536025 1.6033238064734328 
0.0 1.5272968983718327 1.6033030785947373 
0.0 1.5272830470158576 1.6032963216394924 
0.0 1.5272853699604143 1.6033087742568293 
0.0 1.5272990220087654 1.6033233320873603 
0.0 1.527294196550645 1.6033442647848797 
0.0 1.5272867920221644 1.6033229067890649 
0.0 1.527280511808087 1.6033238445037508 
0.0 1.5272913173915534 1.6033223823514 
0.0 1.5272866060599337 1.6033086340274079 
0.0 1.5272801759150012 1.603302105827091 
0.0 1.5272729105710214 1.6033018177807283 
0.0 1.5272762173484347 1.6032980558227738 
0.0 1.5272757494220421 1.6033101826500364 
0.0 1.5272679306130474 1.603312092367809 
0.0 1.5272697586549464 1.6033201557734724 
0.0 1.52727717455004 1.6033295691466756 
0.0 1.5272812309049142 1.6033157102831612 
0.0 1.5272777217771274 1.6033190660301184 
0.0 1.5272810281132645 1.603326944865293 
0.0 1.5272952877626518 1.603327546888476 
0.0 1.5272925188891195 1.6033404384151393 
0.0 1.5272858178902864 1.6033453733041396 
0.0 1.527277874834193 1.6033509796739482 
0.0 1.5272801367931625 1.6033453349581248 
0.0 1.5272936974946354 1.6033616790816843 
0.0 1.52729861760323 1.6033625160802334 
0.0 1.5272862301660428 1.6033419203541404 
0.0 1.5272649900279454 1.6033439488609145 
0.0 1.5272668367003712 1.6033625497803277 
0.0 1.5272737629837716 1.6033550079978156 
0.0 1.5272666008707123 1.6033548233548747 
0.0 1.5272563940398993 1.603337579117258 
0.0 1.5272607179170081 1.6033381796243769 
0.0 1.5272583145967393 1.6033195474637738 
0.0 1.5272626944200844 1.6033188655055228 
0.0 1.527260455026321 1.6033188530799196 
0.0 1.5272517913238317 1.6033129085611884 
0.0 1.527252916525604 1.6033055073431415 
0.0 1.5272526579356747 1.6033376018484653 
0.0 1.5272541260820462 1.6033441136020135 
0.0 1.5272510939002342 1.6033519097068913 
0.0 1.5272468900589298 1.6033342002098798 
0.0 1.5272375104010203 1.603341062265627 
0.0 1.5272367952439256 1.6033536542637166 
0.0 1.5272438390206284 1.603368183367698 
0.0 1.5272557219736733 1.6033623660777196 
0.0 1.5272661729937542 1.6033778572806372 
0.0 1.5272591258915826 1.6033840196094808 
0.0 1.5272570566359474 1.6033847823317404 
0.0 1.5272550655334225 1.6033730319322386 
0.0 1.527252422944469 1.60335443850714 
0.0 1.527248472647975 1.6033474602300508 
0.0 1.5272447331544277 1.6033393478297862 
0.0 1.5272433492983655 1.603326240935525 
0.0 1.5272290661449146 1.6033103205124561 
0.0 1.5272255325423227 1.6033188351422494 
0.0 1.527211988001834 1.6033057906499404 
0.0 1.527219391415618 1.6033007506008463 
0.0 1.5272226760966812 1.603299669229523 
0.0 1.5272121377255286 1.603288459922397 
0.0 1.5272061554617744 1.6032893030444515 
0.0 1.52719469127292 1.6032580071931655 
0.0 1.5271867304955498 1.6032529881988766 
0.0 1.5271966494882367 1.603259822775257 
0.0 1.5271929065141625 1.6032536899110728 
0.0 1.5271850808142198 1.6032514708034216 
0.0 1.527191814576856 1.603255878629658 
0.0 1.5271875485021866 1.6032602322911695 
0.0 1.527184560515879 1.6032603369680931 
0.0 1.5271835595092995 1.6032550238624603 
0.0 1.5271771755755528 1.6032735618346803 
0.0 1.5271718778813632 1.6032676478802135 
0.0 1.5271799809630355 1.60326933890719 
0.0 1.5271784946983082 1.6032776548957512 
0.0 1.5271648795147814 1.603290782185581 
0.0 1.5271625629276562 1.6032723624362872 
0.0 1.5271505522119135 1.6032697026901268 
0.0 1.5271379729485075 1.6032738048743236 
0.0 1.5271403745488277 1.6032863851309334 
0.0 1.527151222813866 1.6032688796871601 
0.0 1.5271473235818358 1.6032754225766273 
0.0 1.527150020304584 1.6032690807050964 
0.0 1.5271463242667542 1.603276121724771 
0.0 1.5271387654872521 1.603281343158099 
0.0 1.5271414282746243 1.603281264158133 
0.0 1.5271327127992276 1.603293585852743 
0.0 1.5271345562275742 1.603305192715184 
0.0 1.5271455645026124 1.603294069112165 
0.0 1.5271361230813985 1.6032991910585894 
0.0 1.527132143706419 1.6032819738979633 
0.0 1.527135295523433 1.6032756485432182 
0.0 1.527137153203008 1.603274645431276 
0.0 1.5271292587486105 1.603274711451468 
0.0 1.527131201005127 1.6032873589137333 
0.0 1.5271321323542537 1.603286940547899 
0.0 1.5271313849934938 1.6032981099030716 
0.0 1.5271292247715305 1.603315248469512 
0.0 1.5271178037178712 1.6033057418695666 
0.0 1.5271093611368247 1.6033126775451647 
0.0 1.5271029092483184 1.6033176638624191 
0.0 1.5271122030485134 1.603345209290817 
0.0 1.527113402260804 1.6033551791548541 
0.0 1.5271204177307451 1.6033653877322656 
0.0 1.5271216116232615 1.6033693252249814 
0.0 1.5271206419040846 1.6033690076223068 
0.0 1.5271236080514816 1.6033688784351896 
0.0 1.5271276991402225 1.6033753416102727 
0.0 1.527121120393703 1.603381666008838 
0.0 1.5271233464947676 1.6033706275144912 
0.0 1.5271201476830452 1.6033703609077028 
0.0 1.5271110314786067 1.603352751867884 
0.0 1.5271123149062378 1.6033638415776956 
0.0 1.5271128713161828 1.6033585532911465 
0.0 1.5271138487169575 1.6033462723945082 
0.0 1.5271143335537858 1.6033409905419476 
0.0 1.5271114246920767 1.6033507502102589 
0.0 1.5271040423963285 1.6033544322731803 
0.0 1.5270927151120637 1.6033541477187994 
0.0 1.527098683892103 1.6033439359554473 
0.0 1.5270975859269083 1.603334529271143 
0.0 1.527093440714465 1.6033520880156396 
0.0 1.527079549302578 1.6033587800278462 
0.0 1.5270881878384126 1.6033643038338077 
0.0 1.5270895818013883 1.6033718669117802 
0.0 1.5270856197973055 1.6033764785716262 
0.0 1.5270750636206645 1.603367328460566 
0.0 1.527078923200285 1.6033739966134517 
0.0 1.5270840549370686 1.603373492541832 
0.0 1.527087439680949 1.6033799549337644 
0.0 1.527077152650155 1.6033680481593082 
0.0 1.527079581789831 1.6033644867747006 
0.0 1.5270820949830646 1.603370666566337 
0.0 1.5270787226232732 1.6033545601606245 
0.0 1.5270782036097985 1.6033569335070796 
0.0 1.5270774228870028 1.6033633189999523 
0.0 1.5270591324020186 1.6033525543978255 
0.0 1.527054660929448 1.6033675428485952 
0.0 1.5270639991190118 1.6033710606181781 
0.0 1.5270627803401087 1.6033661398245829 
0.0 1.5270472049974926 1.6033533783097846 
0.0 1.5270356558888578 1.6033629743245672 
0.0 1.527029000032528 1.6033539073175072 
0.0 1.527032800941532 1.6033544444338856 
0.0 1.5270315122783362 1.6033647027438478 
0.0 1.527041940178466 1.603370948906884 
0.0 1.5270463222921542 1.603364896272384 
0.0 1.5270416061030812 1.6033606593191374 
0.0 1.5270494303725772 1.6033566316717502 
0.0 1.5270405122803734 1.6033573804580354 
0.0 1.5270373480423272 1.6033578972697564 
0.0 1.5270429916456778 1.6033576239254612 
0.0 1.5270482947479376 1.603341442688997 
0.0 1.5270484441559864 1.6033466756243573 
0.0 1.527049742371956 1.6033370207265387 
0.0 1.5270344280257422 1.6033260147110548 
0.0 1.5270393839228347 1.603328506403195 
0.0 1.5270387459963168 1.6033329607452327 
0.0 1.5270429794877214 1.6033326855349728 
0.0 1.5270370280544527 1.6033316954602523 
0.0 1.527035816018952 1.6033370704517673 
0.0 1.5270338910082975 1.6033282948571492 
0.0 1.5270310372945322 1.6033179694094108 
0.0 1.5270365768101146 1.6033067227195232 
0.0 1.5270353062221078 1.6033054368654311 
0.0 1.5270312242483028 1.6033301045883843 
0.0 1.5270376270549488 1.603340846115641 
0.0 1.5270412712868722 1.6033551539819149 
0.0 1.5270336117730383 1.6033503494878436 
0.0 1.5270215078486036 1.6033445586972528 
0.0 1.5270152561453765 1.6033349176724219 
0.0 1.5270176841249725 1.6033338817692848 
0.0 1.5270103157691888 1.6033183538265576 
0.0 1.5270105015046438 1.6033145386216356 
0.0 1.527017690172028 1.6032942125108038 
0.0 1.527018102543481 1.6032886994585727 
0.0 1.5270204855519258 1.6032894076720638 
0.0 1.5270225283492562 1.603279505526555 
0.0 1.5270173637896411 1.6032809762590736 
0.0 1.5270137021219967 1.6032863268853048 
0.0 1.527014191135294 1.603290563442614 
0.0 1.5270013249419714 1.6032822273694467 
0.0 1.5269969535568217 1.6032830261965743 
0.0 1.5269959624526075 1.6032981038285965 
0.0 1.5270031977943155 1.6032836578462533 
0.0 1.5270096994817561 1.6032851559840546 
0.0 1.5270165033693497 1.6032913838787826 
0.0 1.5270204550729884 1.6032812656510984 
0.0 1.5270136822720985 1.6032775763898788 
0.0 1.5270079926055655 1.6032826813025516 
0.0 1.5270193409277115 1.6032937044861613 
0.0 1.5270245569152918 1.6032907449593958 
0.0 1.5270317410532381 1.6032966433005598 
0.0 1.5270475599422955 1.6032919800391836 
0.0 1.527042352445178 1.6032671277005062 
0.0 1.5270376958204428 1.6032738221718832 
0.0 1.5270494259784206 1.6032733929075595 
0.0 1.5270435182163 1.6032779766710308 
0.0 1.5270413357687849 1.6032742067007146 
0.0 1.5270445120643557 1.6032831027811403 
0.0 1.5270376812601019 1.6032741552561622 
0.0 1.527039573139473 1.6032758965628844 
0.0 1.527040503049316 1.6032808665505938 
0.0 1.5270353140834327 1.6032814860952476 
0.0 1.5270376764119222 1.6032958458931326 
0.0 1.527034918036568 1.6032802402529527 
0.0 1.5270368813114343 1.6032593616843265 
0.0 1.5270425766036673 1.6032635595053144 
0.0 1.5270478293972616 1.6032830703660141 
0.0 1.5270559220340783 1.6032744916283488 
0.0 1.5270658473833711 1.6032710273711803 
0.0 1.527077630103802 1.6032579070881157 
0.0 1.527087802681415 1.6032636711550878 
0.0 1.5270930448020084 1.6032583529426256 
0.0 1.5270817791795928 1.6032686044175528 
0.0 1.5270769514192744 1.6032555068743657 
0.0 1.5270756405709283 1.603256823670375 
0.0 1.5270807903658092 1.6032465941373144 
0.0 1.5270785934358997 1.6032566847554761 
0.0 1.5270722207092755 1.6032333896040956 
0.0 1.5270715963558712 1.603219418468252 
0.0 1.5270650153543295 1.6032092551245256 
0.0 1.5270615140170531 1.6032041711581722 
0.0 1.527058390788762 1.6032041482981558 
0.0 1.5270645077109035 1.6032040515510875 
0.0 1.5270680696349224 1.6031954868001212 
0.0 1.5270761703261901 1.6032054070869783 
0.0 1.5270713652281225 1.6032053809433844 
0.0 1.527077657505547 1.6032160437177079 
0.0 1.5270828633415474 1.6032208927250395 
0.0 1.527072930024763 1.603230789848685 
0.0 1.5270793981998818 1.6032360201883284 
0.0 1.5270819266879596 1.603249385979612 
0.0 1.527089295048699 1.6032502491645888 
0.0 1.5270927273131114 1.603255562307876 
0.0 1.52708405839374 1.6032456357213252 
0.0 1.527075728492273 1.6032412016908464 
0.0 1.5270751174965322 1.6032319121262166 
0.0 1.5270680531159986 1.6032191279143495 
0.0 1.5270709110615346 1.6032282805617428 
0.0 1.5270728621825687 1.603220290045315 
0.0 1.5270746220727889 1.6032161118343606 
0.0 1.5270734622377773 1.603219237852138 
0.0 1.5270726493756943 1.6032095214174396 
0.0 1.527077885025509 1.6032003843945453 
0.0 1.5270819244801954 1.603195133873147 
0.0 1.5270854232781859 1.6032089608222333 
0.0 1.5270868869045124 1.603200254723262 
0.0 1.5270878500688145 1.6032058362773047 
0.0 1.5270924045876841 1.6032122314289552 
0.0 1.5271007037996864 1.603200605142224 
0.0 1.5271034509865131 1.6031925185713138 
0.0 1.5271040442118118 1.6031928030797609 
0.0 1.527100984784345 1.6031854457747465 
0.0 1.5271028621193918 1.6031778010222755 
0.0 1.5271038383831532 1.6031680950020448 
0.0 1.5271140581398026 1.6031728934356093 
0.0 1.5271184243548073 1.603173802208237 
0.0 1.5271139331846457 1.6031787324383757 
0.0 1.5271149906456944 1.6031793336802238 
0.0 1.527111292652845 1.603174426339445 
0.0 1.5271063108021392 1.6031719078613285 
0.0 1.527113853424749 1.6031647727084326 
0.0 1.527112510272628 1.603156223313011 
0.0 1.527110252782195 1.6031611250540103 
0.0 1.5271073239615782 1.6031660070168678 
0.0 1.5270993675223816 1.6031613637695772 
0.0 1.5270979584594617 1.603151812496761 
0.0 1.5270998156629452 1.6031432867833861 
0.0 1.5271037733651636 1.6031489347421584 
0.0 1.5271014980144129 1.603141054405564 
0.0 1.5270951174415632 1.603140520267221 
0.0 1.5271026117238569 1.603123629281035 
0.0 1.5271040460190188 1.6031285314438664 
0.0 1.5271037614252458 1.6031299188989705 
0.0 1.5271020742046781 1.6031260350348944 
0.0 1.5270997729580973 1.603131526075296 
0.0 1.5271049354016704 1.603141040621308 
0.0 1.5271054897012595 1.6031542717761695 
0.0 1.5271107060961955 1.603163112559952 
0.0 1.527116458743793 1.6031631830090454 
0.0 1.5271198324576558 1.6031591374027208 
0.0 1.5271236794704686 1.6031622856933994 
0.0 1.5271196789330757 1.6031629811996084 
0.0 1.5271187866491762 1.6031638535359334 
0.0 1.5271254760773134 1.6031553513562433 
0.0 1.5271260114140888 1.6031732536827632 
0.0 1.527124392275404 1.6031707259017953 
0.0 1.5271332778768356 1.6031831865860129 
0.0 1.5271375482590086 1.6031747893843284 
0.0 1.5271306698412197 1.603175457001221 
0.0 1.527130379176886 1.6031707836694271 
0.0 1.5271307648967405 1.6031576103593983 
0.0 1.5271269627173414 1.6031584701704231 
0.0 1.5271386221129017 1.6031689233692066 
0.0 1.5271523131702185 1.6031781155267022 
0.0 1.5271535432275771 1.6031697331161012 
0.0 1.52714929971905 1.6031661979093372 
0.0 1.5271444238631258 1.6031625305170631 
0.0 1.5271462277671288 1.6031687022551402 
0.0 1.527148619175361 1.6031692155043469 
0.0 1.5271471079780847 1.6031738175206094 
0.0 1.527148810406478 1.603174528645214 
0.0 1.5271397353191736 1.60317895745388 
0.0 1.5271414423285743 1.6031711679589722 
0.0 1.5271420847812847 1.6031827074220468 
0.0 1.5271401072137794 1.6031803394734954 
0.0 1.5271291668445321 1.6031818425453208 
0.0 1.5271312442768648 1.603178623733927 
0.0 1.5271266692528058 1.6031843963186463 
0.0 1.527128491817871 1.6031799430324927 
0.0 1.5271375648679446 1.6031804217210202 
0.0 1.5271462068874206 1.6031873318524175 
0.0 1.5271362902529573 1.6031795272773095 
0.0 1.5271369945421929 1.60317872153467 
0.0 1.5271275602674228 1.603182501790155 
0.0 1.5271187675212239 1.603174205437592 
0.0 1.5271168549167122 1.6031744359782127 
0.0 1.5271084276580795 1.6031702365986233 
0.0 1.5271101699468494 1.6031792426202955 
0.0 1.5271140486267107 1.6031715600009397 
0.0 1.5271101771528703 1.6031717817639386 
0.0 1.5271124485884857 1.6031804452656169 
0.0 1.5271095979209328 1.6031887205748963 
0.0 1.5271025099910462 1.603187451304692 
0.0 1.52710036760016 1.6031889074491443 
0.0 1.527102923299467 1.6031939267636517 
0.0 1.5271032366984048 1.6031937785107186 
0.0 1.5270991038620896 1.6031971751576173 
0.0 1.5270976403392493 1.6031942620166526 
0.0 1.527097365379273 1.6031920157696764 
0.0 1.527106107146064 1.6032063080465293 
0.0 1.5271116610234594 1.603189766545291 
0.0 1.527108753598537 1.6031892905657685 
0.0 1.5271085268285993 1.6031856441480783 
0.0 1.527099924517622 1.6031937088349717 
0.0 1.5270954588432166 1.6031826182224227 
0.0 1.5270926257614479 1.6031825030895908 
0.0 1.527089584960851 1.6031977499101813 
0.0 1.5270891234284374 1.60320562875545 
0.0 1.5270869499818478 1.603214244578205 
0.0 1.527081899428528 1.6032099571689604 
0.0 1.5270833997024262 1.6032104730205154 
0.0 1.5270807387738035 1.6032028659568645 
0.0 1.5270828513891248 1.6032077028250418 
0.0 1.5270790334789355 1.6032016852020439 
0.0 1.527079736346094 1.6032051587686682 
0.0 1.5270778951148367 1.6032028789467638 
0.0 1.5270845476134884 1.6032039904116135 
0.0 1.527076448367723 1.6031967720978582 
0.0 1.5270812176625406 1.603198001889778 
0.0 1.5270786405535615 1.603210779651985 
0.0 1.5270784704632303 1.603210865529034 
0.0 1.5270786719254066 1.6032101298145576 
0.0 1.527073009328134 1.6031980545279814 
0.0 1.5270667438827201 1.6032094431367248 
0.0 1.5270637924986539 1.6032178529211563 
0.0 1.5270620620453865 1.603217618880099 
0.0 1.5270656416054798 1.6032229555941138 
0.0 1.527067310472207 1.6032235014447171 
0.0 1.5270770110218377 1.603223836223441 
0.0 1.5270835886486518 1.603226504406175 
0.0 1.5270856568805269 1.60323107064879 
0.0 1.527085614216253 1.6032281689098922 
0.0 1.527083638596935 1.6032277592859074 
0.0 1.527077963014719 1.6032206604742036 
0.0 1.5270695743098877 1.6032117782253714 
0.0 1.5270767587075187 1.6032159783526145 
0.0 1.5270718446779414 1.6032203926744812 
0.0 1.5270654105515127 1.6032197225265268 
0.0 1.5270671871243349 1.603219848751036 
0.0 1.5270700753125068 1.6032319882776078 
0.0 1.5270740372522054 1.6032368529005234 
0.0 1.5270766650490566 1.6032478474649707 
0.0 1.527067346225196 1.6032448058288122 
0.0 1.527062562575521 1.603237371316196 
0.0 1.5270594520837615 1.6032338043032723 
0.0 1.5270581925098776 1.603230891347334 
0.0 1.5270657216807224 1.6032286828254279 
0.0 1.5270705324660276 1.6032333790726625 
0.0 1.52707005245808 1.603226891006767 
0.0 1.5270679781877665 1.6032268439861452 
0.0 1.5270659908861568 1.603227267248722 
0.0 1.52706625729797 1.6032266581740253 
0.0 1.527065295367367 1.6032189776374106 
0.0 1.5270613699861486 1.6032270086561042 
0.0 1.5270663563042348 1.6032235349449806 
0.0 1.5270652330438796 1.6032287644427143 
0.0 1.5270723234658194 1.6032253843785804 
0.0 1.52707206605299 1.603229084450387 
0.0 1.5270668492385187 1.603237599619258 
0.0 1.5270644664178397 1.6032313083298204 
0.0 1.5270640995648448 1.6032343240990752 
0.0 1.5270621987519752 1.6032376504791646 
0.0 1.5270620551989016 1.603234044868409 
0.0 1.5270573874546618 1.603237365471234 
0.0 1.52706080139378 1.6032409750989132 
0.0 1.5270664863242784 1.6032486588113124 
0.0 1.527064491492071 1.6032385744216124 
0.0 1.5270605972746545 1.6032429541320248 
0.0 1.5270588319584522 1.6032282637616193 
0.0 1.5270609058972677 1.603239739878065 
0.0 1.5270670060202414 1.6032369470132344 
0.0 1.5270735329870213 1.6032298009842756 
0.0 1.5270681838777784 1.6032268775860588 
0.0 1.5270611315580285 1.6032166882770755 
0.0 1.5270652435046035 1.6032131932196019 
0.0 1.527060460147639 1.6032099540374025 
0.0 1.52705515761787 1.6032198884891342 
0.0 1.5270560243634639 1.6032172457823712 
0.0 1.5270604091785724 1.603220779775865 
0.0 1.5270613228667094 1.603214860288623 
0.0 1.5270630334238784 1.6032188197117831 
0.0 1.527066930094301 1.603233369747848 
0.0 1.5270633947534382 1.60324015674151 
0.0 1.5270681135282347 1.6032342677742393 
0.0 1.5270714018725904 1.6032337595098323 
0.0 1.5270742771915329 1.6032350117034952 
0.0 1.5270733638898362 1.6032355626928143 
0.0 1.5270775089808808 1.6032433002938202 
0.0 1.5270737991526937 1.6032444089050109 
0.0 1.527075262751271 1.6032516309345954 
0.0 1.5270718143609257 1.6032446041636277 
0.0 1.5270682577587416 1.6032296691601269 
0.0 1.5270687732087151 1.6032378551055122 
0.0 1.5270666261574262 1.6032415808599578 
0.0 1.5270681454323045 1.6032350385760457 
0.0 1.5270665279042306 1.603227262234952 
0.0 1.5270659476027895 1.6032207821334732 
0.0 1.527064390367568 1.6032110622703306 
0.0 1.5270651284827297 1.603208098591025 
0.0 1.5270679080110916 1.6032018785199609 
0.0 1.5270673041334066 1.603208387472776 
0.0 1.5270734370018115 1.6032052001323638 
0.0 1.5270689118371619 1.603210172264702 
0.0 1.5270638426278114 1.6032101476298377 
0.0 1.5270627798959746 1.6032029728891932 
0.0 1.5270599380966547 1.6032127735668897 
0.0 1.5270615263281921 1.6032082800668725 
0.0 1.5270681719671653 1.6032180207186417 
0.0 1.5270661063310882 1.6032113449092826 
0.0 1.5270620953062837 1.6032145298909288 
0.0 1.5270574515477449 1.6032074722167626 
0.0 1.5270644163390539 1.6032116932151013 
0.0 1.5270592678871018 1.6032145277143064 
0.0 1.5270600228670208 1.6032180144774455 
0.0 1.5270639902487972 1.6032298881383154 
0.0 1.5270648817606411 1.6032298409408394 
0.0 1.5270657497461484 1.6032308193273286 
0.0 1.5270614422998499 1.6032307710463676 
0.0 1.5270538303030892 1.6032372497926655 
0.0 1.527052942750577 1.6032346779932554 
0.0 1.5270531578751985 1.6032417460280888 
0.0 1.5270571944789875 1.6032530758843122 
0.0 1.5270591916604854 1.6032568781960586 
0.0 1.5270582239959376 1.6032578771851105 
0.0 1.5270574279569498 1.603256431479365 
0.0 1.5270584926705957 1.6032561827229608 
0.0 1.5270588813983539 1.6032556646632599 
0.0 1.5270576143175736 1.6032561005476496 
0.0 1.5270638249323985 1.6032706373852774 
0.0 1.527065012380394 1.6032731431319749 
0.0 1.527060810349574 1.6032869036809003 
0.0 1.527061925332931 1.6032831843631075 
0.0 1.5270648638045006 1.6032966387714094 
0.0 1.527070265368951 1.6033070019233147 
0.0 1.5270690409049206 1.603304335085955 
0.0 1.527068323839662 1.6033084685225436 
0.0 1.5270664281612019 1.6033085639924 
0.0 1.527061793591201 1.6033037396149838 
0.0 1.5270607849374018 1.6033010312268998 
0.0 1.5270593500034004 1.6032978407551952 
0.0 1.5270511477399566 1.6032807029108729 
0.0 1.527049038752085 1.6032777989668503 
0.0 1.5270522225637388 1.6032805175077538 
0.0 1.5270512807628391 1.6032881884923196 
0.0 1.5270481491790246 1.6032891507698588 
0.0 1.5270447275243666 1.6032928870167695 
0.0 1.5270369928244625 1.6032990257514033 
0.0 1.5270274227126501 1.6033055207148768 
0.0 1.527022220489197 1.6033090709215307 
0.0 1.527027619829156 1.603313127194265 
0.0 1.5270267434472742 1.6033105620261543 
0.0 1.5270200757545662 1.6033134570679786 
0.0 1.5270237819907204 1.6033107364282069 
0.0 1.527024723517007 1.6033207009155175 
0.0 1.5270246654309145 1.6033245604442379 
0.0 1.5270274736750953 1.6033137110695064 
0.0 1.527031611710677 1.6033047042067017 
0.0 1.527031349323135 1.6033015838368887 
0.0 1.5270334842717757 1.6033011409764004 
0.0 1.5270354429472526 1.6033106117083045 
0.0 1.5270359628689125 1.6033040867078003 
0.0 1.5270340404993563 1.6032919361270737 
0.0 1.5270323514493527 1.6032847696146375 
0.0 1.5270307359631292 1.6032827402657186 
0.0 1.5270317822247592 1.6032799686789019 
0.0 1.527034395419106 1.6032824912355101 
0.0 1.5270324596299265 1.603275787355868 
0.0 1.5270382561640292 1.603276565158963 
0.0 1.5270420460086955 1.6032766453671945 
0.0 1.5270352517047137 1.6032741936842811 
0.0 1.5270345975126531 1.6032686947522592 
0.0 1.5270281998212862 1.6032587239364413 
0.0 1.5270336559755369 1.6032587074090079 
0.0 1.527032827692631 1.60325273528151 
0.0 1.527034338783159 1.6032537777393463 
0.0 1.5270300912893102 1.6032535320721704 
0.0 1.5270280567883747 1.6032542789839659 
0.0 1.5270225470798804 1.6032540793943308 
0.0 1.527028000163148 1.6032511035980337 
0.0 1.5270354047771137 1.6032549713576112 
0.0 1.5270330403697374 1.6032529220182203 
0.0 1.5270332498702863 1.6032596646328319 
0.0 1.5270262955291463 1.6032492119373343 
0.0 1.527029623698249 1.6032495786816334 
0.0 1.527033971961924 1.6032531302030928 
0.0 1.5270391660259 1.6032535488782118 
0.0 1.5270464020922565 1.603252848322732 
0.0 1.5270483273240414 1.6032559328959577 
0.0 1.5270484672444156 1.6032585188602595 
0.0 1.527054897091805 1.6032613626308456 
0.0 1.5270617643284932 1.6032649441583742 
0.0 1.5270664833804002 1.603272255575647 
0.0 1.5270691669866074 1.6032716095166588 
0.0 1.527071984040701 1.6032712862483216 
0.0 1.5270636512522702 1.603273831271566 
0.0 1.5270644459492562 1.6032744891031876 
0.0 1.5270647178351828 1.603275121950794 
0.0 1.5270681731907985 1.603281920424978 
0.0 1.5270686507978306 1.6032946452972656 
0.0 1.5270693938670108 1.6033011750546442 
0.0 1.5270621062608294 1.6032939412208012 
0.0 1.5270547419313636 1.6032870821505747 
0.0 1.5270548505123 1.6032894379381384 
0.0 1.5270566975173245 1.6032859940511648 
0.0 1.5270580559318203 1.6032865970802623 
0.0 1.527066767118527 1.603297091949737 
0.0 1.527070492626054 1.603296595731666 
0.0 1.5270781630985122 1.6033066050876223 
0.0 1.5270793750917666 1.6033067032077557 
0.0 1.5270759247207797 1.603317249133949 
0.0 1.527072448324324 1.6033272918125248 
0.0 1.5270747227798265 1.6033112889758434 
0.0 1.5270777388629946 1.6033116336181152 
0.0 1.5270847655484199 1.6033145402972437 
0.0 1.5270907313468047 1.6033139620091788 
0.0 1.5270898008483094 1.603319935051792 
0.0 1.5270855126779372 1.6033106408209599 
0.0 1.527091303348308 1.6033054553310429 
0.0 1.5270960213754043 1.6033025188705334 
0.0 1.5270970377746558 1.6033024035776302 
0.0 1.5271027363126182 1.6033118173461518 
0.0 1.527108462606411 1.6033153448332311 
0.0 1.527107152599127 1.6033029022432468 
0.0 1.5271076047861263 1.6033056109519634 
0.0 1.5271116132239277 1.603312362017606 
0.0 1.5271104351931406 1.6033158247679917 
0.0 1.5271101623083025 1.6033139055176369 
0.0 1.5271072784251263 1.6033199385690555 
0.0 1.527109596383712 1.6033178353070892 
0.0 1.5271054045268904 1.6033122290195743 
0.0 1.5271075284107003 1.6033031159520483 
0.0 1.5270994205961455 1.6032932393930626 
0.0 1.5270957261865954 1.6032836938067083 
