0.0 0.8252784698152701 1.6094379124341005 
0.0 1.2958672424575672 1.599221256587268 
0.0 1.3790841862269962 1.607740039453278 
0.0 1.4124031354221838 1.6088767432280666 
0.0 1.4384597719112464 1.6088813426113444 
0.0 1.4522129389259124 1.6085222226069371 
0.0 1.4592894394990021 1.6077658110944222 
0.0 1.4609658420863139 1.6065097757804185 
0.0 1.4637628454936287 1.606241763771105 
0.0 1.4648400861985864 1.6054121652553848 
0.0 1.4649650562699599 1.6048839361326466 
0.0 1.4646802248131818 1.60464239558819 
0.0 1.466391522760053 1.6044924595061951 
0.0 1.4664022090819249 1.6040652130758937 
0.0 1.4664145654515162 1.60372368246615 
0.0 1.466072502549475 1.6033226729933185 
0.0 1.465567592570786 1.603015007915236 
0.0 1.4652766890869573 1.6036889769333467 
0.0 1.4645435676164542 1.603962227295991 
0.0 1.464100569447107 1.6042551696423402 
0.0 1.4643244413906678 1.604217780847362 
0.0 1.4645051082924567 1.6044069810675432 
0.0 1.4635398363701622 1.6043687881309723 
0.0 1.462735440000453 1.6039938258929152 
0.0 1.4626075325261882 1.6038408343397734 
0.0 1.4622122916411353 1.604045781808669 
0.0 1.4616586929884705 1.6041050356775552 
0.0 1.4612899087245514 1.6036918010824455 
0.0 1.4609625502532473 1.6036863129739194 
0.0 1.4605968321820784 1.6035405480137743 
0.0 1.4598922694430454 1.6032777642880078 
0.0 1.459688198022431 1.603238397002958 
0.0 1.4578118570818264 1.603108931581818 
0.0 1.45796996780719 1.6029626556226497 
0.0 1.4581685607061234 1.60279933417743 
0.0 1.4580298201239663 1.6028239380566132 
0.0 1.4583835251224817 1.6028131873546625 
0.0 1.4581940777905371 1.602465414715981 
0.0 1.4568123539299735 1.6023315704901013 
0.0 1.455060380109847 1.6017221385575282 
0.0 1.4538167921508562 1.6010960924227335 
0.0 1.4526808768083406 1.6006908917128166 
0.0 1.4508207354622362 1.6001238080468234 
0.0 1.4484548085444184 1.5992837087042377 
0.0 1.446649509858238 1.5986526606249463 
0.0 1.4447022883996077 1.5981599027856657 
0.0 1.4424393174503016 1.597350313494137 
0.0 1.4412364099988022 1.5966821061501546 
0.0 1.4395440773255928 1.59618297601488 
0.0 1.4383074649775438 1.5956473068315704 
0.0 1.4372585389188164 1.5952887662856958 
0.0 1.4356012344253182 1.5948748146385348 
0.0 1.433527303356099 1.594212185889431 
0.0 1.432857349697114 1.5937791894919182 
0.0 1.4328626144025216 1.5935549678833318 
0.0 1.43201446783714 1.5940234798721171 
0.0 1.4309827151825754 1.5944000925282116 
0.0 1.4294166870352434 1.5945877261110613 
0.0 1.427590338735964 1.5958496940280043 
0.0 1.4260132191388313 1.59629867163904 
0.0 1.4251753775382576 1.597617220326575 
0.0 1.425132655694436 1.598302935707681 
0.0 1.4237590913072022 1.5989944543521992 
0.0 1.4222223917314625 1.5992670000685454 
0.0 1.4218334040306304 1.6001275443233727 
0.0 1.420582647713399 1.6009537240330203 
0.0 1.4188529758490038 1.6015985568621296 
0.0 1.4181278950943117 1.6019539371290246 
0.0 1.4177018870320557 1.602051867634036 
0.0 1.417297165349765 1.6025344540031317 
0.0 1.416749697284357 1.602941189555386 
0.0 1.4154651966996248 1.6033957181565919 
0.0 1.4144205239124679 1.6036270230940937 
0.0 1.4136067184166041 1.603979918010494 
0.0 1.4133292533918689 1.6042492843042366 
0.0 1.4121820651613177 1.6044213442258966 
0.0 1.4113219252945322 1.604551694214244 
0.0 1.4100479059914657 1.6046835437749598 
0.0 1.4096455518289748 1.6048008248020824 
0.0 1.4086990398506651 1.60491378542069 
0.0 1.4072355187924226 1.6050420112523447 
0.0 1.4059051825959035 1.6050063115791262 
0.0 1.40494677325527 1.604973224581341 
0.0 1.4042007176701925 1.6048119641160106 
0.0 1.4031712950799868 1.6047105436849531 
0.0 1.4022527240960696 1.6046430319536267 
0.0 1.4022464310455083 1.604332762047244 
0.0 1.4024701043084629 1.6043525920129447 
0.0 1.402462016207168 1.6041558987623894 
0.0 1.401542151082616 1.603987046337826 
0.0 1.4005074901920833 1.6040546896571692 
0.0 1.399877426629696 1.6040385887307251 
0.0 1.3989384441849388 1.6037953269627592 
0.0 1.3981254357292876 1.6036547576958937 
0.0 1.397053883886392 1.6032708064844414 
0.0 1.3967391761541443 1.603087339750491 
0.0 1.3960748634661952 1.6027638808076934 
0.0 1.3950136458582862 1.6024695901733161 
0.0 1.3950907389426108 1.6027881874386012 
0.0 1.3953003958240255 1.6025378766622211 
0.0 1.3946024623417705 1.602023273537243 
0.0 1.3940598647117497 1.6017615831636987 
0.0 1.393070164671505 1.6013369116392115 
0.0 1.3926054344694383 1.6014041860006771 
0.0 1.3916970181243633 1.6009204043851544 
0.0 1.3906192527756482 1.6010544860731413 
0.0 1.389483608480165 1.6009925470068673 
0.0 1.3892457037959896 1.6012426190489975 
0.0 1.388600362011038 1.6013176417874526 
0.0 1.3876068118322054 1.6009941605745546 
0.0 1.3870542175502298 1.6005622573516816 
0.0 1.3862890489905504 1.600218634551506 
0.0 1.3856053008886002 1.5996355418201755 
0.0 1.3853959739080273 1.599169267299586 
0.0 1.3849959070766296 1.5985914735929243 
0.0 1.3844905408793169 1.5979693426151196 
0.0 1.3835525862001372 1.5973175926522023 
0.0 1.3824949302406093 1.5967359227264377 
0.0 1.3817121182171739 1.5962722055123353 
0.0 1.3807673986639724 1.5963337517202536 
0.0 1.379992741298977 1.595807631553634 
0.0 1.3791358178036934 1.595790288455404 
0.0 1.3784564669146089 1.5954405435817125 
0.0 1.378266479222903 1.595104098948584 
0.0 1.3776421469298918 1.594637549574434 
0.0 1.3768339964899772 1.5941070585925332 
0.0 1.3762932736338411 1.5936995905492368 
0.0 1.3759360426792218 1.5930603864899122 
0.0 1.375621705578073 1.5933172093991177 
0.0 1.3749150360286828 1.5927401613295122 
0.0 1.3740040892349943 1.5921779301645385 
0.0 1.3729925571153172 1.5922786988202098 
0.0 1.3729873227900886 1.5924020589057564 
0.0 1.3723838673430055 1.5919107279167397 
0.0 1.3719245740425523 1.5915579551280543 
0.0 1.3719430469067602 1.590848144755632 
0.0 1.3726732130151142 1.5903374745804384 
0.0 1.3726458509957602 1.5897851028060956 
0.0 1.371961185220067 1.5892724457407985 
0.0 1.3711525830721747 1.589567662526283 
0.0 1.370345512849411 1.5898196371243156 
0.0 1.3699750512859938 1.589808854102339 
0.0 1.3695579549560475 1.589870508295224 
0.0 1.3688204740263386 1.5899826790505034 
0.0 1.3683887754335018 1.5903585321793456 
0.0 1.3677516355897947 1.590574155413049 
0.0 1.366951758406729 1.5905748339355 
0.0 1.3660910880052706 1.5904064227389711 
0.0 1.3652355252493442 1.5901692327411534 
0.0 1.3648092441355482 1.5903896812798544 
0.0 1.3641127167439029 1.5904093834223398 
0.0 1.3632999764598732 1.5905191970190784 
0.0 1.3624781562721349 1.590363600412597 
0.0 1.3620276241579437 1.5904307288335542 
0.0 1.361395207075117 1.5905613378611663 
0.0 1.3606258630830528 1.5906985113136884 
0.0 1.359827100152861 1.5902702174168777 
0.0 1.3590461369138882 1.5901626776155138 
0.0 1.3582728124086503 1.5901892655233518 
0.0 1.3574903330246884 1.5900435448737658 
0.0 1.3573509527780987 1.5901073298038244 
0.0 1.35684327572661 1.5901252963625707 
0.0 1.3562823173138492 1.590247541175138 
0.0 1.35564843146858 1.5901802831593368 
0.0 1.355197417919911 1.5900860509617405 
0.0 1.3546500966250923 1.5900893358943897 
0.0 1.355003314832881 1.5901529433311021 
0.0 1.3547046685975783 1.5899820052966693 
0.0 1.3541761038763045 1.5898442464203664 
0.0 1.3535466384781711 1.5896276374573113 
0.0 1.353042294698451 1.5894774270563579 
0.0 1.3524479020453408 1.5894871846628669 
0.0 1.3517785371817976 1.5892538823250149 
0.0 1.351331794843186 1.5893574024793975 
0.0 1.3512249888504357 1.589340583814928 
0.0 1.3507293415041541 1.5892339836838338 
0.0 1.3500524205319857 1.5890084631469295 
0.0 1.3499376794559577 1.5890655146300816 
0.0 1.349829929004703 1.589129917265322 
0.0 1.3493537820445738 1.5891083444946987 
0.0 1.3487228024760376 1.589042345545435 
0.0 1.3482713949402285 1.5888573116302935 
0.0 1.3476837993173068 1.588641629008123 
0.0 1.34782747883523 1.588777563680166 
0.0 1.3479323194627926 1.5888136480324604 
0.0 1.3479348127693334 1.5886099489909842 
0.0 1.3474100454750253 1.588358052458378 
0.0 1.346790440906321 1.5882437310082644 
0.0 1.3465460024375195 1.58821798701038 
0.0 1.3470076713766166 1.5881378234941537 
0.0 1.3476546665886813 1.5881840994202736 
0.0 1.347789402990327 1.5881473155994834 
0.0 1.347301308086077 1.5880604200780843 
0.0 1.3468392647327736 1.5879308415152025 
0.0 1.347078722856089 1.5879467487095427 
0.0 1.3468088064297128 1.5877763479548064 
0.0 1.3461550221433212 1.5876363851051736 
0.0 1.3456683779570437 1.5874720505781421 
0.0 1.346144627273716 1.587540190005901 
0.0 1.3467522560168734 1.5874857018378496 
0.0 1.3465068305464187 1.5872094664934977 
0.0 1.3458257928037929 1.586987267679033 
0.0 1.3451500254871316 1.5867015464518028 
0.0 1.344714914401971 1.5865243756300536 
0.0 1.3440996723683074 1.5863839607628354 
0.0 1.3434621523519945 1.5862460914421932 
0.0 1.3429851217525448 1.5863667444300846 
0.0 1.3424553571186346 1.5862816613765505 
0.0 1.3420499967915926 1.5860359017919052 
0.0 1.3415107223301999 1.5859743324746556 
0.0 1.3411139538400352 1.585879220619974 
0.0 1.3406745041478436 1.5858932659220797 
0.0 1.3400858056405633 1.5856763497527608 
0.0 1.3395418105199086 1.5855721311084914 
0.0 1.3391286377546114 1.58540854960565 
0.0 1.338632519142636 1.5853396527482164 
0.0 1.3383474311225558 1.5852411748918331 
0.0 1.3379453099681562 1.5852593308826868 
0.0 1.3379296594459649 1.5852797066751927 
0.0 1.3375936278228246 1.5852538690758693 
0.0 1.3371107770927522 1.5851309753384206 
0.0 1.3366615416266943 1.585113857170962 
0.0 1.3361835790024537 1.5849337728530306 
0.0 1.3358618261987827 1.5848122299200373 
0.0 1.3357166926909763 1.5847650640867592 
0.0 1.3354032090266605 1.5847402016226724 
0.0 1.3349017610273937 1.5846337102025734 
0.0 1.3344163627966799 1.58448925517685 
0.0 1.3338712375147024 1.5843859699729512 
0.0 1.3333073894383896 1.5844116807932498 
0.0 1.3329585104149704 1.5842290357987363 
0.0 1.3325953491594653 1.5842629842638474 
0.0 1.3322234358271094 1.5842856901306093 
0.0 1.3319981103362295 1.5843098976549244 
0.0 1.3320516995572105 1.5842309582260756 
0.0 1.3318725590071945 1.5840571466810656 
0.0 1.33187583686046 1.5841015807532683 
0.0 1.3315727549769747 1.5840607923267405 
0.0 1.3310301505899045 1.583940637260127 
0.0 1.330452488955429 1.5837194726331911 
0.0 1.3298763133096958 1.5836959608159078 
0.0 1.329473134943375 1.5835611542147725 
0.0 1.3289622908348337 1.5834653658706719 
0.0 1.3290223981402738 1.5837154583217394 
0.0 1.3287713410076663 1.5836172998428575 
0.0 1.3282748048753992 1.5834248099836516 
0.0 1.3277231555533129 1.583417594631064 
0.0 1.32728979904266 1.5831889932351062 
0.0 1.3272813019261964 1.5830177328343886 
0.0 1.3273881685748892 1.5830348252584852 
0.0 1.3280119852591705 1.5829615286174552 
0.0 1.3284690955805252 1.5830119392413384 
0.0 1.3283076972348802 1.5829642200680998 
0.0 1.3278913497090838 1.5827929543439534 
0.0 1.3281809888028502 1.5826174452863866 
0.0 1.3282851465525078 1.5825957758189801 
0.0 1.327891281337377 1.5825667020969418 
0.0 1.3275783558495573 1.5824217135637104 
0.0 1.3272137337008547 1.5822793527368628 
0.0 1.327194637890125 1.5824004763774684 
0.0 1.326980056088517 1.582449332972494 
0.0 1.3264910654240765 1.5822435360869869 
0.0 1.3268599733515707 1.5822016372881769 
0.0 1.3268595705453143 1.5820064720100222 
0.0 1.3270748745698 1.5819996239391103 
0.0 1.3269912284783167 1.581886062980045 
0.0 1.3267804866541946 1.5818835653322134 
0.0 1.3269675408267145 1.5817770743109096 
0.0 1.3267997749017006 1.5816834460666171 
0.0 1.3264616853550706 1.5815332239127289 
0.0 1.3262925980295994 1.5813535809208255 
0.0 1.3265309448574238 1.5814674742983608 
0.0 1.326924262426199 1.5814360853063087 
0.0 1.326728992508939 1.5813147178224953 
0.0 1.3264856953904722 1.5811415238520583 
0.0 1.3263427380562594 1.5810894001973481 
0.0 1.3261235768820743 1.5811804495573398 
0.0 1.3259912894270363 1.581172065886235 
0.0 1.3259603488822234 1.5810565436171167 
0.0 1.3264438143435062 1.5810297455506785 
0.0 1.3268524472328715 1.5810949148936957 
0.0 1.3270806538228732 1.5811312797335637 
0.0 1.3268440902152945 1.5810586630098014 
0.0 1.3266251595682996 1.5809903904873965 
0.0 1.3262314714408543 1.580841390941242 
0.0 1.3258182510308645 1.5807311797661128 
0.0 1.325379352455577 1.5807159916253635 
0.0 1.3253947958504593 1.5806934709420444 
0.0 1.3255341135979561 1.5806731213319583 
0.0 1.3252733517015305 1.5806631177468398 
0.0 1.3250192305951258 1.58053365203532 
0.0 1.3255642309801399 1.5806080367901696 
0.0 1.3263883865424133 1.5807402959719383 
0.0 1.3266976964179296 1.5808666374987612 
0.0 1.3269713144215818 1.58099961995255 
0.0 1.3267584434219335 1.5811348173887219 
0.0 1.3264032204571286 1.5810423198218955 
0.0 1.3262222206147052 1.5809769934041042 
0.0 1.3266498495444108 1.5810971887306176 
0.0 1.3268750463393506 1.5810607227670794 
0.0 1.3267745516389051 1.5810477197247446 
0.0 1.326435677110283 1.5811472095955967 
0.0 1.3262549288149292 1.5810879385055796 
0.0 1.3264181504500898 1.5811459238410364 
0.0 1.3262529998552905 1.5812548774560828 
0.0 1.326043985413108 1.5811512447815679 
0.0 1.3263421089293388 1.5811527775021406 
0.0 1.3262217887848782 1.5811031616435414 
0.0 1.3260459916683094 1.5810089185556355 
0.0 1.3257872602231284 1.5809074295280843 
0.0 1.3254828602461162 1.5807993877224356 
0.0 1.3251641348639924 1.5806849831478873 
0.0 1.3247753443825223 1.5806134166614703 
0.0 1.3243797728476698 1.5806561115391649 
0.0 1.3240637248487286 1.5806436751538915 
0.0 1.3236892371580369 1.5806124397069352 
0.0 1.3236754573123015 1.5805797391987644 
0.0 1.3234917914698825 1.580473937220116 
0.0 1.3237865298001674 1.5804301273352135 
0.0 1.3237726343775906 1.5804121060898784 
0.0 1.3235098514256043 1.5804900849483212 
0.0 1.323243010605027 1.5805163103195041 
0.0 1.3233889969416222 1.5805193827954649 
0.0 1.3232767424657 1.5806093905318526 
0.0 1.3230731934939024 1.580543839561193 
0.0 1.3227679332895605 1.5805011526913717 
0.0 1.3225050860756111 1.5803247850282225 
0.0 1.3222193078820044 1.580320393203577 
0.0 1.3221320677102137 1.5803236743595475 
0.0 1.3223393762180156 1.5803911231835166 
0.0 1.3223556516906119 1.5804880972397957 
0.0 1.3222445691907938 1.5804395582592 
0.0 1.3222611683656578 1.5804590101238354 
0.0 1.3227728050688354 1.5805593163119098 
0.0 1.3230344968724206 1.580620003599778 
0.0 1.3232102567542638 1.5807286023709683 
0.0 1.3229834793895099 1.5807600101607182 
0.0 1.322993239548586 1.5809319420959689 
0.0 1.3231318709262123 1.5809080283629666 
0.0 1.322867093498207 1.5809229008623877 
0.0 1.3224965087144007 1.580902728056571 
0.0 1.3222526204822058 1.5809002980696834 
0.0 1.3219855740871111 1.5809492259170184 
0.0 1.3216855014658775 1.5808891176394353 
0.0 1.3214965347329144 1.5809006465565827 
0.0 1.3214655810205194 1.5809058887314071 
0.0 1.3216715853767433 1.5808487082106728 
0.0 1.3220470050799755 1.5808085593947085 
0.0 1.3219614497633594 1.580734531709026 
0.0 1.3219075083044205 1.580706565043723 
0.0 1.3216466414003512 1.5807421853356338 
0.0 1.3214557758488146 1.5807766655150006 
0.0 1.3211933076160944 1.5807879656620167 
0.0 1.3211231325649944 1.5807636811990429 
0.0 1.3213047205281527 1.580727414541447 
0.0 1.321193370687707 1.580686171241463 
0.0 1.321123387157433 1.5808092654515264 
0.0 1.3212060616275856 1.5809077451098363 
0.0 1.321182091059324 1.5808346437008285 
0.0 1.3209457268856495 1.5807519842447006 
0.0 1.320981238787849 1.580769706128121 
0.0 1.3211407674673463 1.5806414278372696 
0.0 1.3210363705004322 1.5806515735973599 
0.0 1.3207236073367987 1.5805902399592546 
0.0 1.3208153468429735 1.5806511223977038 
0.0 1.3207415227572654 1.580681334529173 
0.0 1.3208581600192841 1.5806471791595762 
0.0 1.3207469863121248 1.5806889223029124 
0.0 1.3204294067751021 1.5806098073448047 
0.0 1.320309503783742 1.5805777349459387 
0.0 1.3204791807346887 1.5807042311296877 
0.0 1.320362225785301 1.5805989347325138 
0.0 1.3204603607940075 1.5806125936786997 
0.0 1.3203459741115846 1.580576388289547 
0.0 1.3201600098833899 1.5805467403958025 
0.0 1.3204224827134636 1.5806317837217665 
0.0 1.3206875162895289 1.5806527496757516 
0.0 1.3205128574522407 1.580753870066578 
0.0 1.320339440100721 1.5807251602089605 
0.0 1.3202744346742037 1.5807414790475385 
0.0 1.320603547915186 1.5808041389355394 
0.0 1.320900118712541 1.5808460956133055 
0.0 1.3207996960367776 1.5807652127910208 
0.0 1.320617631937381 1.5807211893685347 
0.0 1.3203339949992592 1.5806618071731748 
0.0 1.320021321328404 1.5806170353655191 
0.0 1.319725801244467 1.58048648657182 
0.0 1.319737685532021 1.5804431070882736 
0.0 1.319647193442169 1.5803767809439675 
0.0 1.3193378075485214 1.5802706202663566 
0.0 1.319059637851665 1.580166708004792 
0.0 1.3188699117055498 1.5801653137658778 
0.0 1.3189610829743152 1.5802022185257327 
0.0 1.3192477390192403 1.580138778290718 
0.0 1.3192811307877144 1.5802087284795359 
0.0 1.3190528904004595 1.5801781098296965 
0.0 1.3187518746770501 1.5800915532393118 
0.0 1.3186048083763362 1.5800944735447784 
0.0 1.3183861261014433 1.5800263900495155 
0.0 1.3182104030478117 1.5801919801833992 
0.0 1.3186310557447103 1.5802475155175342 
0.0 1.3186703997758134 1.5802400515718957 
0.0 1.318516506692458 1.5802335206463076 
0.0 1.3183020115978092 1.580180299961733 
0.0 1.3180501400941362 1.580105294480679 
0.0 1.3178904392971293 1.5799934971220653 
0.0 1.3177896486203275 1.5798999983644992 
0.0 1.3175322286476512 1.5797837178152419 
0.0 1.317229849398834 1.5796701089608582 
0.0 1.3170868493891217 1.5795981065503697 
0.0 1.3172818738412746 1.5796598929293286 
0.0 1.3171786075080985 1.5796256601785303 
0.0 1.3169106220651454 1.5796008624622822 
0.0 1.3167335919667407 1.5795681264813501 
0.0 1.3165753594487566 1.5795440966364407 
0.0 1.3165032141866984 1.5796220488209218 
0.0 1.3162995191579232 1.5796003632699653 
0.0 1.3160040042716854 1.579536204745758 
0.0 1.3157012046815468 1.5794940649833777 
0.0 1.3154035173689296 1.5794317882610651 
0.0 1.3153203486376008 1.579436468399171 
0.0 1.3156200558989213 1.5794915139216814 
0.0 1.3159111951134925 1.5793997843172054 
0.0 1.3158463147737633 1.579401387321063 
0.0 1.3156942353869014 1.5793566439467155 
0.0 1.3154466713671786 1.5793414057253805 
0.0 1.3154629669649758 1.5793478483204957 
0.0 1.3155666732402922 1.5793794195705813 
0.0 1.31541877754093 1.579323701503196 
0.0 1.3153861749184497 1.5793333772599907 
0.0 1.3152246405393957 1.5792863732878704 
0.0 1.314956033086156 1.5792445834893947 
0.0 1.3148500057200292 1.5791652717369389 
0.0 1.3146509600185317 1.5791252441761774 
0.0 1.314419353782809 1.5791059607900222 
0.0 1.3145568018808036 1.5791147055625383 
0.0 1.3144537135478143 1.5790652767978697 
0.0 1.3144050142914285 1.5790168665664894 
0.0 1.3143289035088355 1.5790336659837112 
0.0 1.31429694411469 1.5791320611572617 
0.0 1.3144556315955553 1.579210539667201 
0.0 1.3146521868375212 1.5792795927839267 
0.0 1.3149484862130547 1.5792664422366975 
0.0 1.3152041952927187 1.5792931621736277 
0.0 1.3151038615304607 1.5792028451315137 
0.0 1.3148452354786533 1.5791716771242934 
0.0 1.3146404055614593 1.5791347079433637 
0.0 1.3144955152395281 1.579054319799333 
0.0 1.3142711455842169 1.578996128430617 
0.0 1.3140966375763103 1.578959435399212 
0.0 1.3139347065665783 1.578935575002759 
0.0 1.3139017162872253 1.5789808063367352 
0.0 1.313996838992177 1.5789788459748597 
0.0 1.3139977254683084 1.5789083820174308 
0.0 1.3142338519881729 1.578840342328459 
0.0 1.314553787385531 1.578896448851907 
0.0 1.3144261484186945 1.5788473315230762 
0.0 1.3141538479018653 1.5787908470308967 
0.0 1.3142117297972002 1.5788577808584263 
0.0 1.3141078583627974 1.578861451498688 
0.0 1.31389980802557 1.5788127162127066 
0.0 1.3136428677136736 1.5786728313959855 
0.0 1.3133701518747674 1.5786394786778943 
0.0 1.3132284663572076 1.5786318184018147 
0.0 1.3130822581319772 1.578542175499775 
0.0 1.3128486093779816 1.578500778250243 
0.0 1.312621832487697 1.5785032026305288 
0.0 1.3125458638477148 1.5784910608458156 
0.0 1.312345367457517 1.5784654465959473 
0.0 1.3122119557209089 1.5784283388504565 
0.0 1.3120356059199063 1.5783787073710571 
0.0 1.3118899559849138 1.5783722003602894 
0.0 1.3116798628557431 1.5783678318816128 
0.0 1.3115262754929256 1.578390344356674 
0.0 1.311347461878514 1.5783159958366695 
0.0 1.3111041887992383 1.5782441676828265 
0.0 1.3108628608273436 1.5781935708781825 
0.0 1.3106509860971989 1.578182018705942 
0.0 1.3105327075983317 1.578167989184881 
0.0 1.3103560539678312 1.5782375831799462 
0.0 1.3101936742161087 1.5782392766897388 
0.0 1.3099757671369638 1.5781900321264661 
0.0 1.3099154363456866 1.5782147280151868 
0.0 1.3099532128802753 1.578204408531509 
0.0 1.3101826660736895 1.5781246247350507 
0.0 1.310132363645284 1.5780695298126013 
0.0 1.309875879411267 1.5779846626231524 
0.0 1.3099218514674222 1.5779606534962363 
0.0 1.3101689400718917 1.5779634579192277 
0.0 1.3105573950077773 1.5780649782239986 
0.0 1.3109967895309198 1.5780412422194103 
0.0 1.310999720052705 1.5780379093902441 
0.0 1.3110057739025698 1.5779238306994965 
0.0 1.3110379161958838 1.5778929200279717 
0.0 1.31090508032814 1.577847695295093 
0.0 1.3109451826574836 1.5778462562868458 
0.0 1.3111197149026275 1.57780015909356 
0.0 1.311232924244224 1.5778066312948313 
0.0 1.311236280483683 1.577861650711333 
0.0 1.311075955177585 1.5777791640129877 
0.0 1.310853144923043 1.5776959728650026 
0.0 1.3106488034172663 1.5776691783099477 
0.0 1.3104437325550202 1.5776298007526326 
0.0 1.310478163059957 1.5776049429092507 
0.0 1.310342522616811 1.5775262647556259 
0.0 1.3104357650962613 1.5774596240573175 
0.0 1.3103609296189984 1.5773857544793946 
0.0 1.3103118526022883 1.5774015528127485 
0.0 1.3101613276704651 1.5773039348240883 
0.0 1.3099653753437754 1.577362671587477 
0.0 1.3098237924547764 1.5772678109317586 
0.0 1.3096875104233026 1.5771822244279274 
0.0 1.3095612650811623 1.5771655451113158 
0.0 1.3095070876051806 1.5771475324758166 
0.0 1.3095635855329848 1.5770318284351883 
0.0 1.3097483890319717 1.5769506808250013 
0.0 1.3098670379499087 1.5769839098630163 
0.0 1.3098544731491564 1.5769657437883386 
0.0 1.3096989672176855 1.5769020789748964 
0.0 1.309620487349648 1.576871838674511 
0.0 1.3095541967945485 1.5768024608983628 
0.0 1.3097750980643144 1.576813652118316 
0.0 1.3097066865238576 1.5767269542775793 
0.0 1.309478241700219 1.5766537256676585 
0.0 1.3095974465989417 1.5766347814425485 
0.0 1.3098197888557652 1.5766259458307916 
0.0 1.3099826805082937 1.5766758736000404 
0.0 1.3098612530113802 1.57670409800843 
0.0 1.3096250993369265 1.5766634182639403 
0.0 1.3094434234990002 1.576690455143443 
0.0 1.3093565920978825 1.5767310584414933 
0.0 1.3094634875676816 1.5768192036456226 
0.0 1.3095109117861863 1.5768630298954276 
0.0 1.3095594722963422 1.5769547939264654 
0.0 1.309860979152814 1.5770163545126887 
0.0 1.3103777303185795 1.5770401807388852 
0.0 1.3106214524073019 1.5769725529631737 
0.0 1.3106469622426467 1.5768773890052383 
0.0 1.310805250236076 1.5768133041442862 
0.0 1.3109165793176516 1.5767493390030525 
0.0 1.3108115634132753 1.5766740544905489 
0.0 1.3105816472477578 1.5766469034907076 
0.0 1.3103485818378031 1.5765782811461828 
0.0 1.3102002676406153 1.5766089886040442 
0.0 1.3104052042551457 1.5765806229742512 
0.0 1.310351445559436 1.576525228465938 
0.0 1.3101665203906998 1.5764659174826365 
0.0 1.310118397391432 1.5764226938770638 
0.0 1.3100117502568895 1.576307341204204 
0.0 1.3098248898682094 1.5762292241078169 
0.0 1.3098883465482938 1.576176552640404 
0.0 1.309768276740468 1.576110675132145 
0.0 1.3096551595351542 1.5760578480467426 
0.0 1.3096390337137276 1.576087238719857 
0.0 1.3095860353931643 1.5760178951992996 
0.0 1.3094170604063664 1.57603076453505 
0.0 1.3092004432111999 1.576005847960787 
0.0 1.3090867526770986 1.5759479795583133 
0.0 1.308933883291309 1.5759126436927846 
0.0 1.3088316667252848 1.5758851760556418 
0.0 1.3091527810656873 1.575863815423847 
0.0 1.309310099408198 1.5758741382104056 
0.0 1.3091949939332719 1.5758767488533385 
0.0 1.3089734691086357 1.575778903751942 
0.0 1.3087406975251812 1.5757783240646526 
0.0 1.3085627409668552 1.575772975253185 
0.0 1.3085325265892427 1.5757480124422882 
0.0 1.3084044260484722 1.5756562294603798 
0.0 1.3084833237870017 1.575706884006152 
0.0 1.3087041741803176 1.5757037343774902 
0.0 1.3086620929248962 1.5756658104881276 
0.0 1.3084654782141394 1.575643806121112 
0.0 1.3083109980994074 1.5756067657024024 
0.0 1.3085007402967823 1.5755715845274931 
0.0 1.308509037339056 1.5755452853221132 
0.0 1.30844824622624 1.5755628694293882 
0.0 1.3087186655303662 1.5756282557485455 
0.0 1.308674726563775 1.5755607365614404 
0.0 1.3084859187125801 1.5755092364265941 
0.0 1.308362687579695 1.5754559537385524 
0.0 1.3084696000601186 1.575398149653521 
0.0 1.3087919264819723 1.5754256391847548 
0.0 1.30889866330217 1.5754097056680734 
0.0 1.308753165133675 1.5753191715120622 
0.0 1.3085407396438617 1.5752934102939653 
0.0 1.308406604959943 1.5752119326014262 
0.0 1.3083935999245275 1.575176356447296 
0.0 1.308294994976918 1.5751944098309894 
0.0 1.3082504417239944 1.5751812770927405 
0.0 1.308536799885559 1.575187675752297 
0.0 1.3085758908114913 1.5751774734865602 
0.0 1.3084033687515026 1.5750944705015055 
0.0 1.3084082367495053 1.5750736581670506 
0.0 1.3083249867998166 1.5750567199317582 
0.0 1.3082332976221023 1.574983572569138 
0.0 1.3084247362156303 1.5749988705229203 
0.0 1.308516332044641 1.5750059564272099 
0.0 1.3084756917793994 1.5749486501065666 
0.0 1.308593706125518 1.5749832622485669 
0.0 1.3087356831259522 1.5749530718624176 
0.0 1.3088159608052417 1.5750292421725094 
0.0 1.3087180138561136 1.5749964003147903 
0.0 1.3089587987037004 1.5750793558564957 
0.0 1.3089559774149333 1.5750770690208682 
0.0 1.3087643508257603 1.575093245578325 
0.0 1.3087991347497687 1.5751187854449324 
0.0 1.3089336608856774 1.5751205974159463 
0.0 1.309067449668672 1.5751642198547733 
0.0 1.3089636056611618 1.5751574059799711 
0.0 1.3087784892893919 1.5750743473733766 
0.0 1.308568903797806 1.5750312751118911 
0.0 1.3085241967453698 1.575070467446111 
0.0 1.3084804768741238 1.5750944009884948 
0.0 1.3083276599598128 1.5750884229828555 
0.0 1.3081407422292461 1.575102618064881 
0.0 1.3080253180116577 1.5750230931457567 
0.0 1.3081807966902173 1.5750146432258187 
0.0 1.3082066734882947 1.5749979764701936 
0.0 1.308080891468254 1.5749258594349458 
0.0 1.3079247466241577 1.5748945218163808 
0.0 1.307734962370606 1.574854635217749 
0.0 1.3075382236619266 1.5748208366958663 
0.0 1.3074529552495102 1.574743000193795 
0.0 1.3075224121494609 1.5747604129245132 
0.0 1.3076883147621539 1.5748194002282385 
0.0 1.3078405946304639 1.5748963486790168 
0.0 1.3077404266073906 1.5748935324645497 
0.0 1.3076766502611057 1.5748521275310288 
0.0 1.307815187372233 1.5748107266749987 
0.0 1.307786544940087 1.5747390547673146 
0.0 1.3076271498362995 1.5746981649447487 
0.0 1.3077251621395942 1.5747880244041312 
0.0 1.307897832415541 1.5748398465872149 
0.0 1.3078202856807395 1.574854747436695 
0.0 1.3076933215337905 1.5747827871689055 
0.0 1.307707551823355 1.5747894186158533 
0.0 1.3076186212888865 1.5747341721114272 
0.0 1.3074475016908484 1.5747086110838993 
0.0 1.3072827551903325 1.5746692497789478 
0.0 1.307092743686158 1.5746408448760871 
0.0 1.3070700116112794 1.5746600619260136 
0.0 1.3069591574357766 1.5746233036980448 
0.0 1.3068335511435358 1.5745777811009654 
0.0 1.3070526730397136 1.5745365039631745 
0.0 1.3071836867396667 1.574559556342017 
0.0 1.307535184248854 1.5746787114343213 
0.0 1.3075670224801417 1.5746429394268835 
0.0 1.3074925935480322 1.5746166595480822 
0.0 1.3073827659167827 1.5745820910082629 
0.0 1.3072190780081372 1.5745207005404827 
0.0 1.307156232844755 1.5744863510887348 
0.0 1.3073377325154383 1.574511843838243 
0.0 1.3075409626133625 1.5745785281530775 
0.0 1.307810068529024 1.5746265705829168 
0.0 1.30814152637428 1.5746391322993565 
0.0 1.3081353452820197 1.5745775910308388 
0.0 1.3080343279466928 1.5745664505373018 
0.0 1.307881212622503 1.574487968344322 
0.0 1.307695273308863 1.574473371799199 
0.0 1.3077368791810158 1.5745035504176996 
0.0 1.3076714248642671 1.5744772613403242 
0.0 1.3076545121376502 1.5744141122852833 
0.0 1.3077931017642948 1.5744463476899069 
0.0 1.307747579274454 1.5744497868775622 
0.0 1.3077247903530753 1.5744185822936252 
0.0 1.3076394210995166 1.5743329642795814 
0.0 1.307669569527078 1.5744507273517467 
0.0 1.3075534931869126 1.5743660258533834 
0.0 1.307673488021569 1.5744276750139243 
0.0 1.3076592563918468 1.5744238713815923 
0.0 1.3075438121199863 1.5743829788729777 
0.0 1.3073976711051833 1.5743221118247368 
0.0 1.3073681195910876 1.574375470217634 
0.0 1.3073909520926896 1.5742971175951144 
0.0 1.3074815586563995 1.5742919229202132 
0.0 1.3074407346755967 1.5743100577661326 
0.0 1.3074762105771462 1.5743584948742975 
0.0 1.307593998666041 1.5743775569360428 
0.0 1.307569441930186 1.5744013180301353 
0.0 1.3075324444943885 1.5743401752616437 
0.0 1.3074937879308413 1.5743669898455919 
0.0 1.3077215184265054 1.5744227247221474 
0.0 1.3077045482125635 1.5743839820447543 
0.0 1.3075501132465919 1.5743583589244383 
0.0 1.3073784669497133 1.574311955822692 
0.0 1.3072724705956074 1.5743478103561088 
0.0 1.3072635606552874 1.5743727401239684 
0.0 1.3072260313920592 1.5743898301963726 
0.0 1.307079077541581 1.5743121449790087 
0.0 1.3069380656709817 1.574336235732422 
0.0 1.3071288005630064 1.5743481236430084 
0.0 1.3071110279873925 1.5743344813866436 
0.0 1.3070673071732806 1.5743041017191344 
0.0 1.3071497248089092 1.5743345880137292 
0.0 1.3070589884926183 1.5743297872230526 
0.0 1.3068925165919998 1.5742767566069125 
0.0 1.306926100694411 1.5743028555067389 
0.0 1.306896385952559 1.5742500775464572 
0.0 1.3068263968734244 1.5742322088658316 
0.0 1.3067263198820238 1.5741884124643115 
0.0 1.306552194493083 1.5741627444438426 
0.0 1.3064696353766976 1.5742351218060047 
0.0 1.3065271135122405 1.574267449332436 
0.0 1.3064487617397476 1.5741979720903765 
0.0 1.3063522264389338 1.5741680573735999 
0.0 1.306267023918936 1.5741034454847367 
0.0 1.3062984124776853 1.5741047708635607 
0.0 1.3063239579071753 1.574186145184717 
0.0 1.3063629843861435 1.5741371543643772 
0.0 1.3064689277550534 1.5741499088198294 
0.0 1.3064103089228345 1.574093056627755 
0.0 1.306246784023639 1.5740325649179652 
0.0 1.3060850869302807 1.5739912887140433 
0.0 1.3060623790638948 1.573930802819573 
0.0 1.305977674573026 1.573879617827878 
0.0 1.3059547108953216 1.573868699251952 
0.0 1.3061969166308978 1.5739009935727983 
0.0 1.3063120385778797 1.5739063231441301 
0.0 1.3062052997607716 1.5738979434357578 
0.0 1.306044128492017 1.5738694553034893 
0.0 1.3058824393065716 1.5738337358329213 
0.0 1.3057134234907712 1.573763186127252 
0.0 1.3056449577687779 1.5738304443031947 
0.0 1.3056518105460828 1.5738300216341568 
0.0 1.3057437856668679 1.5738285463081616 
0.0 1.305667590160312 1.5737753377151695 
0.0 1.3055692281751041 1.5737110791883524 
0.0 1.305434930062562 1.5736652556731865 
0.0 1.305442743121385 1.5736754393850074 
0.0 1.3055645848212614 1.5736289664538685 
0.0 1.3056607305819468 1.5735731872845555 
0.0 1.3055684022358116 1.573534098225964 
0.0 1.3053892463029169 1.5734773454346302 
0.0 1.3053118820738918 1.5734750501386534 
0.0 1.305199278099706 1.5734695561782548 
0.0 1.3050890329364773 1.5733883519745413 
0.0 1.3049597251905596 1.5733720712904828 
0.0 1.3048773247999952 1.5733627617305184 
0.0 1.3047226076676357 1.5733288982810536 
0.0 1.3047657031578122 1.5732550566813854 
0.0 1.305011308664449 1.5732738338195236 
0.0 1.305199917894052 1.5733014628463866 
0.0 1.3051489888644139 1.5733202948059886 
0.0 1.3050372331474267 1.573301700965291 
0.0 1.3051518407858635 1.573408177813061 
0.0 1.3053468538974449 1.5735151536447516 
0.0 1.3053231140238284 1.5734750535946078 
0.0 1.305151977255195 1.5734150305841355 
0.0 1.30499334377138 1.5733464861026003 
0.0 1.3049425194045237 1.573350652988955 
0.0 1.3049602740148634 1.5733342926742293 
0.0 1.3051537928519348 1.5733360919149848 
0.0 1.3051525310941705 1.573331468079687 
0.0 1.3052363638614983 1.573350245058291 
0.0 1.3051873381553016 1.5733109624807824 
0.0 1.305110414673672 1.573338682856841 
0.0 1.3051130480620106 1.573329596191972 
0.0 1.3050219695034422 1.5732952891978673 
0.0 1.3048655401513238 1.5732794362426596 
0.0 1.3047124660017169 1.5732046743101082 
0.0 1.3048902905419033 1.5732332604329018 
0.0 1.3048994396480968 1.5732135705360364 
0.0 1.3047665488787585 1.5731242686994735 
0.0 1.3046721647417199 1.5731342736982636 
0.0 1.3045270883088014 1.57308694266082 
0.0 1.304440496667277 1.5730690831383871 
0.0 1.304460685196302 1.5730704154605375 
0.0 1.3045607742776095 1.5731815450682083 
0.0 1.3047773451849232 1.5731171707591889 
0.0 1.3047350101299346 1.5730987411386743 
0.0 1.304588327896322 1.5730629796676658 
0.0 1.3044930685309346 1.5730244778414681 
0.0 1.3043577918043163 1.5729576518370205 
0.0 1.3045555232669988 1.5729814697683677 
0.0 1.3047389819119704 1.572958135229674 
0.0 1.3047398120850802 1.5728697877032713 
0.0 1.3046020533270448 1.572781694897464 
0.0 1.3045240967741172 1.5727413146271547 
0.0 1.3044126548436277 1.5727003113517073 
0.0 1.304264574655332 1.5727064822280419 
0.0 1.3042188989828414 1.5727015364737897 
0.0 1.3041038084761547 1.5726748016254906 
0.0 1.3039776053639023 1.5726611495116234 
0.0 1.3038337365781874 1.572692474378412 
0.0 1.3037538160321342 1.572710274994626 
0.0 1.3036415705285658 1.572704371522697 
0.0 1.3035035331757636 1.5726952697670695 
0.0 1.3034059696968272 1.572713708948999 
0.0 1.3033716618930633 1.5726969113666114 
0.0 1.303270454480699 1.5726851701036202 
0.0 1.3031507625780911 1.5726375502073142 
0.0 1.3030401848581368 1.5725924326571612 
0.0 1.3028950232963545 1.5725438327223937 
0.0 1.3027762782404155 1.572555240752729 
0.0 1.3027280570544455 1.572608396889942 
0.0 1.302654574647179 1.5726038802076068 
0.0 1.3026322054521424 1.5725609146895914 
0.0 1.3026511706245507 1.5724983135886559 
0.0 1.3027123426247114 1.5724734375657292 
0.0 1.3026408780681356 1.572410849066674 
0.0 1.3025576091053037 1.5723533543023138 
0.0 1.3024332979653361 1.5722982173718527 
0.0 1.3022935229542412 1.572260110073544 
0.0 1.3022763016412755 1.5723025082104005 
0.0 1.3022159127784472 1.5722800113708226 
0.0 1.3021550220834803 1.572266380440715 
0.0 1.3021116107094266 1.5722810896832544 
0.0 1.3021738717313216 1.5723531742147592 
0.0 1.3021345094865209 1.5723364502276675 
0.0 1.3020036199663707 1.5723090458842228 
0.0 1.3018858568568956 1.5722673870176596 
0.0 1.3019156858183711 1.5722026537546023 
0.0 1.301851374764939 1.5722025442591858 
0.0 1.3018253511737081 1.5722135379185116 
0.0 1.3017337825289745 1.5721974691676084 
0.0 1.3019275946444275 1.5721715072638198 
0.0 1.302192723401968 1.5722467300758625 
0.0 1.3022666091770654 1.5722601585241844 
0.0 1.3022747959258436 1.5722761723119025 
0.0 1.3021969033438745 1.5722519042200167 
0.0 1.302033444574797 1.5722169814211464 
0.0 1.301928545278439 1.5721833940803898 
0.0 1.3018014282673556 1.5721571557667438 
0.0 1.3016506637817742 1.5721331526614502 
0.0 1.3015576214733722 1.5721046352417116 
0.0 1.3014381314121115 1.5720754659683402 
0.0 1.301342390649157 1.572067509327753 
0.0 1.3012714038009874 1.5720383179795365 
0.0 1.3011474900630953 1.5719665648930081 
0.0 1.3011758352179585 1.571960789102658 
0.0 1.3014150939140865 1.5720383704564784 
0.0 1.3015897293853915 1.5720617853345469 
0.0 1.3017106132656286 1.5720603371266324 
0.0 1.3016855655364041 1.5720469273321993 
0.0 1.301549323584961 1.57201232312566 
0.0 1.3016315918504007 1.5720158209696442 
0.0 1.301613050048523 1.5719638411433179 
0.0 1.3014701281895904 1.5719276341328698 
0.0 1.3013334069987375 1.5719246479713633 
0.0 1.3013432739765343 1.5719562779737697 
0.0 1.301382035164073 1.572035877884935 
0.0 1.3013142756049842 1.5720404251546385 
0.0 1.3011705273757126 1.5720088116588096 
0.0 1.3010521277562601 1.5719853970725488 
0.0 1.3009265142483737 1.5719427568009134 
0.0 1.3007954823114396 1.5719073766136908 
0.0 1.3007205672391746 1.5718793171929029 
0.0 1.3008121367682408 1.571890441140837 
0.0 1.300776520857241 1.5718872777402317 
0.0 1.3007213988434836 1.571907574499727 
0.0 1.3006103278817107 1.5718734948081656 
0.0 1.3005275123411582 1.5718394195600198 
0.0 1.3004220622528675 1.571798979377411 
0.0 1.3002943844887709 1.571742853528852 
0.0 1.3001510515327643 1.5717122686710334 
0.0 1.3000032042174139 1.5716698781961636 
0.0 1.2998976225677041 1.571663701698264 
0.0 1.2997732278270313 1.571657685620901 
0.0 1.2997574232196774 1.5716462423597704 
0.0 1.2996966770660114 1.5715705704364535 
0.0 1.2998184470760168 1.5715122485778086 
0.0 1.2998930463745801 1.5715640365168382 
0.0 1.2998259684207132 1.5715322936850125 
0.0 1.2997030367141365 1.5714817563481507 
0.0 1.2995642204516018 1.5714194912242678 
0.0 1.2994191338734948 1.5714105359243271 
0.0 1.2994344108648057 1.5713970609594747 
0.0 1.2993740208797158 1.5713937372179754 
0.0 1.2992370690956965 1.5714231147074589 
0.0 1.299120768617977 1.5713813911135635 
0.0 1.2991254245339299 1.5713803273036153 
0.0 1.2990417199920758 1.571357284081305 
0.0 1.2989148110805164 1.571308295686056 
0.0 1.2988339831177445 1.5712790465907123 
0.0 1.2989973174468572 1.5712663688838897 
0.0 1.299127233465762 1.5713174710080713 
0.0 1.2990529027599156 1.5713044657516684 
0.0 1.2989393433574865 1.571271550008987 
0.0 1.298843555882622 1.571287884531376 
0.0 1.2987597762099474 1.5712708262323296 
0.0 1.2986505623657547 1.571253368734265 
0.0 1.2985262744989758 1.5712333546405108 
0.0 1.2986252523004247 1.5712601798498962 
0.0 1.29875976499599 1.5712118997456246 
0.0 1.2987742806330926 1.5711886057407618 
0.0 1.2986960850553164 1.57113937555585 
0.0 1.2986264534599765 1.5711469490058043 
0.0 1.298724036534726 1.5712074493078039 
0.0 1.2986991012027707 1.5711480944456555 
0.0 1.298561024507577 1.571093717468773 
0.0 1.2984694757904829 1.5710694322181014 
0.0 1.298369557873844 1.571077597473619 
0.0 1.2984121524492742 1.5711440805500936 
0.0 1.298384661150663 1.5711175701213467 
0.0 1.298275053649914 1.5710890529780481 
0.0 1.298188224008103 1.5710507706214623 
0.0 1.2980756596061673 1.5710398390408926 
0.0 1.2980893419046955 1.5710372664219783 
0.0 1.298043887714066 1.5710257557901248 
0.0 1.297964747216926 1.571062468269367 
0.0 1.2979508161354005 1.571103516964169 
0.0 1.2979250914557872 1.571061302780559 
0.0 1.2978839409190304 1.5710056194012114 
0.0 1.297884227971093 1.5709817077060184 
0.0 1.2979128920554028 1.5709912027901725 
0.0 1.2979653735659131 1.570996236718353 
0.0 1.2980331523700999 1.5709593355888767 
0.0 1.2980350711476678 1.570948524343523 
0.0 1.297947612331577 1.5709097112597437 
0.0 1.297935953299892 1.5709016619217597 
0.0 1.2979666641052996 1.5709664293835859 
0.0 1.2979297385429964 1.5710079124891085 
0.0 1.2978562013918442 1.5709929167329206 
0.0 1.2978300122157638 1.5709977035934297 
0.0 1.297870135524696 1.570968847584295 
0.0 1.297806474817544 1.57099813230758 
0.0 1.297784453799773 1.5709901494361844 
0.0 1.297732368861124 1.5709941418834092 
0.0 1.2976079247568837 1.5709408963118017 
0.0 1.2975852688934253 1.5708908972150595 
0.0 1.297610263734368 1.5708586247350755 
0.0 1.2975885200466166 1.570887952516226 
0.0 1.2976783410506496 1.570933143843495 
0.0 1.2976529426599934 1.570890939942357 
0.0 1.297589559488442 1.5709235908588424 
0.0 1.2974926941825025 1.5708566557017445 
0.0 1.297463717620489 1.5708349607474077 
0.0 1.2974953770821505 1.5708378335748476 
0.0 1.2975399967501506 1.5708315965214263 
0.0 1.2974657605909516 1.570800815501392 
0.0 1.2973436623052987 1.5707749307279397 
0.0 1.2972301505564827 1.5707319695023116 
0.0 1.2971236646218627 1.5707172930964612 
0.0 1.2970097069928463 1.5706695296748565 
0.0 1.2968726981167291 1.570634771925088 
0.0 1.2967535060302282 1.5706001594092203 
0.0 1.2966264461197656 1.5705621171158706 
0.0 1.2965550189266812 1.5704892304020075 
0.0 1.2965760171755012 1.5705104797595562 
0.0 1.2965737263553951 1.5705227772576529 
0.0 1.296544489549271 1.5705468239319416 
0.0 1.2965464833624416 1.5705285857809514 
0.0 1.2964668444285554 1.5704923562878887 
0.0 1.2963882395367219 1.5704436193072133 
0.0 1.2963400117585815 1.570468929680847 
0.0 1.2962656515613864 1.5705030529036614 
0.0 1.2961455329002292 1.5704703744186943 
0.0 1.2960281183302689 1.5704841274679275 
0.0 1.295899606958866 1.570408348565168 
0.0 1.2959637322962363 1.5704253999082374 
0.0 1.2959443479517518 1.5704120005526794 
0.0 1.2958169949367697 1.5703876261669862 
0.0 1.2957061820152562 1.5703432332696976 
0.0 1.2955984395219668 1.5703278765378563 
0.0 1.2954974947993256 1.5703209671688954 
0.0 1.295403733712266 1.5703194356272028 
0.0 1.2952888363744088 1.5703026662041335 
0.0 1.295176342944919 1.570309274687086 
0.0 1.2951818841248472 1.5702789483353108 
0.0 1.2951738571237483 1.5702730359231976 
0.0 1.2951937083436553 1.5702492289494154 
0.0 1.2953132516538 1.5702802087133143 
0.0 1.2952883918410378 1.5702971999904967 
0.0 1.295232609264607 1.5703539460070295 
0.0 1.2951496517115642 1.5703019311924047 
0.0 1.2950302853411706 1.5703078249589368 
0.0 1.294990234603409 1.5702776373143827 
0.0 1.2949740685022653 1.570243688729207 
0.0 1.2949353206276688 1.570231861217217 
0.0 1.2948693193548362 1.5702365914115712 
0.0 1.294767213956143 1.5701768055508376 
0.0 1.2947507280788213 1.5701614880677304 
0.0 1.2947403179306423 1.5701420395115702 
0.0 1.2946829505289708 1.5700892211901278 
0.0 1.2945770136575279 1.570053354871006 
0.0 1.2945205950940015 1.5700947320043268 
0.0 1.2945485528586245 1.5701169220329172 
0.0 1.2944764189857818 1.570089838495032 
0.0 1.2943811441019337 1.5700940109188923 
0.0 1.294276594363315 1.570005220076759 
0.0 1.2941543277165546 1.569974359552544 
0.0 1.2940793617313826 1.569982674208528 
0.0 1.2941732232007832 1.5699710546610153 
0.0 1.2941679214863528 1.5699366329711038 
0.0 1.2940744757395142 1.569908041174127 
0.0 1.2939927304114196 1.569864989409659 
0.0 1.2940982491313588 1.569909734053564 
0.0 1.2941750998629933 1.569955926349583 
0.0 1.2941834295872687 1.56998775935646 
0.0 1.2941058813867323 1.5700107872923594 
0.0 1.2940487699789018 1.5699855961070626 
0.0 1.2941354984178466 1.5699621119723477 
0.0 1.2941943767221298 1.5699792117303466 
0.0 1.2941196979792193 1.5699684844736144 
0.0 1.2940187894206918 1.5699671962617323 
0.0 1.293898699448291 1.5699638187153635 
0.0 1.2937771877494595 1.5699867725767993 
0.0 1.2936954750428724 1.5700145655878808 
0.0 1.2937088892518582 1.5700294529953873 
0.0 1.2937788752616857 1.5700314689875934 
